0,1,737,74,752,89
1,1,737,78,752,93
2,1,737,80,752,95
3,1,735,83,752,100
4,1,732,83,752,103
5,1,731,87,751,107
6,1,725,93,748,112
7,1,725,91,748,110
8,1,721,93,744,112
9,1,721,94,743,112
10,1,718,90,740,108
11,1,717,89,741,108
12,1,714,86,737,105
13,1,714,82,738,102
14,1,711,81,735,101
15,1,711,75,734,94
16,1,707,72,732,89
17,1,707,70,731,87
18,1,705,65,730,82
19,1,705,62,729,79
20,1,705,62,729,79
21,1,702,53,727,72
22,1,701,52,726,71
23,1,700,48,725,67
24,1,700,43,725,62
25,1,700,43,725,62
26,1,695,37,725,60
27,1,697,32,725,49
28,1,697,29,725,46
29,1,697,26,725,43
30,1,697,22,725,39
31,1,696,20,724,37
32,1,697,15,727,33
33,1,697,11,727,29
34,1,699,7,728,25
35,1,700,7,726,23
36,1,700,3,729,20
37,1,702,0,729,17
38,1,703,0,730,17
39,1,703,-4,731,13
40,1,703,-4,731,13
41,1,706,-6,732,10
42,1,708,-8,733,7
43,1,708,-7,733,8
44,1,709,-7,734,8
45,1,709,-7,734,8
46,1,712,-6,735,8
47,1,713,-8,737,7
48,1,713,-8,737,7
53,1,305,254,329,268
54,1,305,253,330,268
55,1,308,255,332,269
56,1,305,252,331,267
57,1,308,254,331,268
58,1,309,254,332,268
59,1,309,249,332,263
60,1,310,251,333,265
61,1,310,251,334,266
62,1,309,248,332,262
63,1,314,248,339,264
64,1,316,247,340,262
65,1,316,242,335,259
66,1,318,240,341,258
67,1,318,236,340,253
68,1,319,234,339,251
69,1,320,232,338,250
70,1,322,230,343,246
71,1,325,226,346,246
72,1,326,227,347,240
73,1,328,221,347,240
74,1,329,219,351,236
75,1,331,216,352,232
76,1,334,211,355,232
77,1,335,209,356,224
78,1,337,206,361,222
79,1,335,200,358,217
80,1,340,201,361,215
81,1,343,195,364,211
82,1,344,191,366,208
83,1,345,188,368,207
84,1,345,185,370,203
85,1,346,181,371,202
86,1,348,176,374,199
87,1,350,173,376,193
88,1,351,171,377,192
89,1,352,168,378,187
90,1,354,166,380,185
91,1,357,160,383,177
92,1,364,156,380,176
93,1,366,155,383,172
94,1,369,149,385,165
95,1,371,147,388,164
96,1,373,143,390,160
97,1,376,137,393,154
98,1,378,135,395,152
99,1,381,131,398,148
100,1,382,127,401,146
101,1,386,125,403,142
102,1,389,117,406,134
103,1,391,116,409,134
104,1,393,114,409,130
105,1,396,107,412,123
106,1,399,107,415,123
107,1,402,104,418,120
108,1,405,98,422,115
109,1,408,97,425,114
110,1,411,93,428,110
111,1,414,88,432,106
112,1,418,87,436,105
113,1,421,79,439,97
114,1,425,73,443,91
115,1,429,71,447,89
116,1,433,63,451,81
117,1,438,58,455,75
118,1,442,54,459,71
119,1,445,44,463,62
120,1,449,39,467,57
121,1,452,32,471,51
122,1,457,21,475,39
123,1,461,18,479,36
124,1,465,7,483,25
176,1,734,136,752,152
177,1,731,136,752,156
178,1,731,142,751,156
179,1,730,137,747,155
180,1,727,137,746,155
181,1,726,137,744,154
182,1,722,136,741,149
183,1,720,135,738,151
184,1,716,132,737,145
185,1,715,131,733,147
186,1,707,135,731,148
187,1,705,126,730,141
188,1,703,127,728,142
189,1,700,128,725,143
190,1,697,124,722,139
191,1,695,128,719,143
192,1,693,128,717,142
193,1,690,124,714,139
194,1,688,128,712,142
195,1,686,128,710,143
196,1,685,128,709,143
197,1,678,132,706,149
198,1,678,131,706,148
199,1,680,131,705,146
200,1,681,135,705,150
201,1,672,135,698,151
202,1,671,136,698,153
203,1,667,140,698,156
204,1,667,139,698,155
205,1,665,143,695,158
206,1,663,144,696,161
207,1,662,145,693,161
208,1,660,146,694,163
209,1,658,147,694,165
210,1,657,153,687,169
211,1,658,154,683,169
212,1,648,154,680,172
213,1,653,157,680,174
214,1,654,157,680,173
215,1,654,159,680,175
216,1,653,158,676,177
217,1,652,160,674,178
218,1,653,160,678,181
219,1,649,162,671,180
220,1,649,165,673,185
221,1,636,168,654,186
222,1,636,165,661,185
223,1,639,172,665,193
224,1,637,171,665,195
225,1,635,174,663,193
226,1,634,176,662,199
227,1,632,178,660,199
228,1,630,180,658,203
229,1,628,189,656,208
230,1,626,190,654,212
231,1,624,195,652,215
232,1,623,199,651,217
233,1,621,199,649,220
234,1,618,202,646,224
235,1,616,207,644,227
236,1,615,206,643,227
237,1,614,211,642,231
238,1,613,215,641,234
239,1,611,214,639,233
240,1,610,218,638,234
241,1,609,220,637,240
242,1,601,223,634,244
243,1,600,224,632,244
244,1,600,228,629,244
245,1,599,231,628,248
246,1,597,233,625,250
247,1,595,235,624,252
248,1,593,238,622,255
249,1,591,242,620,259
250,1,589,244,618,261
251,1,586,249,615,266
252,1,585,255,614,272
253,1,581,254,611,271
254,1,579,258,609,276
255,1,577,266,607,283
256,1,575,267,604,284
257,1,572,271,601,288
258,1,571,275,600,292
259,1,568,274,596,291
260,1,567,280,596,297
261,1,564,281,593,298
262,1,563,279,593,296
263,1,561,282,591,299
264,1,560,282,590,299
265,1,558,283,585,301
266,1,557,285,584,303
267,1,555,287,581,304
268,1,554,287,580,304
269,1,553,285,579,302
270,1,552,288,579,306
271,1,551,288,576,305
272,1,550,287,576,305
273,1,549,290,575,307
274,1,547,289,574,307
275,1,547,289,574,307
276,1,545,290,572,308
277,1,545,290,571,307
278,1,543,290,570,308
279,1,543,291,570,309
280,1,541,291,567,309
281,1,542,294,568,311
282,1,540,294,566,312
283,1,540,295,564,311
284,1,539,297,563,313
285,1,539,296,564,313
286,1,537,299,560,315
287,1,537,300,560,316
288,1,535,300,558,315
289,1,534,302,557,317
290,1,533,302,557,318
291,1,531,304,556,320
292,1,530,304,558,320
293,1,528,304,556,320
294,1,527,306,556,323
295,1,525,305,555,322
296,1,524,304,555,322
297,1,522,308,553,326
298,1,521,308,551,325
299,1,518,309,548,326
300,1,518,312,547,328
301,1,515,312,544,329
302,1,513,313,542,330
303,1,511,317,540,333
304,1,508,317,538,334
305,1,505,318,535,335
306,1,502,320,533,338
307,1,498,320,529,338
308,1,496,322,528,340
309,1,493,322,524,340
310,1,490,322,522,340
311,1,487,323,519,341
312,1,485,322,517,340
313,1,483,326,515,344
314,1,480,326,513,345
315,1,478,328,511,347
316,1,476,332,509,351
317,1,474,332,507,351
318,1,472,336,505,355
319,1,469,341,501,359
320,1,467,342,499,360
321,1,465,347,496,364
322,1,464,349,496,367
323,1,462,352,494,370
324,1,462,358,493,375
325,1,461,358,492,375
326,1,460,360,489,376
327,1,460,363,489,383
328,1,460,365,488,384
329,1,459,365,487,384
330,1,458,368,485,387
331,1,456,369,484,388
332,1,455,368,482,387
333,1,454,371,481,389
334,1,451,369,479,389
335,1,451,370,478,388
336,1,448,370,476,389
337,1,446,368,474,388
338,1,446,368,474,387
339,1,443,369,472,389
340,1,438,366,470,385
341,1,436,364,465,385
342,1,434,363,463,384
343,1,433,362,460,382
344,1,426,362,459,382
345,1,426,360,459,378
346,1,424,358,454,377
347,1,421,357,451,376
348,1,418,352,448,371
349,1,416,349,446,368
350,1,413,346,443,365
351,1,410,343,440,362
352,1,407,340,437,359
353,1,405,337,435,356
354,1,405,337,435,356
355,1,400,333,430,352
356,1,397,329,428,348
357,1,395,328,426,348
358,1,393,329,424,348
359,1,391,330,421,349
360,1,389,331,419,350
361,1,388,334,418,353
362,1,377,333,413,352
363,1,381,337,410,357
364,1,380,338,409,357
365,1,379,338,407,357
366,1,377,344,406,363
367,1,375,343,404,362
368,1,370,342,400,362
369,1,368,346,398,366
370,1,367,344,397,364
371,1,363,346,395,367
372,1,363,347,394,368
373,1,362,345,392,365
374,1,360,347,391,368
375,1,359,347,390,368
376,1,356,345,387,365
377,1,355,347,387,368
378,1,354,346,385,367
379,1,352,346,384,368
380,1,351,348,383,369
381,1,349,346,381,368
382,1,349,347,381,368
383,1,348,346,380,367
384,1,347,346,378,367
385,1,345,347,378,369
386,1,344,346,377,368
387,1,343,346,376,368
388,1,342,346,375,368
389,1,341,345,375,368
390,1,341,346,374,368
391,1,342,344,373,365
392,1,341,344,372,365
393,1,341,345,371,365
394,1,341,345,371,365
395,1,337,344,372,365
396,1,337,342,372,363
397,1,336,341,372,362
398,1,337,344,371,364
399,1,336,342,369,362
400,1,337,343,370,363
401,1,337,344,369,363
402,1,335,340,371,362
403,1,335,342,370,363
404,1,336,342,371,363
405,1,338,342,370,361
406,1,339,345,370,363
407,1,340,344,370,362
408,1,340,343,370,361
409,1,341,344,371,362
410,1,338,343,370,362
411,1,338,342,372,362
412,1,339,344,372,364
413,1,339,347,371,366
414,1,338,346,370,365
415,1,338,347,369,366
416,1,339,348,369,366
417,1,337,348,368,367
418,1,337,350,366,367
419,1,337,351,366,368
420,1,335,348,367,367
421,1,334,350,367,370
422,1,335,353,364,371
423,1,333,353,364,372
424,1,333,355,365,374
425,1,333,359,361,376
426,1,333,361,361,378
427,1,332,365,360,382
428,1,331,366,359,383
429,1,330,367,360,385
430,1,330,371,358,388
431,1,330,372,358,389
432,1,329,375,358,392
433,1,329,376,357,393
434,1,329,376,357,393
435,1,329,376,357,393
436,1,329,376,357,393
437,1,327,380,354,396
438,1,327,385,355,402
439,1,327,385,355,402
440,1,327,385,359,403
441,1,327,389,358,407
442,1,328,388,359,406
443,1,328,391,358,408
444,1,328,391,358,408
445,1,332,390,361,408
446,1,332,393,361,411
447,1,333,391,362,409
448,1,333,392,362,410
449,1,333,392,362,410
450,1,333,392,362,410
451,1,336,394,363,411
452,1,334,395,365,415
453,1,335,393,367,413
454,1,335,393,367,413
455,1,335,393,366,419
456,1,337,392,367,417
457,2,338,398,368,420,280,11,291,22
458,2,338,398,368,420,280,14,291,25
459,2,338,398,368,420,280,14,291,25
460,2,340,395,369,420,282,18,293,29
461,2,341,399,370,422,283,20,294,31
462,2,341,393,370,422,283,21,294,32
463,2,342,396,371,423,285,24,296,35
464,2,341,401,372,421,286,25,297,36
465,2,343,396,372,418,287,26,299,38
466,2,343,396,372,420,287,26,300,39
467,2,342,394,371,416,288,27,301,40
468,2,341,392,370,414,290,27,303,40
469,2,338,391,367,413,291,26,304,39
470,2,337,384,366,406,293,25,306,38
471,2,335,385,364,408,294,24,307,37
472,2,333,381,362,403,295,23,308,36
473,2,331,375,360,393,297,20,310,33
474,2,330,372,359,393,298,19,311,32
475,2,328,369,357,391,300,17,313,30
476,2,326,366,355,386,301,15,314,28
477,2,324,363,353,384,302,14,315,27
478,2,323,360,352,382,303,11,316,24
479,2,320,358,349,381,303,10,316,23
480,2,320,355,349,377,303,10,316,22
481,2,319,352,348,370,303,9,315,21
482,2,315,350,346,370,303,8,315,20
483,2,315,347,346,367,303,7,315,19
484,2,313,345,343,363,303,7,315,19
485,2,313,345,343,363,303,7,315,19
486,2,313,344,340,360,303,7,315,19
487,2,314,344,341,360,303,7,315,19
488,2,314,343,341,359,303,7,315,19
489,2,313,338,343,357,302,9,314,21
490,2,313,338,343,357,302,9,314,21
491,2,313,338,343,357,302,9,314,21
492,2,313,338,343,357,302,9,314,21
493,2,313,338,343,357,302,17,317,29
494,2,319,340,347,355,302,14,316,31
495,2,320,338,349,356,304,19,316,31
496,2,322,338,351,356,304,22,316,34
497,2,325,339,355,357,305,25,317,37
498,2,329,339,358,357,305,28,317,40
499,2,332,339,361,357,306,29,318,41
500,2,336,339,365,357,306,32,318,44
501,2,340,339,369,357,306,35,318,47
502,2,343,340,372,358,307,38,319,50
503,2,348,340,376,357,308,40,320,52
504,1,352,339,380,357
505,1,355,342,383,360
506,1,358,341,387,360
507,1,364,343,392,361
508,1,367,341,394,359
509,1,370,343,397,360
510,1,373,344,400,361
511,1,376,339,404,357
512,1,378,341,406,359
513,1,378,341,406,359
514,1,384,339,411,356
515,1,386,340,413,357
516,1,388,338,414,355
517,1,390,334,417,351
518,1,392,336,419,353
519,1,394,335,421,353
520,1,396,330,423,347
521,1,398,329,425,347
522,1,399,327,428,346
523,1,401,320,429,339
524,1,405,319,432,337
525,1,406,318,433,336
526,1,409,309,436,327
527,1,413,309,438,326
528,1,413,303,439,320
529,1,419,304,445,318
530,1,420,301,446,315
531,1,423,297,448,310
532,1,424,298,449,312
533,1,426,294,452,308
534,1,427,290,453,304
535,1,429,295,455,309
536,1,430,292,456,306
537,1,433,289,459,303
538,1,435,292,460,306
539,1,437,291,462,305
540,1,439,288,465,302
541,1,442,291,467,304
542,1,443,291,468,304
543,1,445,288,470,302
544,1,447,290,473,304
545,1,450,291,474,304
546,1,452,287,476,300
547,1,454,291,478,304
548,1,457,290,481,303
549,1,458,286,482,299
550,1,462,289,484,301
551,1,463,286,486,298
552,1,466,284,487,296
553,1,466,285,489,297
554,1,469,280,493,293
555,1,471,274,494,287
556,1,473,275,497,288
557,1,475,273,497,285
558,1,476,266,499,278
559,1,477,266,500,278
560,1,476,263,503,280
561,1,476,257,503,274
562,1,479,259,503,274
563,1,478,257,503,272
564,1,481,250,506,265
565,1,481,250,506,265
566,1,482,250,506,265
567,1,482,240,506,258
568,1,481,241,508,262
569,1,481,239,507,259
570,1,481,232,507,252
571,1,479,234,506,255
572,1,483,230,506,248
573,1,483,226,506,244
574,1,483,229,505,246
575,1,483,225,504,242
576,1,480,221,502,238
577,1,481,225,501,241
578,1,478,219,499,236
579,1,479,218,500,234
580,1,475,212,497,229
581,1,475,214,494,229
582,1,474,215,493,230
583,1,472,208,491,223
584,1,470,207,490,222
585,1,469,208,488,223
586,1,468,203,487,218
587,1,464,198,487,216
588,1,461,199,485,217
589,1,460,197,482,214
590,1,458,195,480,212
591,1,457,193,478,210
592,1,454,191,475,208
593,1,453,188,475,205
594,1,451,186,472,202
595,1,448,184,471,202
596,1,445,184,469,203
597,1,445,180,467,197
598,1,443,178,466,196
599,1,440,179,464,196
600,1,439,173,462,194
601,1,436,171,459,189
602,1,426,170,457,190
603,1,426,169,457,189
604,1,421,167,453,185
605,1,419,166,451,186
606,1,415,164,449,184
607,1,418,162,446,184
608,1,414,161,444,183
609,1,414,159,443,181
610,1,412,160,440,179
611,1,410,157,439,177
612,1,409,155,437,174
613,1,409,157,435,174
614,1,407,154,432,171
615,1,407,152,433,169
616,1,402,152,432,172
617,1,400,149,432,166
618,1,398,146,430,167
619,1,400,145,431,168
620,1,398,147,426,163
621,1,400,145,427,164
622,1,400,145,426,165
623,1,400,140,426,160
624,1,400,140,425,159
625,1,393,141,423,154
626,1,393,137,422,150
627,1,392,136,421,154
628,1,391,134,420,152
629,1,391,132,418,149
630,1,389,130,418,148
631,1,389,127,418,145
632,1,388,127,414,142
633,1,384,127,411,140
634,1,383,125,410,138
635,1,382,126,409,139
636,1,379,122,405,136
637,1,377,121,403,137
638,1,376,121,403,135
639,1,377,117,402,134
640,1,375,117,403,136
641,1,375,115,400,134
642,1,373,114,397,133
643,1,372,113,396,132
644,1,370,112,395,132
645,1,370,113,394,132
646,1,368,112,392,131
647,1,368,114,392,133
648,1,368,113,390,131
649,1,367,112,389,130
650,1,367,113,389,131
651,1,365,112,388,131
652,1,365,112,388,131
653,1,364,111,387,130
654,1,364,110,386,128
655,1,363,111,386,130
656,1,363,112,385,130
657,1,362,111,384,129
658,1,361,111,384,129
659,1,360,111,383,130
660,1,360,110,382,128
661,1,359,111,382,130
662,1,359,110,382,129
663,1,358,111,381,130
664,1,358,113,381,132
665,1,357,111,380,130
666,1,357,112,380,131
667,1,357,113,380,132
668,1,356,112,379,131
669,1,356,113,378,131
670,1,356,114,378,132
671,1,356,118,379,133
672,1,355,119,378,134
673,1,354,118,377,133
674,1,353,120,377,135
675,1,352,121,376,137
676,1,351,123,374,138
677,1,351,124,374,139
678,1,350,123,373,138
679,1,350,124,373,139
680,1,348,126,371,141
681,1,348,128,371,143
682,1,347,127,370,142
683,1,347,130,370,145
684,1,346,129,370,144
685,1,348,131,370,146
686,1,347,133,369,148
687,1,347,133,370,148
688,1,347,135,369,150
689,1,347,135,369,150
690,1,348,136,367,149
691,1,348,139,367,152
692,1,349,140,367,152
693,1,349,139,367,151
694,1,350,142,367,154
695,1,350,142,367,154
696,1,351,141,368,153
697,1,351,144,368,155
698,1,352,143,368,154
699,1,351,144,367,155
700,1,353,145,368,155
701,1,352,144,367,154
702,1,353,145,368,155
703,1,352,144,367,154
704,1,352,146,367,156
705,1,351,145,367,157
706,1,351,145,367,157
707,1,350,145,366,157
708,1,350,144,366,156
709,1,349,147,365,159
710,1,348,148,365,162
711,1,347,147,364,161
712,1,348,148,365,162
713,1,347,149,363,162
714,1,347,149,364,163
715,1,346,152,363,166
716,1,346,152,363,166
717,1,340,154,363,169
718,1,340,156,363,171
719,1,340,156,364,171
720,1,339,156,364,172
721,1,338,159,363,173
722,1,338,160,365,175
723,1,337,163,365,177
724,1,337,160,362,176
725,1,336,163,361,179
726,1,336,165,361,181
727,1,335,167,360,181
728,1,335,169,360,183
729,1,334,171,359,185
730,1,334,170,359,184
731,1,334,175,359,188
732,1,334,173,359,189
733,1,334,176,359,191
734,1,334,177,359,191
735,1,333,179,358,192
736,1,333,179,358,194
737,1,333,180,358,195
738,1,333,180,358,195
739,1,338,183,358,201
740,1,332,184,357,201
741,1,332,185,357,201
742,1,332,186,357,201
743,1,330,188,357,203
744,1,331,190,357,204
745,1,332,191,359,206
746,1,332,191,357,205
747,1,333,193,358,207
748,1,333,193,358,207
749,1,333,195,359,209
750,1,330,195,356,213
751,1,330,195,357,213
752,1,330,196,356,214
753,1,330,199,355,216
754,1,329,198,354,215
755,1,329,200,353,217
756,1,327,199,352,216
757,1,329,200,349,217
758,1,330,201,350,220
759,1,330,201,349,218
760,1,330,203,349,219
761,1,329,202,348,218
762,1,330,203,348,218
763,1,329,204,347,220
764,1,328,203,347,219
765,1,327,202,347,219
766,1,326,201,346,218
767,1,326,202,345,218
768,1,326,202,345,218
769,1,326,202,344,218
770,1,326,202,345,218
771,1,326,202,344,218
772,1,321,200,349,217
773,1,321,199,350,216
774,1,322,199,349,216
775,1,323,199,350,216
776,1,318,199,348,218
777,1,318,199,346,217
778,1,318,200,349,220
779,1,319,199,349,218
780,1,320,198,350,217
781,1,319,200,350,220
782,1,318,200,348,219
783,1,319,202,348,221
784,1,319,201,348,219
785,1,319,202,348,220
786,1,319,204,348,222
787,1,319,203,348,221
788,1,318,203,347,222
789,1,319,204,347,222
790,1,318,204,348,223
791,1,319,208,348,226
792,1,318,207,346,225
793,1,320,209,348,226
794,1,320,206,348,224
795,1,321,207,349,225
796,1,320,208,348,226
797,1,320,208,348,226
798,1,318,212,346,230
799,1,318,213,346,231
800,1,319,214,346,231
801,1,318,212,346,230
802,1,317,214,345,232
803,1,317,215,348,235
804,1,316,214,347,234
805,1,316,215,347,235
806,1,316,215,347,235
807,1,315,218,346,234
808,1,315,219,347,235
809,1,315,220,346,236
810,1,315,219,348,236
811,1,315,219,348,236
812,1,315,219,348,236
813,1,321,225,351,237
814,1,324,227,352,244
815,1,324,228,352,244
816,1,320,227,353,246
817,1,322,229,351,250
818,1,322,228,354,247
819,1,326,227,354,252
820,1,327,230,355,251
821,1,327,230,355,253
822,1,328,231,356,254
823,1,325,229,356,249
824,1,326,231,357,249
825,1,327,232,356,249
826,1,329,231,357,248
827,1,331,232,362,250
828,1,332,234,362,252
829,1,333,235,361,252
830,1,334,236,363,253
831,1,336,236,363,252
832,1,337,237,363,253
833,1,337,238,364,254
834,1,338,239,363,254
835,1,339,241,363,255
836,1,341,242,364,256
837,1,343,244,372,261
838,1,345,244,374,261
839,1,346,244,374,261
840,1,347,245,375,261
841,1,346,245,376,262
842,1,346,246,376,264
843,1,346,246,376,264
844,1,351,252,387,270
845,1,352,251,387,269
846,1,355,251,390,268
847,1,355,254,390,272
848,1,362,252,394,270
849,1,363,253,395,271
850,1,366,253,397,271
851,1,366,251,401,271
852,1,367,252,402,272
853,1,368,251,405,272
854,1,370,254,405,272
855,1,372,255,407,273
856,1,373,255,409,273
857,1,375,256,412,275
858,1,376,254,412,273
859,1,382,256,416,274
860,1,383,257,417,275
861,1,386,256,420,274
862,1,386,257,420,275
863,1,388,256,422,274
864,1,389,254,422,272
865,1,390,255,425,273
866,1,390,252,427,271
867,1,392,254,426,272
868,1,395,261,431,277
869,1,397,256,433,272
870,1,396,256,431,278
871,1,397,257,432,279
872,1,397,253,432,275
873,1,398,255,434,277
874,1,399,256,434,278
875,1,399,253,434,275
876,1,400,255,435,277
877,1,399,254,434,276
878,1,400,252,435,274
879,1,400,255,434,277
880,1,400,253,433,274
881,1,399,254,431,274
882,1,400,256,435,278
883,1,399,252,431,272
884,1,400,250,435,272
885,1,400,251,434,273
886,1,400,249,434,270
887,1,400,249,434,270
888,1,399,253,433,274
889,1,394,248,429,270
890,1,395,246,425,265
891,1,395,246,425,265
892,1,393,248,427,269
893,1,394,248,426,268
894,1,393,249,425,269
895,1,393,249,425,269
896,1,391,247,424,268
897,1,386,247,419,267
898,1,385,249,418,269
899,1,382,245,415,265
900,1,381,246,413,265
901,1,382,247,415,267
902,1,382,244,415,264
903,1,382,246,414,265
904,1,381,245,414,265
905,1,378,240,413,261
906,1,377,243,410,260
907,1,375,241,410,259
908,1,372,241,409,260
909,1,370,239,400,261
910,1,368,239,398,255
911,1,366,239,395,254
912,2,361,234,393,251,304,141,319,158
913,2,359,235,391,252,300,138,315,155
914,2,357,235,387,251,296,134,311,151
915,2,356,232,383,247,292,127,307,143
916,2,354,233,381,248,289,124,304,141
917,2,349,235,376,249,284,122,299,139
918,2,353,231,381,246,281,114,295,130
919,2,341,226,369,244,276,109,291,126
920,2,332,228,365,247,273,111,286,125
921,2,331,223,363,241,270,102,282,115
922,2,330,224,363,243,265,100,278,114
923,2,330,226,362,245,262,97,276,112
924,2,330,214,357,235,253,86,276,103
925,2,328,216,355,237,249,86,272,103
926,2,319,214,353,234,245,82,268,99
927,2,318,210,351,230,240,74,263,91
928,2,318,214,352,234,236,75,259,92
929,2,317,211,351,231,232,68,255,85
930,2,309,207,340,227,226,62,251,80
931,2,308,209,341,230,222,62,246,80
932,2,307,206,340,227,217,55,241,73
933,2,306,207,339,228,211,53,235,71
934,2,301,207,333,225,206,50,231,68
935,2,298,204,332,223,201,45,225,62
936,2,292,201,329,222,196,43,221,61
937,2,293,198,327,217,190,37,215,55
938,1,184,33,209,51
939,1,179,29,205,48
940,1,173,19,198,43
941,1,167,15,194,39
942,1,162,10,189,34
943,1,156,2,183,26
944,1,150,-5,177,19
945,1,144,-12,171,12
949,1,260,171,290,187
950,1,255,165,284,183
951,1,253,162,282,180
952,1,252,156,282,175
953,1,248,155,279,174
954,1,246,152,278,172
955,1,241,153,274,171
956,1,240,153,273,171
957,1,235,149,269,166
958,1,235,148,267,164
959,1,231,147,265,164
960,1,228,147,264,163
961,1,227,149,261,164
962,1,224,150,260,166
963,1,223,150,259,166
964,1,222,153,255,169
965,1,216,152,249,168
966,1,217,155,248,170
967,1,212,157,245,173
968,1,211,157,243,173
969,1,210,159,242,174
970,1,210,162,242,178
971,1,208,162,241,178
972,1,208,167,241,183
973,1,204,165,236,180
974,1,203,165,236,181
975,1,200,169,230,183
976,1,198,169,228,183
977,1,196,170,226,184
978,1,201,171,235,187
979,1,188,172,219,188
980,1,188,175,217,190
981,1,183,175,215,191
982,1,182,176,212,194
983,1,181,180,210,197
984,1,175,178,208,196
985,1,176,179,204,197
986,1,174,183,202,201
987,1,171,184,199,197
988,1,169,183,197,203
989,1,166,184,194,204
990,1,164,180,192,199
991,1,161,182,189,198
992,1,156,182,184,201
993,1,153,181,181,198
994,1,150,182,178,199
995,1,147,179,175,197
996,1,143,177,171,196
997,1,140,177,168,195
998,1,137,178,165,195
999,1,134,177,162,194
1000,1,131,174,159,191
1001,1,130,170,156,190
1002,1,125,174,153,190
1003,1,122,171,150,189
1004,1,119,171,147,189
1005,1,116,168,144,186
1006,1,112,167,140,185
1007,1,109,166,137,184
1008,1,106,165,134,185
1009,1,103,163,131,184
1010,1,100,163,130,183
1011,1,96,160,126,180
1012,1,93,160,123,178
1013,1,92,160,122,178
1014,1,92,158,122,176
1115,1,148,2,160,13
1116,1,146,6,158,17
1117,1,147,10,159,21
1118,1,145,16,157,27
1119,1,146,19,158,30
1120,1,145,22,158,34
1121,1,146,26,158,37
1122,1,147,30,159,41
1123,1,148,32,160,43
1124,1,148,35,160,46
1125,1,149,36,161,47
1126,1,149,39,161,50
1127,1,150,41,161,52
1128,1,151,42,163,53
1129,1,152,46,163,57
1130,1,153,48,165,59
1131,1,155,50,166,60
1132,1,155,51,166,61
1133,1,157,53,168,63
1134,1,158,57,170,68
1135,1,159,59,170,69
1136,1,161,65,172,76
1137,1,163,68,174,78
1138,1,165,73,176,83
1139,1,166,77,178,88
1140,1,167,82,179,93
1141,1,171,87,182,97
1142,1,171,90,183,101
1143,1,174,96,185,106
1168,1,211,193,221,205
1169,1,211,194,221,206
1170,1,211,196,221,208
1171,1,212,198,222,210
1172,1,212,199,223,212
1173,1,213,202,223,214
1174,1,213,203,223,215
1175,1,214,204,224,216
1176,1,214,206,224,219
1177,1,215,208,225,220
1178,1,215,209,225,222
1179,1,216,210,228,224
1180,1,216,211,227,224
1181,1,216,211,227,224
1182,1,217,212,228,225
1183,1,218,214,229,227
1184,1,218,214,228,226
1185,1,218,214,228,226
1186,1,218,214,228,226
1187,1,218,216,234,226
1188,1,219,217,235,227
1189,1,218,216,237,228
1190,1,219,216,237,227
1191,1,219,215,237,227
1192,1,225,215,238,225
1193,1,225,216,238,226
1194,1,225,218,242,228
1195,1,225,217,242,227
1196,1,226,217,243,229
1197,1,230,216,244,228
1198,1,230,216,244,228
1347,1,411,251,431,271
1348,1,412,250,432,270
1349,1,413,249,433,265
1350,1,414,249,434,265
1351,1,415,248,435,264
1352,1,416,246,436,262
1353,1,418,246,437,261
1354,1,419,246,438,261
1355,1,419,246,438,261
1356,1,419,246,438,261
1357,1,420,241,439,256
1358,1,421,242,440,257
1359,1,422,240,441,255
1360,1,422,234,442,250
1361,1,423,236,444,254
1362,1,424,236,445,254
1363,1,424,230,445,248
1364,1,425,232,446,250
1365,1,425,231,445,248
1366,1,426,229,446,246
1367,1,426,229,446,246
1368,1,426,227,449,244
1369,1,426,226,449,243
1370,1,426,226,449,243
1371,1,426,222,449,239
1372,1,426,221,448,237
1373,1,426,220,448,236
1374,1,426,219,448,235
1375,1,426,219,449,236
1376,1,426,217,449,234
1377,1,426,215,449,231
1378,1,426,214,449,230
1379,1,426,211,448,227
1380,1,427,210,449,226
1381,1,427,210,448,225
1382,1,427,206,450,222
1383,1,428,204,450,219
1384,1,427,203,450,219
1385,1,428,199,451,215
1386,1,428,200,452,216
1387,1,428,198,452,215
1388,1,428,197,452,214
1389,1,428,197,452,214
1390,1,429,194,452,210
1391,1,430,194,453,210
1392,1,430,194,454,210
1393,1,431,192,455,208
1394,1,434,189,456,203
1395,1,435,187,458,202
1396,1,437,188,458,201
1397,1,438,185,459,199
1398,1,438,184,459,198
1399,1,438,184,460,198
1400,1,439,181,462,195
1401,1,440,184,462,198
1402,1,440,185,463,199
1403,1,441,181,463,195
1404,1,442,184,463,198
1405,1,444,184,465,197
1406,1,444,182,465,195
1407,1,443,184,467,199
1408,1,443,184,466,199
1409,1,444,180,468,195
1410,1,444,182,468,197
1411,1,444,182,468,197
1412,1,443,180,467,195
1413,1,444,183,467,198
1414,1,443,183,466,198
1415,1,443,181,466,195
1416,1,442,182,466,197
1417,1,442,182,466,197
1418,1,441,180,464,195
1419,1,440,182,463,197
1420,1,440,182,463,196
1421,1,438,181,462,196
1422,1,438,182,462,197
1423,1,437,182,461,197
1424,1,435,181,459,196
1425,1,434,182,458,197
1426,1,433,178,457,193
1427,1,432,179,456,194
1428,1,432,182,456,197
1429,1,431,179,455,194
1430,1,430,180,454,195
1431,1,428,180,452,195
1432,1,428,178,452,193
1433,1,426,178,450,193
1434,1,425,177,449,192
1435,1,424,175,448,191
1436,1,427,179,447,193
1437,1,426,178,446,192
1438,1,426,176,445,189
1439,1,425,178,444,191
1440,1,423,176,442,189
1441,1,424,177,443,190
1442,1,423,177,441,190
1443,1,422,175,440,187
1444,1,421,178,438,190
1445,1,421,177,438,189
1446,1,420,175,437,187
1447,1,420,178,438,190
1448,1,420,175,438,187
1449,1,419,175,436,186
1450,1,419,179,438,191
1451,1,419,178,439,190
1452,1,418,180,438,192
1453,1,418,183,437,195
1454,1,418,183,437,195
1455,1,417,186,436,198
1456,1,418,186,437,198
1457,1,417,187,435,199
1458,1,418,189,437,201
1459,1,418,191,437,203
1460,1,419,191,438,203
1461,1,418,192,436,204
1462,1,419,194,437,206
1463,1,418,195,436,206
1464,1,419,196,437,207
1465,1,417,197,438,210
1466,1,418,197,440,210
1467,1,418,200,439,213
1468,1,419,203,439,215
1469,1,418,199,441,213
1470,1,420,202,443,216
1471,1,420,205,442,219
1472,1,421,204,443,218
1473,1,422,207,444,221
1474,1,422,207,444,221
1475,1,425,208,445,220
1476,1,425,212,445,224
1477,1,427,212,446,224
1478,1,427,212,447,224
1479,1,429,217,449,229
1480,1,429,217,448,229
1481,1,431,218,450,230
1482,1,431,221,450,233
1483,1,433,223,452,235
1484,1,433,224,453,236
1485,1,434,227,455,242
1486,1,435,232,456,245
1487,1,436,234,457,247
1488,1,437,237,457,250
1489,1,439,240,460,253
1490,1,440,241,461,254
1491,1,442,244,463,257
1492,1,443,247,464,260
1493,1,444,247,466,260
1494,1,445,249,467,262
1495,1,445,249,467,262
1496,1,449,253,471,266
1497,1,449,255,471,268
1498,1,451,255,472,268
1499,1,452,256,474,269
1500,1,453,257,474,270
1501,1,455,258,476,271
1502,1,456,259,477,272
1503,1,457,258,478,271
1504,1,459,257,480,270
1505,1,460,257,480,270
1506,1,462,257,482,269
1507,1,463,254,484,267
1508,1,465,255,486,268
1509,1,466,255,487,268
1510,1,468,254,488,266
1511,1,470,255,490,267
1512,1,472,255,494,272
1513,1,474,254,495,270
1514,1,476,254,498,271
1515,1,478,255,499,271
1516,1,480,255,501,271
1517,1,482,258,504,275
1518,1,484,257,506,274
1519,1,486,258,508,275
1520,1,488,261,509,277
1521,1,490,261,511,277
1522,1,492,264,514,281
1523,1,494,266,516,283
1524,1,496,269,518,282
1525,1,498,273,520,286
1526,1,500,275,522,288
1527,1,502,276,524,289
1528,1,504,280,525,293
1529,1,506,280,528,293
1530,1,508,284,530,297
1531,1,510,285,531,298
1532,1,512,286,533,299
1533,1,512,286,533,299
1534,1,516,290,538,303
1535,1,518,292,540,305
1536,1,520,292,542,305
1537,1,522,292,544,305
1538,1,524,296,545,309
1539,1,526,299,547,311
1540,1,528,297,549,309
1541,1,530,301,551,313
1542,1,532,303,553,315
1543,1,534,304,555,316
1544,1,535,306,557,319
1545,1,537,307,558,319
1546,1,539,310,560,322
1547,1,541,311,562,324
1548,1,542,311,564,324
1549,1,542,311,564,324
1550,1,542,311,564,324
1551,1,542,311,564,324
1552,1,548,314,570,328
1553,1,549,312,572,327
1554,1,552,310,573,323
1555,1,553,312,574,325
1556,1,555,312,573,324
1557,1,557,310,575,322
1558,1,558,312,576,324
1559,1,559,311,578,323
1560,1,560,310,579,322
1561,1,560,310,579,322
1562,1,562,306,581,318
1563,1,564,307,582,318
1564,1,564,307,582,318
1565,1,564,307,582,318
1566,1,568,304,586,318
1567,1,569,305,587,319
1568,1,570,302,588,316
1569,1,566,301,592,317
1570,1,566,302,592,318
1571,1,568,301,594,317
1572,1,568,299,593,315
1573,1,569,300,595,316
1574,1,570,299,595,315
1575,1,570,298,595,314
1576,1,571,298,597,314
1577,1,577,297,602,313
1578,1,573,296,599,312
1579,1,574,296,599,312
1580,1,574,296,599,312
1581,1,575,293,601,309
1582,1,576,295,602,311
1583,1,576,294,602,310
1584,1,578,292,604,308
1585,1,580,294,605,309
1586,1,580,292,605,307
1587,1,581,293,606,308
1588,1,583,295,608,310
1589,1,584,292,609,307
1590,1,585,295,610,310
1591,1,587,295,611,310
1592,1,589,292,613,307
1593,1,590,297,614,312
1594,1,592,297,617,312
1595,1,593,296,618,311
1596,1,595,300,619,315
1597,1,597,299,621,314
1598,1,598,302,623,317
1599,1,600,303,625,318
1600,1,601,302,625,317
1601,1,603,305,627,320
1602,1,606,306,629,320
1603,1,607,305,630,320
1604,1,608,307,633,323
1605,1,609,307,633,323
1606,1,611,310,635,326
1607,1,613,313,637,329
1608,1,613,312,638,328
1609,1,615,315,641,332
1610,1,616,316,641,332
1611,1,617,316,642,332
1612,1,618,320,642,336
1613,1,619,320,644,336
1614,1,619,320,644,336
1616,1,623,323,643,343
1617,1,624,325,644,345
1647,1,616,278,637,294
1648,1,616,278,637,294
1649,1,619,277,640,295
1650,1,620,275,641,292
1651,1,621,278,642,293
1652,1,622,276,643,292
1653,1,625,274,645,292
1654,1,625,276,646,291
1655,1,626,275,647,290
1656,1,627,274,648,289
1657,1,629,273,650,289
1658,1,630,272,651,288
1659,1,632,271,652,287
1660,1,632,271,653,286
1661,1,634,267,655,284
1662,1,635,266,656,281
1663,1,637,265,658,282
1664,1,638,259,659,278
1665,1,640,262,661,277
1666,1,641,261,662,276
1667,1,642,259,663,274
1668,1,643,257,664,272
1669,1,644,256,665,270
1670,1,646,253,667,269
1671,1,647,249,668,267
1672,1,648,249,669,265
1673,1,649,245,670,263
1674,1,650,244,671,261
1675,1,651,242,678,260
1676,1,651,237,678,255
1677,1,654,233,680,250
1678,1,654,231,680,248
1679,1,656,228,683,246
1680,1,655,225,682,243
1681,1,658,224,684,242
1682,1,657,222,684,240
1683,1,658,216,686,235
1684,1,660,216,686,233
1685,1,659,214,685,231
1686,1,661,216,685,232
1687,1,660,214,685,231
1688,2,661,212,684,227,286,223,300,239
1689,2,657,210,684,228,279,224,300,239
1690,2,655,210,676,227,282,224,297,241
1691,2,655,208,676,229,281,227,303,241
1692,2,655,207,676,228,275,228,299,242
1693,2,653,208,677,228,277,230,299,243
1694,2,651,208,672,225,276,230,295,244
1695,2,652,205,673,222,276,227,295,241
1696,2,649,207,670,224,274,231,294,245
1697,2,649,206,670,223,274,229,294,243
1698,2,644,204,667,221,269,226,289,242
1699,2,643,206,664,222,268,231,287,245
1700,2,641,202,661,222,265,227,284,239
1701,2,639,202,659,221,264,225,281,240
1702,2,637,201,657,221,259,223,278,242
1703,2,634,200,658,217,257,222,276,241
1704,2,629,200,653,217,253,219,272,238
1705,2,630,200,649,219,248,219,268,234
1706,2,627,199,646,218,244,215,263,234
1707,2,615,206,639,224,242,217,261,236
1708,2,615,204,638,221,241,212,260,231
1709,2,606,215,627,230,230,205,249,224
1710,2,603,215,623,230,226,202,245,221
1711,2,603,213,623,229,221,196,240,215
1712,2,601,213,620,229,219,191,238,210
1713,2,600,213,621,223,215,185,234,204
1735,1,588,197,609,214
1736,1,587,196,608,213
1737,1,587,197,608,214
1738,1,587,204,608,221
1739,1,586,203,607,220
1740,1,587,207,608,224
1741,1,585,211,607,229
1742,1,586,209,607,226
1743,1,585,214,608,232
1744,1,586,217,606,234
1745,1,587,214,607,230
1746,1,587,218,606,233
1747,1,587,216,606,231
1748,2,587,213,605,228,128,139,162,154
1749,2,587,216,606,231,128,142,160,161
1750,1,587,212,606,227
1751,1,587,209,605,224
1752,1,586,211,606,227
1753,1,587,208,605,223
1754,1,587,204,605,218
1755,1,587,205,606,220
1756,2,587,200,604,214,87,151,117,166
1757,2,586,202,604,217,81,154,114,169
1758,2,585,197,604,213,75,152,108,164
1759,2,585,198,603,212,72,150,106,169
1760,2,585,200,603,214,67,152,101,171
1761,2,584,197,603,211,61,149,96,169
1762,2,584,200,603,214,55,152,91,172
1763,2,583,201,602,215,49,150,85,170
1764,2,581,197,601,213,42,146,78,166
1765,2,581,202,601,217,36,149,72,169
1766,2,580,202,600,218,29,147,65,167
1767,2,579,199,600,215,22,143,59,164
1768,2,579,205,599,221,15,146,52,167
1769,2,579,204,598,219,6,142,47,165
1770,2,582,204,601,219,-2,138,41,162
1771,1,-9,139,34,163
1772,1,-19,136,26,161
1773,1,-27,133,19,159
1774,1,-27,133,19,159
1775,1,575,210,594,229
1776,1,575,212,594,231
1777,1,573,215,593,235
1778,1,572,214,591,233
1779,1,571,216,590,235
1780,1,571,217,590,236
1781,1,570,218,589,237
1782,1,569,220,588,239
1783,1,567,222,586,241
1784,1,567,222,586,241
1785,1,566,223,585,242
1786,1,565,223,584,242
1787,1,564,224,583,243
1788,1,564,224,583,243
1789,1,563,225,582,244
1790,1,562,226,581,245
1791,1,562,226,581,245
1792,1,561,227,580,246
1793,1,560,227,579,246
1794,1,559,228,578,247
1796,1,558,229,578,243
1797,1,557,227,578,242
1798,1,556,228,577,243
1799,1,556,230,576,244
1800,1,554,229,576,244
1801,1,553,232,576,248
1802,1,553,232,576,248
1804,1,552,234,570,250
1805,1,552,234,569,250
1806,1,548,236,564,251
1807,1,548,237,564,252
1808,1,550,237,566,252
1809,1,550,239,566,254
1810,1,549,238,564,252
1811,1,547,238,565,252
1812,1,548,242,564,254
1813,1,546,240,564,254
1814,1,546,239,564,253
1815,1,544,242,562,256
1816,1,545,241,562,254
1817,1,545,240,562,253
1818,1,547,243,562,255
1819,1,546,241,562,253
1820,1,545,241,561,253
1821,1,545,243,560,255
1822,1,546,240,561,252
1823,1,540,241,561,251
1824,1,540,241,561,251
1825,1,540,240,561,250
1826,1,540,237,561,247
1827,1,540,237,561,247
1828,1,540,235,561,245
1829,1,540,232,561,242
1830,1,544,231,565,241
1831,1,537,231,558,241
1832,1,544,227,565,237
1833,1,541,227,562,237
1834,1,540,226,561,236
1835,1,541,224,562,234
1836,1,541,224,562,234
1837,1,542,223,563,233
1838,1,542,222,563,232
1839,1,543,223,564,233
1840,1,543,223,564,233
1841,1,546,222,569,233
1842,1,546,221,569,232
1843,1,548,223,571,234
1844,1,544,222,565,232
1845,1,545,225,566,235
1846,1,549,225,570,235
1847,1,553,225,574,235
1848,1,553,227,574,237
1849,1,554,229,575,239
1850,1,548,231,568,245
1851,1,549,233,569,247
1852,1,549,234,569,248
1853,1,548,236,569,251
1854,1,546,239,568,251
1855,1,546,239,568,251
1856,1,547,238,568,249
1857,1,546,236,568,248
1858,1,546,234,568,246
1859,1,546,233,568,245
1860,1,546,230,568,242
1861,1,546,228,568,240
1862,1,547,227,568,239
1863,1,545,222,568,234
1864,1,550,223,570,234
1865,1,550,220,571,231
1866,1,546,216,568,228
1867,1,547,217,567,230
1868,1,548,216,568,229
1869,1,547,212,567,225
1870,1,548,213,568,226
1871,1,546,209,568,223
1872,1,548,206,568,219
1873,1,547,206,568,219
1874,1,547,207,568,221
1875,1,546,206,567,220
1876,1,547,208,568,222
1877,1,546,209,567,223
1878,1,546,208,568,222
1879,1,546,211,568,225
1880,1,545,212,567,227
1881,1,545,212,568,227
1882,1,545,215,567,230
1883,1,545,215,567,229
1884,1,544,214,566,228
1885,1,545,219,567,233
1886,1,544,216,566,230
1887,1,545,217,567,232
1888,1,543,220,566,235
1889,1,544,217,566,231
1890,1,542,218,564,232
1891,1,544,220,567,235
1892,1,542,217,564,231
1893,1,543,219,565,233
1894,1,541,219,563,233
1895,1,542,216,564,230
1896,1,540,215,562,229
1897,1,540,214,563,229
1898,1,539,212,561,227
1899,1,539,211,562,226
1900,1,537,210,559,224
1901,1,536,206,559,221
1902,1,535,206,558,221
1903,1,535,204,558,219
1904,1,535,201,558,216
1905,1,534,200,557,215
1906,1,534,199,557,214
1907,1,532,198,555,213
1908,1,532,196,555,211
1909,1,530,193,554,208
1910,1,531,192,555,208
1911,1,529,190,553,206
1912,1,530,187,554,203
1913,1,528,188,553,204
1914,1,528,185,553,201
1915,1,527,187,550,200
1916,1,529,188,552,201
1917,1,526,184,549,197
1918,1,528,185,551,198
1919,1,526,183,549,196
1920,1,527,181,550,194
1921,1,527,182,549,195
1922,1,528,181,550,194
1923,1,528,182,550,195
1924,1,528,182,550,195
1925,1,528,181,550,194
1926,1,529,181,551,194
1927,1,529,182,551,195
1928,1,529,180,551,193
1929,1,531,182,552,195
1930,1,530,180,552,193
1931,1,532,180,554,193
1932,1,531,178,553,191
1933,1,532,177,555,190
1934,1,530,175,554,189
1935,1,532,174,556,188
1936,1,531,171,555,185
1937,1,532,170,556,184
1938,1,531,169,554,183
1939,1,532,167,556,181
1940,1,530,163,556,178
1941,1,531,162,556,177
1942,1,530,159,549,173
1943,1,531,157,550,171
1944,1,529,153,547,167
1945,1,529,151,549,165
1946,1,527,150,546,164
1947,1,523,148,542,162
1948,1,526,144,545,158
1949,1,526,143,544,156
1950,1,525,140,544,154
1951,1,525,140,544,154
1952,1,522,138,540,152
1953,1,520,135,539,149
1954,1,516,132,538,149
1955,1,516,132,538,149
1956,1,514,130,538,144
1957,1,512,128,536,142
1958,1,513,126,536,139
1959,1,510,123,533,136
1960,1,511,122,534,136
1961,1,508,119,531,132
1962,1,509,119,533,133
1963,1,506,118,530,132
1964,1,507,117,532,131
1965,1,507,117,532,131
1966,1,505,111,530,126
1967,1,503,111,529,126
1968,1,502,110,528,125
1969,1,501,109,527,124
1970,1,502,108,527,123
1971,1,501,107,526,121
1972,1,500,107,525,121
1973,1,499,105,523,119
1974,1,498,107,522,121
1975,1,498,110,522,124
1976,1,496,111,521,125
1977,1,498,119,523,133
1978,1,496,127,521,141
1979,1,497,132,522,146
1980,1,496,139,520,153
1981,1,497,148,521,162
1982,1,495,154,519,168
1983,1,496,162,521,176
1984,1,495,165,520,180
1985,1,495,169,520,183
1986,1,494,178,518,192
1987,1,494,182,518,196
1988,1,493,185,517,199
1989,1,492,191,516,205
1990,1,491,194,515,208
1991,1,491,194,515,208
1992,1,491,203,512,216
1993,1,490,205,512,218
1994,1,489,208,512,222
1995,1,488,211,510,225
1996,1,487,215,509,228
1997,1,491,217,513,231
1998,1,487,218,508,231
1999,1,485,219,507,232
2000,1,485,220,507,234
2001,1,485,220,507,234
2002,1,484,224,507,238
2003,1,482,221,505,235
2004,1,483,223,506,237
2005,1,482,226,504,239
2006,1,482,225,504,239
2007,1,481,226,503,240
2008,1,482,226,504,240
2009,1,482,224,504,237
2010,1,481,224,503,238
2011,1,482,224,503,237
2012,1,480,222,502,236
2013,1,485,227,506,240
2014,1,484,225,504,238
2015,1,482,223,501,235
2016,1,482,223,501,235
2017,1,485,224,504,236
2018,1,485,224,504,236
2019,1,484,223,502,234
2020,1,483,219,502,231
2021,1,483,219,501,230
2022,1,483,218,501,229
2023,1,483,217,502,229
2024,1,482,217,502,229
2025,1,482,214,501,226
2026,1,482,215,501,227
2027,1,481,214,500,226
2028,1,481,214,500,226
2029,1,480,214,499,226
2030,1,480,214,500,226
2031,1,475,217,495,229
2032,1,475,217,496,229
2033,1,474,217,495,229
2034,1,475,217,495,229
2035,1,475,217,495,229
2036,1,474,220,495,232
2037,1,473,220,493,232
2038,1,472,221,493,234
2039,1,471,224,491,236
2040,1,471,222,492,235
2041,1,471,225,492,237
2042,1,470,226,490,238
2043,1,470,227,490,239
2044,1,470,227,490,239
2045,1,470,228,489,240
2046,1,468,230,489,242
2047,1,468,231,489,244
2048,1,468,230,488,242
2049,1,468,232,487,244
2050,1,467,233,486,244
2051,1,467,233,486,244
2052,1,468,239,486,250
2053,1,467,239,485,250
2054,1,468,242,485,252
2055,1,467,244,484,254
2056,1,468,246,485,256
2057,1,467,250,484,260
2058,1,468,251,485,261
2059,1,468,253,485,263
2060,1,468,257,485,267
2061,1,468,259,485,269
2062,1,469,261,486,271
2063,1,469,265,486,275
2064,1,469,267,486,277
2065,1,467,265,491,279
2066,1,467,268,491,282
2067,1,467,268,492,283
2068,1,467,271,493,286
2069,1,468,273,491,290
2070,1,467,272,491,289
2071,1,467,272,491,289
2072,1,468,277,491,294
2073,1,470,277,493,294
2074,1,469,278,492,295
2075,1,471,279,494,296
2076,1,470,279,493,296
2077,1,472,281,496,299
2078,1,471,279,495,296
2079,1,473,279,496,296
2080,1,472,281,495,298
2081,1,474,280,497,297
2082,1,474,278,497,295
2083,1,475,279,498,296
2084,1,475,277,498,294
2085,1,476,274,499,291
2086,1,476,275,498,291
2087,1,476,271,498,288
2088,1,477,273,498,289
2089,1,476,273,498,289
2090,1,476,269,498,285
2091,1,475,271,496,287
2092,1,475,273,496,289
2093,1,475,273,496,289
2094,1,476,274,496,289
2095,1,475,276,495,290
2096,1,475,271,495,286
2097,1,475,274,494,288
2098,1,475,275,494,289
2099,1,475,273,494,287
2100,1,474,274,494,289
2101,1,474,274,494,289
2102,1,474,273,494,288
2103,1,474,273,494,288
2104,1,472,276,493,291
2105,1,472,277,492,292
2106,1,471,277,491,292
2107,1,470,280,491,295
2108,1,468,277,490,293
2109,1,468,279,490,295
2110,1,466,283,488,299
2111,1,466,281,488,297
2112,1,465,284,486,300
2113,1,464,287,486,303
2114,1,462,285,484,301
2115,1,461,286,483,302
2116,1,461,286,483,302
2117,1,459,290,481,306
2118,1,455,298,478,313
2119,1,453,299,475,314
2120,1,452,301,474,315
2121,1,449,304,472,319
2122,1,447,306,470,321
2123,1,445,307,468,322
2124,1,442,308,469,325
2125,1,442,310,465,325
2126,1,441,312,462,326
2127,1,439,313,462,328
2128,1,438,313,461,328
2129,1,437,315,459,330
2130,1,435,316,459,331
2131,1,434,317,456,332
2132,1,433,319,454,333
2133,1,432,320,454,335
2134,1,430,321,452,335
2135,1,429,322,452,337
2136,1,428,321,451,335
2137,1,428,326,450,339
2138,1,427,327,449,340
2139,1,426,323,449,337
2140,1,425,327,447,341
2141,1,424,329,446,342
2142,1,422,328,444,342
2143,1,421,329,444,343
2144,1,420,329,443,343
2145,1,419,331,441,344
2146,1,418,332,440,346
2147,1,417,334,440,348
2148,1,417,334,440,348
2149,1,415,334,438,348
2150,1,415,338,437,352
2151,1,414,337,437,351
2152,1,414,338,437,352
2153,1,413,340,435,354
2154,1,414,341,436,355
2155,1,412,347,435,361
2156,1,412,348,434,362
2157,1,412,351,433,364
2158,1,411,356,432,369
2159,1,410,358,431,371
2160,1,410,362,432,375
2161,1,408,366,430,379
2162,1,408,370,429,383
2163,1,407,371,428,384
2164,1,405,375,426,388
2165,1,405,378,427,391
2166,1,404,380,425,393
2167,1,400,381,427,397
2168,1,399,382,426,398
2169,1,398,384,427,401
2170,1,396,388,425,405
2171,1,394,389,424,407
2172,1,393,394,421,409
2173,1,393,395,421,410
2174,1,393,396,419,410
2175,1,390,397,418,412
2176,1,390,397,418,412
2177,1,390,397,418,412
2178,1,390,397,418,412
2179,1,390,397,418,412
2180,1,390,397,418,412
2181,1,390,399,414,412
2182,1,390,399,414,412
2183,1,390,399,414,412
2184,1,390,399,414,412
2185,1,390,399,414,412
2186,1,390,399,414,412
2187,1,390,399,414,412
2188,1,390,399,414,412
2189,1,390,399,414,412
2190,1,390,399,414,412
2191,1,390,399,414,412
2192,1,390,399,414,412
2193,1,390,399,414,412
2194,1,390,399,414,412
2195,1,390,399,414,412
2196,1,390,399,414,412
2197,1,390,399,414,412
2198,1,390,399,414,412
2199,1,390,397,413,412
2200,1,390,399,413,414
2201,1,390,399,413,414
2202,1,390,399,413,414
2203,1,392,401,414,415
2204,1,393,401,417,417
2205,1,393,401,417,417
2206,1,393,401,417,417
2207,1,393,401,417,417
2208,1,393,401,417,417
2209,1,399,398,422,417
2210,1,400,396,423,415
2211,1,400,393,424,413
2212,1,402,391,425,410
2213,1,404,388,425,405
2214,1,404,385,425,402
2215,1,406,381,427,398
2216,1,404,379,426,397
2217,1,406,376,428,394
2218,1,406,372,430,391
2219,1,408,368,431,387
2220,1,410,363,433,382
2221,1,410,363,433,382
2222,1,413,358,434,376
2223,1,414,354,436,373
2224,1,416,352,438,371
2225,1,417,349,436,366
2226,1,417,349,436,366
2227,1,419,343,442,360
2228,1,420,342,443,359
2229,1,422,340,444,357
2230,1,424,337,446,353
2231,1,424,337,446,353
2232,1,426,335,450,351
2233,1,428,333,453,350
2234,1,431,335,455,351
2235,1,434,331,455,345
2236,1,434,331,455,345
2237,1,440,330,463,346
2238,1,444,325,467,341
2239,1,446,328,469,344
2240,1,449,327,472,343
2241,1,449,321,474,338
2242,1,449,321,474,338
2243,1,454,320,479,338
2244,1,457,317,482,335
2245,1,459,317,484,335
2246,1,463,308,487,325
2247,1,466,308,490,325
2248,1,467,299,491,316
2249,1,470,296,495,313
2250,1,472,294,496,311
2251,1,475,284,498,300
2252,1,477,282,500,298
2253,1,479,279,502,295
2254,1,480,271,505,289
2255,1,481,268,506,286
2256,1,484,266,507,282
2257,1,486,259,509,275
2258,1,487,259,510,275
2259,1,489,253,512,269
2260,1,490,250,513,266
2261,1,490,250,513,266
2262,1,492,241,515,257
2263,1,493,239,516,255
2264,1,495,238,517,253
2265,1,496,231,518,246
2266,1,496,231,518,246
2267,1,497,227,520,243
2268,1,498,222,522,239
2269,1,498,226,522,243
2270,1,499,225,522,241
2271,1,499,226,522,242
2272,1,500,238,523,254
2273,1,500,244,523,260
2274,1,500,249,523,265
2275,1,500,262,523,278
2276,1,500,268,522,283
2277,1,501,278,523,293
2278,1,501,291,522,306
2279,1,501,296,522,310
2280,1,501,306,521,320
2281,1,498,309,524,328
2282,1,501,314,525,331
2283,1,501,323,525,340
2284,1,502,325,526,342
2285,1,503,328,527,345
2286,1,503,336,528,353
2287,1,504,335,528,352
2288,1,503,336,530,355
2289,1,505,341,531,360
2290,1,505,338,532,357
2291,1,507,340,535,360
2292,1,509,342,538,362
2293,1,511,336,540,356
2294,1,514,340,542,360
2295,1,519,338,544,358
2296,1,521,333,547,353
2297,1,524,335,550,355
2298,1,527,331,553,352
2299,1,530,329,556,349
2300,1,533,330,559,351
2301,1,535,326,560,346
2302,1,538,323,563,343
2303,1,540,325,566,346
2304,1,543,323,568,343
2305,1,546,321,570,340
2306,1,549,321,573,340
2307,1,552,318,574,336
2308,1,554,319,576,336
2309,1,555,320,576,337
2310,1,557,316,578,333
2311,1,559,317,581,335
2312,1,560,316,582,334
2313,1,562,314,584,331
2314,1,561,319,580,334
2315,1,562,316,582,332
2316,1,564,317,587,334
2317,1,565,318,588,335
2318,1,566,315,589,332
2319,1,568,315,592,333
2320,1,569,314,593,332
2321,1,571,310,595,327
2322,1,572,312,596,330
2323,1,573,311,597,329
2324,1,574,309,598,327
2325,1,575,311,599,329
2326,1,580,304,602,324
2327,1,582,302,604,322
2328,1,584,303,606,323
2329,1,585,297,607,317
2330,1,586,297,610,315
2331,1,588,297,611,314
2332,1,588,292,614,309
2333,1,589,293,616,310
2334,1,591,291,617,308
2335,1,593,286,618,302
2336,1,594,288,618,304
2337,1,596,286,621,300
2338,1,598,283,623,297
2339,1,599,285,625,299
2340,1,600,281,626,295
2341,1,601,281,627,296
2342,1,602,282,628,297
2343,1,604,278,630,292
2344,1,605,280,632,295
2345,1,606,278,633,293
2346,1,607,277,634,292
2347,1,608,279,633,293
2348,1,609,277,636,292
2349,1,609,278,636,293
2350,1,610,278,637,293
2351,1,610,275,638,291
2352,1,616,272,641,291
2353,1,617,271,642,290
2354,1,619,268,645,288
2355,1,620,272,646,291
2356,1,622,269,646,287
2357,1,623,269,646,286
2358,1,625,273,648,290
2359,1,626,269,647,285
2360,1,628,271,648,286
2361,1,630,273,648,286
2362,1,631,270,649,283
2363,1,632,272,649,285
2364,1,630,273,650,289
2365,1,629,268,653,286
2366,1,632,270,657,289
2367,1,633,270,657,289
2368,1,633,267,658,286
2369,1,635,270,659,288
2370,1,635,270,659,288
2371,1,636,270,661,289
2372,1,634,273,659,293
2373,1,634,273,659,293
2374,1,634,273,659,293
2375,1,634,276,659,296
2376,1,634,276,659,296
2377,1,637,282,658,302
2378,1,637,283,658,303
2379,1,636,284,657,304
2380,1,637,287,657,306
2381,1,637,287,657,306
2382,1,637,287,657,306
2383,1,637,289,657,308
2384,1,636,290,655,308
2385,1,631,296,656,315
2386,1,630,295,655,314
2387,1,630,295,655,314
2388,1,629,300,653,319
2389,1,628,299,652,318
2390,1,627,301,652,320
2391,1,627,301,652,320
2392,1,626,299,650,317
2393,1,626,302,650,320
2394,1,625,302,649,320
2395,1,625,300,648,318
2396,1,624,302,647,319
2397,1,623,299,646,317
2398,1,623,298,646,316
2399,1,623,301,646,318
2400,1,622,297,645,314
2401,1,622,295,644,312
2402,1,621,293,646,310
2403,1,621,290,646,307
2404,1,619,287,646,305
2405,1,619,285,643,301
2406,1,619,284,644,301
2407,1,618,283,643,300
2408,1,617,280,643,298
2409,1,618,279,643,296
2410,1,617,279,642,296
2411,1,618,277,642,293
2412,1,616,275,641,292
2413,1,617,274,642,291
2414,1,615,271,641,289
2415,1,616,273,641,290
2416,1,616,273,641,290
2417,1,616,269,642,285
2418,1,615,271,641,287
2419,1,616,270,643,287
2420,1,616,269,642,285
2421,1,617,272,643,288
2422,1,616,271,644,288
2423,1,617,270,645,287
2424,1,616,270,643,286
2425,1,618,272,643,288
2426,1,617,271,643,287
2427,1,617,271,643,287
2428,1,618,270,643,290
2429,1,619,269,644,289
2430,1,619,271,644,291
2431,1,620,275,645,295
2432,1,620,272,644,291
2433,1,621,273,644,292
2434,1,621,275,644,294
2435,1,622,274,645,292
2436,1,623,276,646,294
2437,1,623,277,645,295
2438,1,623,277,645,295
2439,1,623,277,645,295
2440,1,624,278,646,296
2441,1,624,276,647,295
2442,1,624,279,649,299
2443,1,623,278,647,297
2444,1,624,279,648,298
2445,1,624,283,648,302
2446,1,625,279,649,298
2447,1,625,280,649,299
2448,1,626,283,650,302
2449,1,626,279,651,299
2450,1,628,282,653,302
2451,1,628,285,651,304
2452,1,629,282,656,301
2453,1,630,285,657,304
2454,1,634,284,664,305
2455,1,635,282,665,303
2456,1,631,285,658,304
2457,1,632,284,658,303
2458,1,632,280,659,299
2459,1,632,281,658,299
2460,1,637,279,666,299
2461,1,633,277,656,295
2462,1,632,276,655,294
2463,1,632,275,656,293
2464,1,632,272,654,289
2465,1,632,271,655,289
2466,1,632,270,655,288
2467,1,632,267,655,285
2468,1,631,268,654,286
2469,1,631,266,654,284
2470,1,630,263,653,281
2471,1,630,264,653,282
2472,1,630,264,653,282
2473,1,630,262,653,280
2474,1,628,264,651,282
2475,1,630,262,651,279
2476,1,629,261,651,278
2477,1,630,263,651,280
2478,1,629,259,650,275
2479,1,630,258,651,274
2480,1,629,255,652,273
2481,1,629,250,652,268
2482,1,629,251,653,270
2483,1,628,247,652,266
2484,1,629,242,653,261
2485,1,630,242,654,261
2486,1,630,242,654,261
2487,1,631,233,655,252
2488,1,631,233,654,251
2489,1,632,230,656,249
2490,1,633,227,655,245
2491,1,633,226,655,244
2492,1,634,224,656,241
2493,1,634,220,656,237
2494,1,635,221,657,238
2495,1,636,219,658,236
2496,1,636,215,659,233
2497,1,636,215,658,232
2498,1,637,214,659,231
2499,1,638,210,661,228
2500,1,639,207,662,225
2501,1,639,206,662,224
2502,1,640,204,662,221
2503,1,641,202,663,220
2504,1,641,202,664,220
2505,1,642,199,664,217
2506,1,643,199,666,217
2507,1,643,200,665,217
2508,1,644,197,667,215
2509,1,644,197,667,215
2510,1,644,199,667,217
2511,1,644,196,667,214
2512,1,645,197,668,215
2513,1,645,199,668,217
2514,1,646,196,669,214
2515,1,647,198,669,215
2516,1,647,199,670,217
2517,1,648,197,671,215
2518,1,649,198,671,215
2519,1,650,198,672,215
2520,1,650,198,672,216
2521,1,651,199,673,217
2522,1,652,199,674,216
2523,1,653,198,675,215
2524,1,653,199,675,216
2525,1,654,199,676,216
2526,1,655,198,677,215
2527,1,655,201,677,219
2528,1,656,201,678,218
2529,1,657,200,680,216
2530,1,658,204,681,220
2531,1,658,204,681,220
2532,1,658,205,681,221
2533,1,652,208,675,224
2534,1,660,206,683,222
2535,1,660,208,683,224
2536,1,660,211,682,226
2537,1,660,209,683,225
2538,1,661,211,683,226
2539,1,661,213,683,228
2540,1,661,212,683,227
2541,1,660,211,684,228
2542,1,661,213,683,228
2543,1,662,214,684,229
2544,1,663,215,685,230
2545,1,663,215,685,230
2546,1,664,215,687,231
2547,1,664,216,686,231
2548,1,665,216,687,231
2549,1,666,217,688,232
2550,1,668,217,690,232
2551,1,669,218,691,233
2552,1,670,218,692,233
2553,1,670,218,695,235
2554,1,671,220,696,237
2555,1,673,219,698,236
2556,1,674,220,699,237
2557,1,676,221,701,238
2558,1,678,221,703,238
2559,1,680,222,705,239
2560,1,682,222,707,239
2561,1,684,222,709,239
2562,1,686,222,712,240
2563,1,689,222,716,240
2564,1,692,222,718,240
2565,1,693,222,722,242
2566,1,695,221,725,242
2567,1,698,222,728,243
2568,1,700,222,729,242
2569,1,704,223,732,242
2570,1,706,222,736,243
2571,1,708,223,738,244
2572,1,710,224,740,245
2573,1,713,223,743,244
2574,1,715,224,744,244
2575,1,719,225,746,244
2576,1,721,227,748,246
2577,1,724,228,750,246
2578,1,724,228,750,246
2579,1,728,229,752,246
2580,1,727,225,749,247
2581,1,728,224,751,247
2865,1,390,149,407,163
2866,1,392,148,409,162
2867,1,388,145,404,158
2868,1,391,148,407,162
2869,1,388,146,404,159
2870,1,388,146,405,160
2871,1,386,145,403,159
2872,1,385,144,401,157
2873,1,385,144,400,157
2874,1,386,144,402,157
2875,1,384,141,399,154
2876,1,385,141,400,154
2877,1,383,142,399,155
2878,1,381,140,396,153
2879,1,381,140,397,153
2880,1,381,141,396,153
2881,1,379,138,394,151
2882,1,379,139,394,152
2883,1,379,138,395,151
2884,1,379,136,393,148
2885,1,378,138,396,150
2886,1,378,136,396,148
2887,1,379,136,396,147
2888,1,377,138,395,150
2889,1,378,135,397,147
2890,1,378,135,396,147
2891,1,379,135,398,147
2892,1,377,132,394,143
2893,1,379,133,397,145
2894,1,379,131,397,143
2895,1,378,131,396,143
2896,1,378,131,395,143
2897,1,380,129,398,141
2898,1,377,128,395,140
2899,1,380,129,399,142
2900,1,380,128,397,139
2901,1,379,129,397,141
2902,1,381,129,398,140
2903,1,381,128,399,140
2904,1,381,130,397,142
2905,1,383,128,399,140
2906,1,383,128,399,140
2907,1,383,129,399,141
2908,1,383,127,401,140
2909,1,381,128,399,142
2910,1,383,128,401,141
2911,1,382,127,400,141
2912,1,381,128,400,142
2913,1,381,127,401,142
2914,1,381,129,400,143
2915,1,382,130,400,143
2916,1,382,130,401,144
2917,1,379,131,398,145
2918,1,382,132,399,145
2919,1,379,131,400,147
2920,1,379,132,401,149
2921,1,379,133,399,148
2922,1,379,136,399,151
2923,1,375,135,397,152
2924,1,377,135,399,151
2925,1,377,135,399,151
2926,1,380,136,399,150
2927,1,377,137,396,151
2928,1,375,137,394,152
2929,1,372,136,392,151
2930,1,373,137,393,152
2931,1,371,135,391,150
2932,1,371,135,392,151
2933,1,370,136,389,151
2934,1,369,136,389,151
2935,1,373,136,393,151
2936,1,373,136,394,152
2937,1,373,136,394,152
2938,1,373,136,394,152
2939,1,370,135,392,152
2940,1,370,136,393,153
2941,1,370,136,392,152
2942,1,371,136,392,152
2943,1,370,136,391,152
2944,1,370,136,392,152
2945,1,369,139,388,153
2946,1,369,140,388,154
2947,1,369,141,387,155
2948,1,369,142,388,156
2949,1,369,145,387,159
2950,1,373,157,388,170
2951,1,372,160,387,173
2952,1,372,164,387,177
2953,1,371,169,387,183
2954,1,371,172,387,186
2955,1,371,178,386,191
2956,1,371,182,386,195
2957,1,370,186,385,199
2958,1,373,188,392,201
2959,1,374,191,392,203
2960,1,374,195,392,207
2961,1,374,198,392,210
2962,1,373,200,391,212
2963,1,373,201,393,215
2964,1,374,201,392,213
2990,1,378,246,397,260
2991,1,377,250,396,264
2992,1,379,255,397,268
2993,1,377,259,396,273
2994,1,379,265,397,278
2995,1,378,273,396,286
2996,1,376,281,393,294
2997,1,376,289,393,301
2998,1,375,300,391,312
2999,1,374,308,391,320
3000,1,374,315,390,327
3001,1,373,324,390,337
3002,1,373,332,391,345
3003,1,376,338,393,350
3004,1,369,345,389,359
3050,1,293,255,314,274
3051,1,294,256,314,274
3052,1,294,256,314,274
3053,1,294,256,314,274
3054,1,290,258,311,277
3055,1,290,258,311,277
3056,1,290,258,311,277
3057,1,282,253,308,277
3058,1,286,255,309,275
3059,1,286,255,309,275
3060,1,284,254,307,275
3061,1,281,254,303,274
3062,1,283,259,304,278
3063,1,280,257,303,278
3065,1,279,266,298,282
3066,1,281,267,299,282
3067,1,282,267,297,280
3068,1,276,270,294,285
3069,1,276,270,295,286
3070,1,278,270,296,286
3071,1,278,275,296,290
3164,1,262,234,277,249
3165,1,262,230,277,245
3166,1,264,230,279,245
3167,1,265,232,279,246
3168,1,265,227,280,242
3187,2,722,291,752,321,286,215,301,231
3188,2,719,290,751,320,287,217,302,233
3189,2,713,287,755,318,287,215,302,231
3190,2,710,285,754,315,288,214,303,230
3191,2,705,285,747,315,288,217,303,233
3192,2,702,279,749,308,288,213,304,230
3193,2,698,274,743,302,289,211,304,227
3194,2,695,273,739,300,289,212,304,229
3195,2,690,262,733,289,289,206,305,223
3196,2,686,259,728,285,290,206,306,223
3197,2,683,256,722,280,290,206,306,223
3198,2,679,248,715,270,289,201,304,217
3199,2,677,245,711,266,289,202,304,218
3200,2,672,241,707,262,289,200,305,217
3201,2,667,233,700,253,289,195,305,212
3202,2,661,232,695,253,288,198,304,215
3203,2,657,230,688,249,288,196,304,213
3204,2,650,223,682,243,290,192,302,204
3205,2,644,223,677,243,290,194,302,206
3206,2,638,221,670,241,289,192,301,204
3207,2,633,215,665,235,289,189,301,201
3208,2,627,218,660,238,289,192,301,204
3209,2,623,215,652,233,288,186,301,199
3210,2,619,208,648,235,288,185,299,196
3211,2,613,214,640,239,287,191,298,202
3212,2,607,211,636,238,287,190,298,201
3213,2,602,211,629,236,287,189,298,200
3214,2,596,215,623,240,287,191,297,201
3215,2,588,210,618,241,287,188,298,199
3216,2,587,207,618,239,287,185,297,195
3217,2,579,213,614,236,287,186,297,196
3218,2,573,215,609,238,287,187,297,197
3219,2,567,217,603,240,288,186,298,196
3220,2,560,217,597,241,288,184,298,194
3221,2,554,219,592,244,288,183,298,193
3222,2,548,220,585,244,288,181,298,191
3223,1,543,225,578,247
3224,1,537,230,570,251
3225,1,531,230,565,251
3226,1,524,229,559,251
3227,1,517,231,551,253
3228,1,511,235,545,256
3229,1,505,231,539,253
3230,1,499,230,533,251
3231,1,491,233,526,255
3232,1,486,232,518,252
3233,1,480,232,510,251
3234,1,473,233,504,253
3235,1,465,236,495,259
3236,1,459,233,489,256
3237,1,451,233,481,256
3238,1,445,232,475,255
3239,1,437,230,467,253
3240,1,431,230,461,253
3241,1,423,225,453,248
3242,1,417,226,448,250
3243,1,408,224,439,248
3244,1,402,218,434,242
3245,1,394,218,425,242
3246,1,388,218,419,242
3247,1,380,213,411,237
3248,1,373,212,405,237
3249,1,372,211,398,231
3260,1,284,190,318,211
3261,1,274,188,311,208
3263,1,267,191,300,209
3264,1,265,188,294,210
3265,1,259,192,290,211
3266,1,250,191,285,210
3267,1,250,193,285,212
3268,1,241,192,275,213
3269,1,236,190,272,211
3270,1,230,190,268,213
3271,1,226,190,262,209
3272,1,218,189,253,206
3273,1,213,192,248,209
3274,1,209,190,245,208
3275,1,205,187,240,204
3276,1,201,190,237,208
3277,1,197,190,231,207
3278,1,192,188,226,206
3279,1,186,185,221,205
3280,1,181,186,217,203
3281,1,181,189,214,205
3282,1,175,187,210,207
3283,1,170,187,206,205
3284,1,164,186,198,205
3285,1,161,185,195,203
3286,1,158,186,191,205
3287,1,152,185,187,205
3288,1,151,186,186,206
3289,1,142,186,179,207
3290,1,140,184,173,202
3291,1,135,188,169,206
3292,1,130,189,163,207
3293,1,129,187,162,205
3294,1,118,190,151,209
3295,1,113,189,145,209
3296,1,107,186,140,207
3297,1,101,192,135,210
3298,1,97,191,130,207
3299,1,91,190,124,206
3300,1,86,194,119,210
3301,1,81,192,113,207
3302,1,76,191,108,209
3303,1,71,193,103,211
3304,1,69,191,99,208
3305,1,64,189,97,208
3306,1,53,191,89,208
3307,1,47,190,85,208
3308,1,42,190,81,209
3309,1,39,193,72,208
3310,1,34,192,67,207
3311,1,29,195,62,210
3312,1,23,195,57,210
3313,1,19,195,56,212
3314,1,14,199,48,214
3315,1,11,199,43,213
3316,1,4,202,37,217
3317,1,3,204,35,218
3318,1,-2,205,30,219
3644,1,2,216,29,243
3645,1,6,213,36,242
3646,1,10,217,36,242
3647,1,15,216,42,239
3648,1,21,213,47,239
3649,1,27,218,52,243
3650,1,31,217,55,241
3651,1,36,216,60,240
3652,1,41,219,64,242
3653,1,45,217,68,240
3654,1,51,218,74,241
3655,1,55,221,77,243
3656,1,61,217,83,239
3657,1,65,220,87,242
3658,1,71,222,93,244
3659,1,75,216,97,238
3660,1,81,219,102,240
3661,1,86,221,106,241
3662,1,92,216,112,236
3663,1,97,219,117,239
3664,1,103,219,123,239
3665,1,106,216,131,234
3666,1,112,219,136,236
3667,1,118,217,141,233
3668,1,123,215,145,231
3669,1,129,219,151,235
3670,1,135,218,155,232
3671,1,141,216,162,231
3672,1,145,217,165,231
3673,1,151,216,171,230
3674,1,156,216,176,230
3675,1,163,217,182,230
3676,1,167,214,185,227
3677,1,172,216,192,231
3696,1,259,207,285,225
3697,1,262,207,286,224
3698,1,271,208,300,224
3699,1,275,206,307,223
3700,1,282,209,311,225
3701,1,285,207,318,225
3702,1,295,212,322,227
3703,1,300,213,329,229
3704,1,304,211,333,227
3705,1,310,214,336,228
3706,1,312,214,338,229
3707,1,320,212,341,227
3708,1,324,215,343,229
3709,1,327,214,347,230
3710,1,336,213,357,228
3711,1,342,218,362,232
3712,1,349,216,369,230
3713,1,352,213,371,227
3716,2,364,211,388,224,398,179,413,191
3717,2,368,213,388,224,396,179,412,191
3718,2,370,210,389,220,395,175,411,188
3719,1,382,209,401,221
3731,1,433,191,452,210
3732,1,436,190,458,206
3733,1,438,188,462,205
3734,1,445,186,471,199
3735,1,450,184,475,200
3736,1,455,184,479,199
3737,1,459,181,481,195
3738,1,463,181,486,196
3739,1,465,179,486,193
3740,1,467,176,489,190
3741,1,469,177,491,191
3742,1,474,174,495,187
3743,1,477,172,497,185
3745,1,483,171,505,183
3746,1,485,170,508,183
3747,1,487,171,508,182
3748,1,491,167,514,180
3749,1,491,167,514,180
3750,1,497,168,518,179
3751,1,500,162,520,173
3752,1,503,165,523,176
3753,1,505,164,525,175
3754,1,506,162,528,174
3755,1,509,165,530,181
3756,1,511,162,532,178
3757,1,514,161,535,177
3758,1,517,167,537,182
3759,1,521,163,541,180
3763,1,529,168,550,183
3764,1,530,169,553,185
3765,1,533,169,555,185
3766,1,535,170,558,186
3767,1,538,173,560,189
3768,1,540,171,562,186
3769,1,543,175,564,190
3770,1,545,175,563,188
3771,1,548,173,566,186
3774,1,555,173,579,186
3775,1,562,174,584,189
3776,1,563,176,587,189
3777,1,562,174,587,189
3778,1,566,175,590,189
3779,1,566,178,589,192
3780,1,570,173,593,188
3829,1,582,178,600,194
3830,1,581,178,599,194
3831,1,581,179,599,195
3832,1,580,179,600,197
3833,1,577,179,595,194
3834,1,575,180,593,195
3835,1,572,180,593,197
3836,1,570,179,590,195
3837,1,568,181,587,197
3838,1,567,181,585,196
3839,1,565,182,583,197
3840,1,563,183,581,198
3841,1,562,182,579,196
3842,1,560,181,576,195
3843,1,558,181,574,194
3844,1,557,182,571,194
3845,1,547,182,568,197
3846,1,544,183,567,200
3847,1,542,182,565,199
3848,1,540,184,563,201
3849,1,543,187,566,203
3850,1,538,188,560,201
3851,1,538,190,559,203
3852,1,537,192,558,205
3853,1,530,192,553,207
3854,1,530,194,553,209
3855,1,531,198,552,211
3856,1,524,198,546,214
3857,1,522,199,545,212
3858,1,521,200,541,213
3859,1,520,200,539,213
3860,1,519,201,540,216
3861,1,511,203,537,217
3862,1,510,203,536,217
3863,1,510,203,536,217
3872,1,495,209,516,223
3873,1,495,209,516,223
3874,1,495,211,515,225
3875,1,492,212,514,227
3876,1,492,213,513,227
3877,1,492,214,513,228
3878,1,492,214,514,229
3879,1,491,217,513,233
3880,1,490,220,513,234
3881,1,490,223,514,238
3882,1,496,224,519,239
3883,1,491,228,515,243
3884,1,490,229,514,244
3885,1,491,229,515,244
3886,1,489,235,513,251
3887,1,489,238,512,253
3888,1,490,242,513,257
3889,1,488,247,513,263
3890,1,489,249,514,265
3891,1,489,252,515,269
3892,1,489,255,514,272
3893,1,488,257,515,275
3894,1,488,258,515,276
3895,1,489,262,516,280
3896,1,489,261,516,279
3897,1,492,268,514,284
3898,1,492,271,515,288
3899,1,491,273,515,291
3900,1,491,276,515,294
3901,1,490,278,515,296
3902,1,494,280,512,298
3903,1,491,286,513,303
3904,1,490,288,512,305
3905,1,490,291,512,308
3906,1,489,294,511,311
3907,1,488,296,510,313
3908,1,488,298,509,314
3909,1,488,301,509,317
3910,1,488,303,510,320
3911,1,487,304,509,321
3912,1,487,303,508,320
3913,1,487,306,508,322
3914,1,486,307,507,323
3915,1,486,305,507,321
3916,1,486,308,506,323
3917,1,486,308,506,323
3918,1,486,305,505,320
3919,1,486,305,505,320
3920,1,483,309,507,325
3921,1,483,307,506,322
3922,1,482,309,505,324
3923,1,482,309,505,324
3924,1,482,309,505,324
3925,1,480,309,502,324
3926,1,479,308,501,323
3927,1,480,309,501,324
3928,1,478,311,501,326
3929,1,478,309,499,324
3930,1,477,314,499,329
3931,1,476,312,498,327
3932,1,476,312,499,328
3933,1,476,315,499,330
3934,1,475,315,499,331
3935,1,475,317,499,334
3936,1,474,315,499,332
3937,1,474,319,500,336
3938,1,474,322,497,337
3939,1,475,322,498,337
3940,1,475,325,498,340
3941,1,475,325,499,341
3942,1,476,327,499,342
3943,1,476,329,500,345
3944,1,477,330,500,345
3945,1,478,331,502,346
3946,1,479,332,503,348
3947,1,480,333,504,349
3948,1,480,333,507,351
3949,1,481,333,507,350
3950,1,483,334,508,351
3951,1,487,335,509,350
3952,1,489,335,512,350
3953,1,489,335,512,350
3954,1,493,339,514,354
3955,1,493,338,514,353
3956,1,496,338,517,353
3957,1,495,338,517,353
3958,1,495,338,517,353
3959,1,495,338,517,353
3960,1,499,342,521,358
3961,1,499,341,521,357
3962,1,501,342,522,358
3963,1,501,342,522,358
3964,1,501,342,522,358
3965,1,501,342,522,358
3966,1,501,342,522,358
3967,1,501,342,522,358
3968,1,501,342,522,358
3969,1,501,342,522,358
3970,1,501,342,522,358
3971,1,501,342,522,358
3972,1,501,342,522,358
3973,1,501,342,522,358
3974,1,501,344,521,360
3975,1,501,346,521,361
3976,1,500,345,521,361
3977,1,499,346,520,362
3978,1,499,346,520,362
3979,1,502,349,521,364
3980,1,501,351,520,366
3981,1,500,351,519,366
3982,1,499,354,517,368
3983,1,499,354,517,368
3984,1,499,354,517,368
3985,1,496,356,516,371
3986,1,497,356,515,370
3987,1,497,356,515,370
3988,1,497,356,515,370
3989,1,497,353,513,367
3990,1,498,352,514,366
3991,1,496,348,511,361
3992,1,496,348,511,361
3997,1,487,330,508,346
3998,1,487,333,507,348
3999,1,488,329,509,345
4000,1,483,328,504,344
4001,1,487,329,508,345
4002,1,487,329,508,345
4003,1,487,329,508,345
4004,1,486,325,509,342
4005,1,487,322,510,339
4006,1,486,324,509,341
4007,1,486,324,509,341
4008,1,486,322,505,339
4009,1,487,328,504,343
4010,1,485,325,504,343
4011,1,486,326,504,343
4012,1,486,326,504,343
4013,1,482,326,501,345
4014,1,482,326,501,345
4015,1,481,327,500,346
4016,1,481,330,499,346
4017,1,480,328,499,347
4018,1,479,328,498,347
4019,1,479,328,498,347
4020,1,478,332,497,347
4021,1,477,328,496,347
4022,1,477,328,496,347
4023,1,476,329,495,348
4024,1,476,329,495,348
4025,1,475,329,494,348
4026,1,475,328,494,347
4027,1,474,328,493,347
4028,1,474,326,493,345
4029,1,473,324,492,343
4030,1,472,324,491,343
4031,1,472,324,491,343
4032,1,471,325,490,339
4033,1,470,324,489,343
4034,1,470,323,489,342
4035,1,469,321,488,340
4036,1,468,321,487,340
4037,1,468,321,487,340
4038,1,466,322,485,341
4039,1,464,322,483,341
4040,1,462,321,481,340
4041,1,462,319,481,338
4042,1,460,319,479,338
4043,1,458,320,477,339
4044,1,456,321,475,340
4045,1,455,322,474,341
4046,1,452,321,471,340
4047,1,451,320,470,339
4048,1,448,323,467,337
4049,1,448,320,466,335
4050,1,445,318,464,334
4051,1,443,319,462,334
4052,1,441,314,460,331
4053,1,440,312,459,330
4054,1,438,312,457,329
4055,1,438,312,457,327
4056,1,436,309,455,325
4057,1,435,307,454,323
4058,1,433,307,452,322
4059,1,432,305,450,321
4060,1,429,302,448,318
4061,1,428,304,447,320
4062,1,426,300,445,316
4063,1,425,298,444,317
4064,1,423,300,442,314
4065,1,423,294,442,313
4066,1,421,292,440,311
4067,1,421,292,440,311
4068,1,419,292,438,311
4069,1,419,291,438,310
4070,1,417,289,436,308
4071,1,416,287,435,306
4072,1,414,284,433,303
4073,1,413,283,432,302
4074,1,412,282,431,301
4075,1,411,282,430,301
4076,1,410,279,429,298
4077,1,408,275,427,294
4078,1,406,269,425,288
4079,1,406,265,425,284
4080,1,404,261,423,280
4081,1,404,259,423,278
4082,1,402,255,421,274
4083,1,402,251,421,270
4084,1,400,244,419,263
4085,1,399,241,418,254
4086,1,397,235,416,254
4087,1,396,232,415,251
4088,1,394,228,413,247
4089,1,394,225,413,244
4090,1,392,220,411,239
4091,1,391,216,410,235
4092,1,389,211,408,230
4093,1,389,209,408,228
4094,1,388,205,407,224
4095,1,387,203,406,222
4096,1,386,200,405,219
4097,1,385,200,404,219
4098,1,383,197,402,216
4099,1,383,196,402,215
4100,1,381,201,403,216
4101,1,381,200,403,215
4102,1,380,199,402,214
4103,1,380,204,402,219
4104,1,379,205,401,220
4105,1,380,210,401,224
4106,1,378,211,400,226
4107,1,378,211,400,226
4108,1,378,215,400,230
4109,1,378,217,400,232
4110,1,377,219,399,234
4111,1,377,219,400,234
4112,1,377,218,397,231
4113,1,377,220,397,233
4114,1,377,219,397,232
4115,1,377,218,397,231
4116,1,377,218,397,231
4117,1,375,217,395,230
4118,1,375,218,394,231
4119,1,374,219,394,232
4120,1,373,214,393,227
4121,1,373,214,392,227
4122,1,372,214,391,226
4123,1,372,210,391,222
4124,1,371,209,390,221
4125,1,370,209,389,221
4126,1,371,203,389,215
4127,1,368,201,386,213
4128,1,367,195,386,208
4129,1,365,189,385,202
4130,1,364,185,384,198
4131,1,362,184,381,197
4132,1,361,179,380,191
4133,1,360,182,379,194
4134,1,360,178,378,190
4135,1,359,178,376,189
4136,1,359,180,376,191
4137,1,358,176,375,187
4138,1,357,178,374,189
4139,1,357,178,374,189
4140,1,357,175,374,186
4141,1,357,180,374,191
4142,1,357,178,374,189
4143,1,356,177,373,188
4144,1,357,183,374,194
4145,1,357,183,374,194
4146,1,357,183,373,194
4147,1,357,188,373,198
4148,1,357,187,373,197
4149,1,357,189,372,199
4150,1,355,190,374,202
4151,1,355,189,374,201
4152,1,356,193,375,205
4153,1,356,194,374,206
4154,1,356,192,374,203
4155,1,357,195,376,207
4156,1,357,198,375,210
4157,1,358,197,376,208
4158,1,358,199,375,210
4159,1,359,199,376,210
4160,1,359,197,376,208
4161,1,359,200,376,211
4162,1,360,200,377,211
4163,1,360,195,377,206
4164,1,360,198,377,209
4165,1,360,198,377,209
4166,1,361,194,377,204
4167,1,361,197,377,207
4168,1,361,195,377,205
4169,1,359,188,377,202
4170,1,359,193,377,207
4171,1,359,192,376,206
4172,1,359,190,376,203
4173,1,359,193,376,206
4174,1,358,190,375,203
4175,1,358,190,376,204
4176,1,358,194,376,208
4177,1,357,191,375,205
4178,1,357,191,376,205
4243,1,360,224,377,240
4244,1,361,223,378,239
4245,1,363,223,380,239
4246,1,364,222,382,239
4247,1,366,222,384,239
4248,1,366,222,387,238
4249,1,368,222,389,238
4250,1,370,223,391,239
4251,1,371,222,393,238
4252,1,379,220,397,235
4253,1,381,221,399,236
4254,1,383,220,402,236
4255,1,387,221,405,236
4272,1,419,224,440,236
4273,1,419,225,439,236
4274,1,421,227,441,238
4275,1,422,225,444,238
4276,1,424,224,446,237
4277,1,423,222,446,235
4278,1,427,224,447,236
4279,1,429,224,450,236
4280,1,432,227,451,238
4281,1,432,227,451,238
4282,1,434,227,452,237
4283,1,437,227,456,238
4284,1,437,227,455,237
4285,1,439,229,458,240
4286,1,440,227,460,238
4287,1,442,229,460,239
4288,1,442,229,460,239
4289,1,445,229,463,239
4290,1,444,227,462,237
4291,1,446,230,464,240
4292,1,448,230,466,240
4293,1,452,232,470,242
4294,1,449,234,468,245
4295,1,454,234,472,244
4296,1,454,234,473,245
4297,1,456,235,474,245
4298,1,460,236,478,246
4299,1,455,235,474,246
4300,1,457,238,475,248
4301,1,459,236,479,247
4302,1,461,238,481,249
4303,1,462,239,483,251
4304,1,465,240,483,250
4305,1,463,236,485,249
4335,1,487,254,508,269
4336,1,489,253,510,268
4337,1,488,251,510,266
4338,1,491,251,512,266
4339,1,490,250,511,265
4340,1,492,250,513,265
4341,1,492,248,513,263
4342,1,494,248,517,264
4343,1,494,246,516,262
4344,1,495,242,518,258
4345,1,494,243,517,259
4346,1,496,242,519,258
4347,1,496,242,519,258
4348,1,497,245,520,261
4349,1,497,243,520,259
4350,1,498,244,521,260
4351,1,499,245,522,261
4352,1,499,243,521,258
4353,1,500,246,523,262
4354,1,501,247,524,263
4355,1,502,249,525,265
4356,1,503,251,526,267
4357,1,505,248,528,264
4358,1,507,252,528,265
4359,1,509,252,531,265
4360,1,509,250,530,263
4361,1,511,250,533,263
4362,1,512,247,534,261
4363,1,514,247,536,261
4364,1,515,247,538,261
4365,1,516,244,539,258
4366,1,518,246,541,260
4367,1,520,245,543,259
4368,1,522,244,545,258
4369,1,530,250,547,261
4370,1,533,249,550,260
4371,1,535,250,552,261
4372,1,538,253,555,264
4373,1,540,254,557,265
4374,1,542,256,560,267
4375,1,547,255,565,267
4376,1,550,257,568,269
4377,1,553,258,571,270
4378,1,555,259,573,271
4379,1,557,258,575,270
4380,1,560,257,578,269
4381,1,562,258,580,270
4382,1,564,262,582,273
4383,1,566,259,584,271
4384,1,569,260,587,272
4385,1,570,263,588,275
4386,1,573,260,592,272
4387,1,574,260,593,272
4388,1,577,262,596,274
4389,1,578,260,597,272
4390,1,580,260,599,272
4391,1,582,260,601,272
4392,1,584,259,602,271
4393,1,585,260,603,272
4394,1,586,260,604,272
4395,1,588,259,607,271
4396,1,588,259,606,271
4397,1,589,261,607,273
4398,1,589,259,606,270
4399,1,590,261,608,273
4400,1,589,263,607,275
4401,1,589,262,607,274
4402,1,589,264,607,276
4403,1,589,268,607,280
4404,1,589,268,607,279
4405,1,589,271,608,283
4406,1,589,275,606,286
4407,1,589,275,606,286
4408,1,589,279,607,290
4409,1,589,281,605,292
4410,1,590,280,606,291
4411,1,589,285,605,295
4412,1,590,288,606,298
4413,1,590,286,606,297
4414,1,591,291,607,302
4415,1,591,292,608,303
4416,1,592,290,610,301
4417,1,592,294,609,305
4418,1,593,294,611,306
4419,1,594,291,612,303
4420,1,598,295,614,305
4421,1,599,293,615,307
4422,1,601,293,616,305
4423,1,598,297,617,309
4424,1,599,296,618,308
4425,1,602,293,619,306
4426,1,605,296,621,310
4427,1,605,293,620,308
4428,1,607,293,622,308
4429,1,607,294,622,309
4430,1,609,293,624,308
4431,1,610,292,625,307
4432,1,612,291,627,306
4433,1,613,291,628,306
4434,1,615,292,630,307
4435,1,615,294,630,309
4436,1,617,296,632,311
4437,1,618,296,633,311
4438,1,619,296,634,311
4439,1,619,296,634,311
4440,1,619,295,634,310
4441,1,620,295,635,310
4442,1,620,295,635,310
4443,1,621,294,636,309
4444,1,621,293,636,308
4445,1,620,293,635,308
4446,1,619,290,634,305
4447,1,618,288,633,303
4448,2,616,287,631,302,428,236,446,254
4449,2,615,284,630,299,430,234,448,252
4450,2,615,281,630,296,431,232,450,251
4451,2,613,276,628,291,435,229,454,248
4452,2,611,275,626,290,439,230,455,245
4453,2,609,270,624,285,440,226,460,242
4454,2,609,268,624,283,442,225,461,244
4455,2,606,262,621,277,446,222,465,241
4456,2,605,259,620,274,447,220,466,239
4457,2,602,254,617,269,453,219,470,236
4458,2,600,252,615,267,455,216,472,236
4459,2,598,248,613,263,453,212,476,234
4460,2,596,246,611,261,455,209,478,233
4461,2,594,242,609,257,458,211,481,231
4462,2,592,240,607,255,459,206,483,230
4463,2,589,237,604,252,466,208,489,227
4464,2,588,235,603,250,469,208,490,228
4465,2,585,233,600,248,470,207,494,227
4466,2,583,232,598,247,474,207,497,226
4467,2,581,229,596,244,478,205,500,223
4468,2,580,230,593,243,482,206,502,223
4469,2,577,230,590,243,486,206,506,222
4470,2,576,226,589,239,491,203,509,218
4471,2,574,227,587,240,495,204,513,219
4472,1,495,200,519,220
4473,1,499,197,523,217
4474,1,506,199,532,218
4475,1,510,198,537,217
4476,1,521,200,548,220
4477,1,527,200,553,219
4478,1,532,199,558,218
4479,1,539,200,567,220
4480,1,544,197,572,218
4481,1,552,198,580,218
4482,1,559,196,587,217
4483,1,566,190,593,210
4484,1,574,189,600,208
4485,1,582,184,609,204
4486,1,589,177,617,197
4487,1,597,170,626,191
4488,1,604,162,633,183
4494,1,663,108,686,124
4495,1,674,98,699,114
4496,1,684,86,710,103
4497,1,695,76,721,93
4498,1,706,64,733,82
4499,1,718,50,745,67
4500,1,726,38,754,59
4509,1,530,225,545,240
4510,1,530,226,545,241
4511,1,530,226,545,241
4512,1,530,227,544,242
4513,1,529,228,544,242
4514,1,529,228,543,242
4515,1,529,228,543,242
4516,1,529,228,543,242
4517,1,530,229,544,243
4518,1,530,231,544,245
4519,1,530,232,544,246
4520,1,530,231,544,245
4521,1,530,232,544,246
4522,1,532,233,545,246
4523,1,532,232,545,245
4524,1,533,233,547,247
4525,1,534,231,548,245
4526,1,535,232,549,246
4527,1,535,234,551,252
4528,1,536,232,552,249
4529,1,537,233,553,251
4530,1,538,232,553,249
4531,1,539,229,555,247
4532,1,540,232,556,250
4533,1,541,229,557,247
4534,1,542,230,559,249
4535,1,543,231,560,250
4536,1,544,228,561,247
4537,1,545,231,562,250
4538,1,546,231,563,250
4539,1,548,234,566,248
4540,1,551,235,565,249
4541,1,552,236,566,250
4542,1,554,239,568,253
4543,1,554,239,569,254
4544,1,556,241,571,256
4545,1,557,242,572,257
4546,1,559,244,574,259
4547,1,559,244,574,259
4548,1,561,245,576,260
4549,1,562,244,577,259
4550,1,564,246,579,261
4551,1,565,249,580,264
4552,1,567,251,582,266
4553,1,568,251,583,266
4554,1,570,251,584,265
4555,1,570,250,585,265
4556,1,572,251,586,265
4557,1,572,251,586,265
4558,1,574,252,588,266
4559,1,574,252,589,267
4560,1,576,251,591,266
4561,1,576,250,592,266
4562,1,578,248,594,264
4563,1,578,248,594,264
4564,1,580,248,596,264
4565,1,581,250,597,266
4566,1,583,250,599,266
4567,1,584,249,600,265
4568,1,586,248,602,264
4569,1,586,249,602,265
4570,1,588,250,604,266
4571,1,590,251,606,267
4572,1,589,253,607,271
4573,1,590,256,608,274
4574,1,591,255,608,272
4575,1,591,258,609,276
4576,1,592,262,610,280
4577,1,593,262,610,279
4578,1,594,267,610,283
4579,1,594,269,611,286
4580,1,594,271,611,288
4581,1,594,278,613,295
4582,1,592,282,612,297
4583,1,592,282,612,297
4584,1,591,290,612,305
4585,1,592,296,612,310
4586,1,590,299,610,313
4587,1,590,303,611,318
4588,1,589,309,611,324
4589,1,588,312,609,327
4590,1,587,316,609,332
4591,1,587,322,609,338
4592,1,586,324,607,339
4593,1,586,325,608,341
4594,1,585,328,607,344
4595,1,585,329,608,345
4596,1,584,329,607,345
4597,1,585,331,608,348
4598,1,589,336,606,351
4599,1,589,338,607,354
4600,1,589,338,606,353
4601,1,590,340,606,354
4602,1,590,344,607,359
4603,1,590,341,607,356
4604,1,590,343,608,359
4605,1,591,345,609,360
4606,1,591,342,609,358
4607,1,591,345,609,361
4608,1,591,345,610,361
4609,1,590,345,611,361
4610,1,591,347,611,362
4611,1,591,347,611,362
4612,1,591,349,611,364
4613,1,590,352,610,367
4614,1,591,353,612,369
4615,1,590,355,612,372
4616,1,590,357,612,374
4617,1,589,358,609,375
4618,1,590,359,610,376
4619,1,589,357,609,374
4620,1,591,360,611,377
4621,1,591,360,611,377
4622,1,592,360,608,376
4623,1,593,361,609,377
4624,1,593,362,609,378
4625,1,594,362,610,378
4626,1,595,361,611,377
4627,1,595,361,611,377
4628,1,597,360,613,376
4629,1,597,359,613,375
4630,1,599,359,615,375
4631,1,599,358,615,374
4632,1,600,357,616,373
4633,1,601,356,617,372
4634,1,602,354,618,370
4635,1,602,354,618,370
4636,1,604,352,620,368
4637,1,605,350,621,366
4638,1,605,346,620,361
4639,1,610,347,625,362
4640,1,611,345,624,358
4641,1,615,341,630,355
4642,1,615,339,630,353
4643,1,618,336,633,350
4644,1,619,332,635,347
4645,1,623,333,638,347
4646,1,623,327,638,341
4647,1,626,323,642,337
4648,1,626,322,642,337
4649,1,629,318,645,333
4650,1,631,314,647,329
4651,1,632,317,647,331
4652,1,632,317,647,331
4653,1,637,313,653,327
4654,1,632,316,654,330
4655,1,634,311,654,326
4656,1,635,311,656,327
4657,1,635,314,656,330
4658,1,635,314,656,330
4659,1,635,314,656,330
4660,1,635,314,656,330
4661,1,635,314,656,330
4662,1,635,314,656,330
4663,1,635,314,656,330
4664,1,635,314,656,330
4665,1,641,317,660,334
4666,1,643,318,662,335
4667,1,643,316,661,332
4668,1,645,317,664,334
4669,1,645,315,664,330
4670,1,646,314,665,329
4671,1,646,314,665,329
4672,1,647,309,667,323
4673,1,648,309,668,323
4674,1,652,308,670,321
4675,1,653,304,671,317
4676,1,654,305,671,317
4677,1,656,303,673,315
4678,1,657,300,674,312
4679,1,659,301,676,313
4680,1,660,299,677,311
4681,1,661,299,680,312
4682,1,661,299,680,313
4683,1,658,293,679,312
4684,1,658,294,678,313
4685,1,662,293,683,312
4686,1,668,290,683,305
4687,1,668,290,683,305
4688,1,663,282,685,299
4689,1,670,285,690,299
4690,1,671,282,692,297
4691,1,671,282,692,297
4692,1,671,282,692,297
4693,1,672,287,693,304
4694,1,672,293,693,310
4695,1,671,294,692,311
4696,1,670,297,692,315
4697,1,669,300,690,317
4698,1,669,308,690,326
4699,1,667,312,689,330
4700,1,666,316,687,333
4701,1,664,323,683,341
4702,1,663,328,682,346
4703,1,661,333,680,351
4704,1,660,340,679,358
4705,1,659,343,677,360
4706,1,657,347,678,364
4707,1,657,350,676,364
4708,1,657,352,676,366
4709,1,655,353,674,367
4710,1,655,351,674,365
4711,1,653,349,673,364
4712,1,654,348,672,361
4713,1,653,344,671,357
4714,1,654,342,672,355
4715,1,653,338,672,352
4737,1,661,360,683,377
4738,1,661,356,683,373
4739,1,661,359,684,376
4740,1,662,358,685,376
4741,1,666,355,685,370
4742,1,666,355,685,370
4743,1,666,355,685,370
4744,1,666,355,685,370
4745,1,666,355,685,370
4746,1,666,351,686,367
4747,1,667,347,687,364
4748,1,666,351,686,367
4749,1,669,346,687,363
4766,1,676,302,695,317
4767,1,675,293,695,309
4768,1,676,287,696,303
4769,1,675,281,695,297
4770,1,676,271,696,287
4771,1,676,264,695,279
4772,1,676,256,696,272
4773,1,676,244,694,258
4774,1,678,240,694,253
4775,1,678,231,693,243
4802,1,669,163,681,175
4803,1,669,163,681,175
4804,1,668,163,681,176
4805,1,668,168,681,181
4806,1,668,172,681,185
4807,1,668,182,681,195
4808,1,667,188,680,201
4809,1,667,198,680,211
4810,1,667,204,680,217
4811,1,667,214,680,227
4812,1,667,219,681,233
4813,1,667,227,681,241
4814,1,668,229,682,243
4815,1,668,233,682,247
4816,1,669,234,683,248
4817,1,669,234,683,248
4818,1,670,233,684,247
4819,1,670,231,684,245
4820,1,671,231,685,245
4821,1,671,228,685,243
4822,1,670,226,686,241
4823,1,670,222,686,238
4824,1,671,220,687,236
4825,1,671,217,687,233
4826,1,671,215,687,231
4827,1,671,212,687,228
4828,1,671,209,687,225
4829,1,671,205,687,221
4830,1,672,203,688,219
4831,1,672,199,688,215
4832,1,672,197,688,213
4833,1,672,191,688,207
4834,1,672,188,688,204
4835,1,672,181,688,197
4836,1,672,178,688,194
4837,1,672,172,688,188
4838,1,673,170,689,186
4839,1,673,166,689,182
4840,1,672,164,688,180
4841,1,672,161,688,177
4842,1,673,160,689,176
4843,1,673,158,689,174
4844,1,672,158,688,174
4845,1,672,159,688,175
4846,1,671,160,687,176
4847,1,671,162,687,178
4848,1,670,162,686,178
4849,1,670,163,686,179
4850,1,669,164,685,180
4851,1,669,164,685,180
4852,1,669,163,685,179
4853,1,668,163,684,179
4854,1,668,163,684,179
4855,1,667,163,683,179
4856,1,666,163,682,179
4857,1,665,162,681,178
4858,1,665,161,681,177
4859,1,663,160,679,176
4860,1,662,159,678,175
4861,1,661,158,677,174
4862,1,660,156,676,172
4863,1,659,154,675,170
4864,1,657,153,673,169
4865,1,655,151,671,167
4866,1,654,150,670,166
4867,1,652,146,668,162
4868,1,651,144,667,160
4869,1,649,139,665,155
4870,1,647,137,663,153
4871,1,644,134,660,150
4872,1,643,132,659,148
4873,1,640,129,656,145
4874,1,638,127,654,143
4875,1,635,125,651,141
4876,1,634,125,650,141
4877,1,630,124,646,140
4878,1,628,123,644,139
4879,1,624,121,640,137
4880,1,621,120,637,136
4881,1,617,119,633,135
4882,1,615,119,631,135
4883,1,611,120,627,136
4884,1,610,121,626,137
4885,1,607,124,623,140
4886,1,605,130,622,142
4887,1,603,136,622,149
4888,1,601,140,619,152
4889,1,600,146,618,158
4890,1,597,151,614,163
4891,1,597,156,614,168
4892,1,594,161,612,173
4893,1,594,165,612,177
4894,1,593,169,611,181
4895,1,591,173,608,185
4896,1,590,176,607,187
4897,1,590,177,606,188
4898,1,588,179,604,190
4899,1,586,178,604,190
4900,1,585,180,602,192
4901,1,583,180,601,193
4902,1,581,181,598,193
4903,1,580,180,598,192
4904,1,579,181,598,194
4905,1,579,184,597,196
4906,1,577,186,595,198
4907,1,577,191,594,203
4908,1,575,192,592,204
4909,1,575,197,592,209
4910,1,575,201,591,212
4911,1,574,202,590,213
4912,1,573,206,590,218
4913,1,572,210,588,221
4914,1,572,210,587,220
4915,1,571,212,586,222
4916,1,569,211,584,221
4917,1,569,208,583,222
4918,1,568,208,582,222
4919,1,566,209,580,224
4920,1,565,210,580,224
4921,1,563,211,578,226
4922,1,561,211,576,226
4923,1,559,213,574,228
4924,1,557,213,572,228
4925,1,555,215,570,230
4926,1,554,217,569,232
4927,1,552,218,567,233
4928,1,550,218,565,233
4929,1,548,219,563,234
4930,1,546,220,561,235
4931,1,544,220,559,235
4932,1,543,220,558,235
4933,1,541,219,556,234
4934,1,540,220,555,235
4935,1,538,220,553,235
4936,1,537,219,552,234
4937,1,535,219,550,234
4938,1,534,219,549,234
4939,1,532,218,547,233
4940,1,532,218,547,233
4941,1,530,216,545,231
4942,1,530,214,545,229
4943,1,527,213,542,228
4944,1,525,212,540,227
4945,1,522,212,537,227
4946,1,521,212,536,227
4947,1,518,211,533,226
4948,1,517,211,532,226
4949,1,514,209,529,224
4950,1,512,207,527,222
4951,1,509,207,524,222
4952,1,508,207,523,222
4953,1,505,208,520,223
4954,1,504,209,519,224
4955,1,501,210,516,225
4956,1,499,212,514,227
4957,1,496,213,511,228
4958,1,493,216,508,231
4959,1,491,218,506,233
4960,1,490,220,505,235
4961,1,487,224,502,239
4962,1,485,225,500,240
4963,1,484,227,499,242
4964,1,481,230,496,245
4965,1,479,231,495,247
4966,1,478,233,494,249
4967,1,475,235,492,252
4968,1,474,236,491,253
4969,1,473,236,490,253
4970,1,471,238,488,255
4971,1,470,239,487,256
4972,1,468,243,484,258
4973,1,467,242,483,257
4974,1,464,243,480,258
4975,1,463,248,478,263
4976,1,461,244,477,259
4977,1,459,246,475,261
4978,1,458,250,473,264
4979,1,456,247,471,261
4980,1,455,249,469,262
4981,1,454,251,468,264
4982,1,451,248,466,262
4983,1,450,250,465,264
4984,1,448,252,462,265
4985,1,447,252,461,265
4986,1,442,254,457,267
4987,1,441,258,456,271
4988,1,438,258,452,271
4989,1,436,258,451,271
4990,1,433,262,447,274
4991,1,432,261,446,273
4992,1,428,261,442,273
4993,1,427,262,441,274
4994,1,423,260,440,273
4995,1,421,262,438,275
4996,1,418,262,434,274
4997,1,415,262,432,275
4998,1,412,265,428,277
4999,1,408,263,424,275
5000,1,405,264,421,277
5001,1,401,263,417,275
5002,1,397,263,413,275
5003,1,393,263,409,275
5004,1,390,262,407,275
5005,1,386,262,402,275
5006,1,382,262,398,274
5007,1,378,260,395,273
5008,1,375,259,392,272
5009,1,370,259,387,272
5010,1,367,258,384,271
5011,1,362,259,379,272
5012,1,358,259,375,272
5013,1,354,258,370,270
5014,1,350,257,366,269
5015,1,346,259,362,271
5016,1,342,257,358,270
5017,1,338,256,355,269
5018,1,335,255,352,268
5019,1,332,254,348,266
5020,1,328,255,344,268
5021,1,324,255,341,268
5022,1,322,254,338,267
5023,1,317,254,335,268
5024,1,315,253,333,267
5025,1,311,254,329,268
5026,1,308,253,327,268
5027,1,304,251,324,266
5028,1,302,254,321,268
5029,1,299,253,318,268
5030,1,296,253,315,268
5031,1,293,254,312,268
5032,1,291,255,310,269
5033,1,287,256,306,271
5034,1,285,257,304,272
5035,1,283,261,302,275
5036,1,277,261,298,275
5037,1,274,263,295,277
5038,1,272,265,293,279
5039,1,269,267,291,282
5040,1,267,269,288,283
5041,1,263,271,286,286
5042,1,263,276,284,290
5043,1,260,277,282,292
5044,1,258,280,280,295
5045,1,255,281,278,296
5046,1,253,283,276,298
5047,1,251,285,274,300
5048,1,250,288,272,303
5049,1,249,291,271,306
5050,1,248,293,270,308
5051,1,247,296,268,310
5052,1,246,297,267,311
5053,1,245,300,266,314
5054,1,243,302,263,315
5055,1,242,302,262,315
5056,1,241,307,260,320
5057,1,241,308,259,320
5058,1,239,310,256,322
5059,1,238,313,256,325
5060,1,237,313,255,325
5061,1,232,312,255,327
5062,1,232,315,254,329
5063,1,231,315,252,329
5064,1,228,316,250,331
5065,1,229,318,250,332
5066,1,226,318,249,334
5067,1,225,319,248,335
5068,1,223,320,246,335
5069,1,223,321,245,336
5070,1,221,321,244,337
5071,1,220,322,243,337
5072,1,219,322,242,337
5073,1,218,321,243,337
5074,1,217,321,241,337
5075,1,216,321,240,337
5076,1,215,321,239,337
5077,1,214,320,237,335
5078,1,213,321,234,336
5079,1,212,320,233,335
5080,1,211,320,232,335
5081,1,210,321,231,336
5082,1,209,321,229,336
5083,1,207,321,228,336
5084,1,206,322,226,336
5085,1,205,321,226,336
5086,1,205,321,226,336
5087,1,203,324,224,339
5088,1,202,323,223,338
5089,1,201,326,218,338
5090,1,201,325,218,337
5091,1,199,327,217,340
5092,1,198,327,216,340
5093,1,196,328,213,340
5094,1,191,325,215,340
5095,1,189,327,213,342
5096,1,189,327,213,342
5097,1,189,327,213,342
5098,1,182,328,207,346
5099,1,180,329,205,347
5100,1,179,329,206,348
5101,1,179,329,206,348
5102,1,179,329,205,346
5103,1,177,331,202,347
5104,1,176,332,201,348
5105,1,175,330,200,346
5106,1,175,330,200,346
5107,1,171,334,196,351
5108,1,170,334,195,351
5109,1,168,336,192,353
5110,1,167,337,191,353
5111,1,167,337,191,353
5112,1,167,337,191,353
5113,1,164,337,189,354
5114,1,162,336,187,353
5115,1,161,339,187,357
5116,1,158,338,186,357
5117,1,158,339,185,357
5118,1,156,339,181,355
5119,1,155,339,179,355
5120,1,153,339,179,356
5121,1,153,339,179,356
5122,1,148,340,178,356
5123,1,147,341,177,357
5124,1,144,340,176,357
5125,1,143,339,176,356
5126,1,143,339,176,356
5127,1,143,339,173,357
5128,1,142,339,172,357
5129,1,140,337,172,356
5130,1,138,336,170,355
5131,1,136,335,169,355
5132,1,139,335,168,352
5133,1,137,334,166,351
5134,1,136,333,165,350
5135,1,134,332,164,349
5136,1,134,332,164,349
5137,1,134,332,160,349
5138,1,133,331,160,348
5139,1,131,329,157,346
5140,1,130,331,156,348
5141,1,130,331,156,348
5142,1,130,331,156,348
5143,1,126,332,154,348
5144,1,125,330,152,346
5145,1,123,329,152,346
5146,1,123,329,145,349
5147,1,123,329,145,349
5148,1,121,329,145,345
5149,1,120,330,145,347
5150,1,118,328,143,345
5151,1,118,328,143,345
5152,1,114,324,138,342
5153,1,114,325,138,343
5266,1,195,80,219,96
5267,1,195,77,219,93
5268,1,200,78,223,95
5269,1,204,82,227,99
5270,1,203,76,227,93
5271,1,204,79,228,96
5272,1,210,79,232,96
5273,1,211,76,232,92
5274,1,214,81,237,97
5275,1,215,80,238,96
5276,1,214,77,237,93
5277,1,222,81,245,97
5278,1,222,78,244,93
5279,1,226,79,249,95
5280,1,227,82,250,98
5281,1,227,79,249,95
5282,1,243,83,259,100
5283,1,244,85,260,102
5284,1,243,83,258,99
5285,1,243,86,259,103
5306,1,297,108,318,126
5307,1,299,108,321,127
5308,1,303,112,326,130
5324,1,362,142,386,157
5325,1,366,147,390,162
5326,1,371,147,395,162
5327,1,375,151,400,167
5328,1,378,153,404,165
5329,1,388,155,411,168
5330,1,387,158,410,170
5331,1,391,158,414,171
5332,1,395,161,417,173
5333,1,399,162,424,176
5350,1,462,171,482,186
5351,1,470,168,487,186
5352,1,467,170,484,187
5353,1,475,169,492,185
5358,1,481,169,499,185
5359,1,481,172,498,187
5360,1,476,171,499,188
5361,1,479,173,503,190
5362,1,479,174,505,193
5363,1,482,173,505,192
5364,1,480,175,502,193
5365,1,480,177,503,196
5366,1,476,178,503,195
5367,1,489,178,515,195
5368,1,489,178,517,196
5369,1,476,181,502,198
5370,1,477,183,503,199
5371,1,476,185,501,201
5372,1,476,185,501,201
5373,1,479,188,502,202
5374,1,479,191,502,206
5375,1,479,192,503,207
5376,1,481,195,504,210
5377,1,484,198,504,210
5378,1,483,201,511,217
5379,1,484,203,511,219
5380,1,486,205,514,221
5381,1,488,208,513,222
5382,1,489,210,514,225
5383,1,489,210,514,225
5384,1,494,212,518,226
5385,1,496,215,519,228
5386,1,498,217,524,233
5387,1,500,217,526,233
5388,1,503,218,528,233
5389,1,506,218,532,234
5390,1,508,221,533,237
5391,1,510,219,539,237
5392,1,513,216,543,234
5393,1,516,216,545,234
5394,1,520,214,547,231
5395,1,524,215,550,231
5396,1,527,214,554,230
5397,1,531,213,557,229
5398,1,533,213,559,229
5399,1,538,214,562,229
5400,1,542,214,563,227
5401,1,545,214,566,227
5402,1,547,214,569,227
5403,1,551,213,574,230
5404,1,553,212,577,229
5405,1,556,214,580,232
5406,1,557,213,580,230
5407,1,563,212,588,230
5408,1,568,216,591,233
5409,1,569,217,594,235
5410,1,571,213,596,231
5411,1,571,213,596,231
5412,1,571,213,596,231
5464,1,648,194,670,216
5465,1,649,195,671,217
5466,1,649,196,671,218
5467,1,650,199,672,221
5468,1,651,200,673,222
5469,1,652,203,674,225
5470,1,653,203,675,225
5471,1,654,205,676,227
5472,1,655,205,677,227
5473,1,655,207,677,229
5474,1,655,209,677,231
5475,1,656,211,678,233
5476,1,657,211,679,233
5477,1,659,214,681,236
5478,1,659,215,681,237
5479,1,661,217,683,240
5480,1,661,217,685,240
5481,1,663,217,687,241
5482,1,665,218,689,242
5483,1,667,218,691,242
5484,1,668,218,692,242
5485,1,671,219,695,243
5486,1,674,219,698,243
5487,1,677,220,701,244
5488,1,678,219,702,243
5489,1,681,218,705,242
5490,1,682,217,706,241
5491,1,685,216,709,240
5492,1,687,217,711,241
5493,1,690,219,714,242
5494,1,692,220,715,244
5495,1,695,220,718,243
5496,1,695,219,718,242
5497,1,697,220,720,243
5498,1,698,223,721,246
5499,1,700,222,723,245
5500,1,701,226,724,249
5501,1,704,223,733,245
5502,1,706,224,734,246
5503,1,708,227,738,249
5504,1,708,226,740,251
5505,1,709,227,741,251
5506,1,718,236,741,255
5507,1,721,236,744,255
5508,1,722,238,745,257
5509,1,726,240,745,256
5510,1,726,240,746,257
5511,1,731,244,748,258
5565,1,390,204,412,220
5566,1,389,202,411,218
5567,1,391,204,412,220
5568,1,390,203,412,219
5569,1,390,200,412,216
5570,1,395,205,413,218
5571,1,396,204,415,218
5572,1,394,202,415,217
5573,1,398,205,419,220
5574,1,398,204,419,219
5575,1,400,204,421,219
5576,1,399,207,420,222
5577,1,403,202,424,217
5578,1,401,204,421,219
5579,1,407,205,428,220
5580,1,407,201,429,217
5581,1,409,203,430,218
5582,1,410,205,430,219
5583,1,415,205,439,220
5584,1,416,207,441,222
5585,1,418,205,445,222
5586,1,424,206,446,222
5587,1,427,209,448,225
5588,1,429,207,451,223
5589,1,431,207,453,223
5590,1,432,207,456,224
5591,1,435,207,459,222
5592,1,436,206,462,222
5593,1,441,209,464,223
5594,1,442,207,466,222
5595,1,444,208,468,223
5596,1,447,207,472,222
5597,1,449,205,474,221
5598,1,452,206,475,220
5599,1,455,207,475,220
5600,1,457,204,477,217
5601,1,459,201,479,214
5602,1,461,199,481,211
5603,1,464,196,484,208
5604,1,465,193,484,205
5605,1,468,192,487,204
5606,1,469,186,488,198
5607,1,471,182,491,194
5608,1,474,182,493,194
5609,1,472,176,490,187
5610,1,475,172,498,188
5611,1,478,170,501,186
5612,1,481,164,502,179
5613,1,483,163,503,177
5614,1,485,160,505,174
5615,1,492,154,514,170
5616,1,493,153,513,168
5617,1,486,150,515,167
5618,1,487,147,518,165
5619,1,489,145,518,162
5620,1,493,139,520,158
5621,1,492,140,515,158
5622,1,495,138,518,156
5623,1,502,135,525,153
5624,1,496,134,519,153
5625,1,497,133,520,152
5626,1,504,131,525,151
5627,1,505,131,526,151
5628,1,502,136,529,155
5629,1,509,135,530,153
5630,1,510,137,530,154
5631,1,504,143,534,163
5632,1,503,145,533,165
5633,1,504,148,534,168
5634,1,505,154,533,172
5635,1,506,148,538,167
5636,1,505,150,539,170
5637,1,504,154,537,174
5638,1,502,149,536,171
5639,1,503,148,536,168
5640,1,501,149,534,169
5641,1,501,146,531,162
5642,1,500,143,531,159
5643,1,499,142,525,159
5644,1,497,137,524,155
5645,1,495,131,523,149
5646,1,495,132,520,149
5647,1,496,123,522,143
5648,1,493,115,521,136
5649,1,492,113,519,134
5650,1,489,108,517,130
5651,1,486,106,515,128
5652,1,484,103,513,123
5653,1,489,96,515,113
5654,1,487,93,513,110
5655,1,485,88,512,106
5656,1,483,82,512,101
5657,1,482,77,511,96
5658,1,480,74,510,94
5660,1,676,178,700,202
5661,1,673,178,696,201
5662,1,672,177,694,199
5663,2,670,177,692,199,469,46,494,71
5664,2,666,176,688,194,468,43,494,64
5665,2,665,174,688,193,467,38,494,60
5666,2,662,173,685,192,465,32,492,54
5667,2,661,170,683,188,463,25,491,47
5668,2,659,169,681,187,462,20,490,42
5669,2,658,170,680,188,461,16,490,39
5670,2,657,165,679,183,459,8,488,32
5671,2,656,164,678,182,457,1,487,25
5672,2,655,165,678,183,456,-1,486,23
5673,2,653,161,676,180,454,-9,485,16
5674,2,654,161,676,179,454,-13,485,12
5675,1,654,160,672,178
5676,1,654,158,672,176
5677,1,652,158,670,176
5678,1,652,159,670,177
5679,1,651,159,669,177
5680,1,651,157,669,175
5681,1,650,155,669,174
5682,1,649,155,668,174
5683,1,648,155,668,175
5684,1,649,156,669,176
5685,1,648,157,669,178
5686,1,648,156,670,178
5687,1,647,160,670,178
5688,1,647,160,670,178
5689,1,647,159,670,179
5690,1,646,161,669,180
5691,1,646,162,669,176
5692,1,646,163,669,178
5693,1,646,162,669,179
5694,1,646,162,670,179
5695,1,646,162,670,181
5696,1,645,162,669,178
5697,1,645,162,669,178
5698,1,645,163,669,182
5699,1,644,162,668,179
5700,1,644,164,668,180
5701,1,642,165,666,183
5702,1,642,165,666,179
5703,1,641,165,665,182
5704,1,641,160,665,181
5705,1,641,163,665,182
5706,1,640,164,664,183
5707,1,639,166,663,185
5708,1,638,166,662,185
5709,1,636,166,660,186
5710,1,635,167,659,186
5711,1,633,169,657,189
5712,1,633,170,657,190
5713,1,631,174,655,193
5714,1,629,173,653,193
5715,1,627,174,651,194
5716,1,625,176,649,195
5717,1,623,178,647,196
5718,1,622,178,646,198
5719,1,620,179,644,200
5720,1,618,180,642,200
5721,1,616,179,640,201
5722,1,614,180,638,200
5723,1,612,185,636,201
5724,1,611,184,635,203
5725,1,609,184,633,200
5726,1,608,185,632,205
5727,1,607,184,630,201
5728,1,605,182,628,199
5729,1,605,183,628,200
5730,1,602,183,626,201
5731,1,602,184,625,201
5732,1,600,182,624,199
5733,1,600,181,623,198
5734,1,598,183,621,200
5735,1,597,183,620,200
5736,1,595,184,618,201
5737,1,595,185,618,202
5738,1,594,184,617,201
5739,1,593,186,616,203
5740,1,591,188,614,205
5741,1,591,189,614,206
5742,1,590,192,613,209
5743,1,590,194,613,211
5744,1,589,193,612,210
5745,1,589,193,612,210
5746,1,586,199,609,216
5747,1,586,199,609,216
5748,1,585,199,608,216
5749,1,585,199,608,216
5750,1,585,199,608,216
5751,1,582,199,605,216
5752,1,583,203,606,220
5753,1,582,201,604,218
5754,1,582,202,605,219
5755,1,580,205,603,222
5756,1,581,203,604,220
5757,1,580,204,602,220
5758,1,580,203,602,219
5759,1,580,202,602,218
5760,1,579,209,601,225
5761,1,579,213,601,229
5762,1,579,211,601,227
5763,1,578,215,600,231
5764,1,578,220,599,236
5765,1,577,224,599,240
5766,1,576,230,597,246
5767,1,575,234,597,250
5768,1,574,243,596,259
5769,1,572,252,594,268
5770,1,571,260,593,276
5771,1,569,270,591,286
5772,1,568,280,590,296
5773,1,565,289,589,307
5774,1,563,299,585,315
5775,1,562,304,587,323
5776,1,559,313,588,334
5777,1,557,321,586,342
5778,1,556,328,584,348
5779,1,554,335,583,356
5780,1,550,345,583,364
5781,2,549,352,576,368,293,0,332,27
5782,2,548,359,575,375,293,3,331,39
5783,2,546,367,572,383,291,16,329,52
5784,2,545,374,571,389,291,28,328,63
5785,2,543,381,569,396,290,40,326,74
5786,2,542,385,566,399,287,49,325,85
5787,2,541,392,562,405,286,61,323,96
5788,2,535,397,566,417,284,73,321,108
5789,2,534,401,565,421,283,84,319,118
5790,2,532,405,566,427,281,94,319,130
5791,2,529,414,562,436,278,105,320,139
5792,2,529,411,557,439,276,108,316,148
5793,2,528,419,556,441,275,120,315,154
5794,2,526,426,554,445,273,132,313,165
5795,2,525,427,553,446,272,140,311,172
5796,2,525,427,553,446,272,150,311,182
5797,2,521,432,553,455,271,160,309,189
5798,2,521,433,552,455,269,166,307,195
5799,2,518,436,550,459,268,175,305,203
