0,1,267,181,303,209
1,1,266,190,302,218
2,1,264,195,300,223
3,1,263,198,299,226
4,1,263,203,299,231
5,1,260,207,298,236
6,1,260,212,298,241
7,1,259,215,295,243
8,1,259,218,295,246
9,1,258,222,294,250
10,1,258,221,295,249
11,1,258,224,295,252
12,1,258,227,295,255
13,1,257,224,294,252
14,1,258,228,294,256
15,1,258,229,295,257
16,1,258,225,294,252
17,1,259,231,294,258
18,1,260,231,295,257
19,1,259,227,295,255
20,1,260,231,296,259
21,1,262,230,296,256
22,1,262,228,296,254
23,1,263,231,297,257
24,1,267,230,298,254
25,1,268,228,300,252
26,1,270,230,300,253
27,1,271,224,301,247
28,1,274,224,303,246
29,1,275,223,304,245
30,1,277,216,305,237
31,1,278,216,306,238
32,1,279,213,308,235
33,1,282,207,308,227
34,1,283,208,309,228
35,1,283,202,311,223
36,1,285,197,312,218
37,1,286,199,313,220
38,1,287,195,314,215
39,1,289,193,314,212
40,1,290,195,314,213
41,1,291,190,314,208
42,1,291,189,315,207
43,1,292,190,316,208
44,1,293,184,317,202
45,1,294,188,315,204
46,1,295,187,317,203
47,1,295,183,316,199
48,1,295,186,316,202
49,1,296,183,317,199
50,1,297,182,316,196
51,1,297,186,315,200
52,1,296,181,314,195
53,1,296,178,315,192
54,1,295,180,313,194
117,1,620,184,647,198
118,1,620,183,646,197
119,1,620,184,647,198
120,1,621,183,646,196
121,1,621,183,646,196
122,1,621,183,646,196
124,1,621,177,650,195
125,1,620,178,649,196
126,1,617,177,646,194
127,1,616,178,645,195
128,1,625,182,651,196
129,1,625,179,649,192
130,1,622,179,648,193
131,1,622,179,648,193
132,1,621,175,646,189
133,1,621,179,644,192
134,1,621,176,644,189
135,1,622,179,645,191
136,1,622,177,643,188
137,1,622,174,646,187
138,1,623,176,646,188
139,1,624,175,647,187
140,1,625,173,654,186
141,1,625,172,654,185
142,1,627,174,654,186
143,1,630,172,655,183
144,1,630,171,654,182
145,1,631,172,653,182
146,1,630,170,655,181
147,1,634,168,658,179
148,1,633,163,659,175
149,1,631,163,660,176
150,1,631,159,661,173
151,1,632,157,663,171
152,1,633,156,661,169
153,1,634,153,661,165
154,1,635,150,660,161
155,1,635,148,661,160
156,1,634,147,660,159
157,1,636,143,663,155
158,1,636,143,658,153
159,1,634,140,665,151
160,1,633,138,661,148
161,1,632,133,662,146
162,1,633,131,663,144
163,1,632,130,660,142
164,1,632,128,662,141
165,1,633,131,658,142
166,1,633,132,658,143
167,1,637,129,663,144
168,1,637,132,663,147
169,1,635,130,661,145
170,1,636,130,662,145
171,1,635,134,660,146
172,1,636,134,661,146
173,1,635,132,660,144
174,1,645,134,662,148
175,1,633,133,656,146
176,1,633,131,656,144
243,1,627,105,644,116
244,1,627,108,644,119
245,1,627,109,644,120
246,1,628,113,644,124
247,1,628,115,648,125
248,1,628,114,648,124
249,1,627,117,647,127
250,1,627,118,647,128
251,1,626,118,646,128
252,1,626,119,646,129
253,1,624,119,644,129
254,1,624,117,644,127
255,1,623,116,643,126
256,1,623,114,643,124
257,1,622,112,642,122
258,1,621,109,641,119
259,1,620,107,640,117
260,1,617,101,639,115
261,1,615,94,636,108
262,1,615,93,636,106
263,1,615,89,635,102
310,1,569,109,594,121
311,1,569,111,593,122
312,1,569,110,594,122
313,1,565,109,592,124
314,1,564,109,592,125
315,1,561,109,592,126
316,1,562,109,592,126
317,1,561,108,591,125
318,1,562,110,592,127
319,1,562,107,588,121
320,1,562,107,589,121
321,1,564,110,589,124
322,1,564,106,590,120
323,1,559,107,590,122
324,1,559,110,591,125
325,1,558,106,591,122
326,1,562,109,590,123
327,1,563,108,591,121
328,1,558,109,585,123
329,1,559,110,586,125
330,1,561,109,586,122
331,1,560,106,587,120
332,1,558,107,586,122
333,1,560,107,587,122
334,1,554,103,581,118
335,1,555,103,582,118
336,1,554,103,582,118
337,1,554,102,581,117
338,1,546,103,571,115
339,1,547,104,572,116
340,1,546,104,571,116
341,1,547,103,571,114
342,1,542,101,566,114
343,1,544,100,566,116
344,1,540,100,567,115
345,1,544,102,566,116
346,1,538,98,564,112
347,1,538,98,564,112
348,1,537,97,564,111
349,1,536,96,564,111
350,1,536,97,564,112
351,1,535,96,563,111
352,1,535,96,563,111
353,1,529,96,558,112
354,1,529,97,558,113
355,1,528,95,557,111
356,1,524,96,551,111
357,1,522,96,549,111
358,1,522,94,549,109
359,1,520,95,547,110
360,1,515,95,544,110
361,1,513,95,542,110
362,1,510,98,535,113
363,1,508,96,533,111
364,1,509,97,533,111
365,1,505,99,532,115
366,1,506,99,532,115
367,1,501,101,528,117
368,1,503,104,528,119
369,1,499,103,528,120
370,1,497,105,526,123
371,1,497,108,527,126
372,1,500,109,528,126
373,1,496,113,520,129
374,1,496,116,519,131
375,1,493,117,517,133
376,1,496,117,519,133
377,1,491,118,515,133
378,1,491,119,514,133
379,1,490,120,511,134
380,1,489,122,510,136
381,1,488,124,507,137
382,1,485,125,508,140
383,1,485,127,506,141
384,1,483,128,505,142
385,1,480,130,506,148
386,1,479,133,505,150
387,1,473,137,498,153
388,1,472,138,497,154
389,1,470,143,498,161
390,1,469,143,493,160
391,1,473,146,494,161
392,1,464,151,491,168
393,1,464,153,490,169
394,1,464,156,491,173
395,1,466,157,491,172
396,1,465,160,492,177
397,1,458,164,483,177
398,1,458,165,481,177
399,1,454,169,480,182
400,1,453,169,478,185
401,1,453,169,476,184
402,1,450,171,474,186
403,1,449,172,474,187
404,1,451,171,474,186
405,1,445,172,473,189
406,1,448,176,468,192
407,1,445,175,467,192
408,1,444,176,464,193
409,1,440,176,462,194
410,1,441,177,461,193
411,1,440,178,460,196
412,1,438,178,458,198
413,1,437,177,459,195
414,1,435,179,455,199
415,1,435,179,455,196
416,1,434,179,454,195
417,1,433,179,453,196
418,1,431,179,451,197
419,1,427,179,450,195
420,1,426,183,450,197
421,1,422,182,445,195
422,1,421,180,445,196
423,1,416,179,445,197
424,1,417,182,444,197
425,1,419,180,443,200
426,1,413,183,441,195
427,1,411,181,440,198
428,1,407,183,437,198
429,1,407,185,434,198
432,1,401,185,427,199
433,1,399,183,424,197
434,1,397,187,426,203
435,1,395,184,424,200
436,1,391,190,418,207
437,1,389,194,414,210
438,1,386,190,415,207
440,1,385,196,408,211
441,1,382,194,405,211
442,1,379,195,404,214
443,1,376,197,400,212
444,1,374,198,399,214
445,1,372,200,397,220
446,1,372,204,395,222
447,1,368,202,394,224
448,1,364,204,391,222
449,1,363,207,389,225
450,1,359,207,388,225
451,1,359,207,386,226
452,1,354,211,385,230
453,1,353,211,382,229
454,1,352,214,380,232
455,1,350,220,379,236
456,1,350,215,377,234
457,1,346,220,379,239
458,1,346,220,376,239
459,1,346,221,372,239
460,1,345,225,371,243
461,1,343,224,369,242
462,1,341,226,368,245
463,1,338,229,366,248
464,1,336,227,366,248
465,1,336,233,364,249
466,1,335,234,362,249
467,1,333,237,361,253
468,1,331,239,360,255
469,1,330,238,360,255
470,1,328,242,358,257
471,1,327,244,357,259
472,1,325,245,355,260
473,1,324,247,354,262
474,1,323,247,355,263
475,1,322,248,351,262
476,1,322,253,351,267
477,1,321,253,349,267
478,1,318,256,347,270
479,1,318,257,347,271
480,1,317,257,346,271
481,1,317,262,345,276
482,1,316,261,345,275
483,1,315,261,344,275
484,1,315,264,344,278
485,1,315,263,344,277
486,1,315,266,344,280
487,1,314,267,343,281
488,1,315,266,344,280
489,1,315,269,344,283
490,1,315,269,344,283
491,1,315,269,344,283
492,1,316,272,345,286
493,1,317,272,344,285
494,1,316,273,345,287
495,1,317,275,346,289
496,1,317,273,345,287
497,1,317,275,347,289
498,1,317,275,347,289
499,1,317,275,347,289
500,1,317,278,347,293
501,1,317,277,347,291
502,1,318,278,347,292
503,1,318,280,348,295
504,1,318,277,349,292
505,1,319,280,349,295
506,1,319,281,350,296
507,1,320,280,349,294
508,1,320,284,349,298
509,1,320,283,350,298
510,1,320,285,351,300
511,1,322,287,352,301
512,1,322,286,350,300
513,1,324,287,352,301
514,1,323,289,353,303
515,1,324,287,354,302
516,1,324,288,355,303
517,1,325,290,354,304
518,1,325,287,356,302
519,1,327,290,358,305
520,1,328,291,358,306
521,1,329,290,359,305
522,1,329,292,360,307
523,1,330,291,361,306
524,1,331,291,362,306
525,1,333,293,364,308
526,1,333,291,364,306
527,1,335,291,366,306
528,1,336,291,367,306
529,1,337,290,369,305
530,1,337,290,369,305
531,1,340,288,371,303
532,1,340,289,371,304
533,1,342,287,373,302
534,1,344,286,375,301
535,1,345,286,375,301
536,1,346,285,377,300
537,1,347,284,378,299
538,1,348,286,379,301
539,1,350,284,381,299
540,1,350,282,381,297
541,1,352,284,382,299
542,1,353,281,384,296
543,1,354,280,385,295
544,1,356,283,386,297
545,1,357,280,387,294
546,1,358,279,388,294
547,1,359,282,389,296
548,1,361,279,388,292
549,1,362,279,389,292
550,1,362,280,391,294
551,1,363,275,391,288
552,1,364,278,391,291
553,1,364,276,393,290
554,1,366,273,394,287
555,1,365,278,392,291
556,1,367,277,393,290
557,1,366,273,394,287
558,1,369,278,397,292
559,1,368,276,396,290
560,1,368,274,397,288
561,1,370,278,396,290
562,1,369,275,398,289
563,1,370,276,396,289
564,1,370,277,398,290
565,1,371,275,398,288
566,1,372,278,399,291
567,1,370,280,397,293
568,1,371,277,397,290
569,1,371,281,396,293
570,1,371,281,397,293
571,1,369,280,397,294
572,1,369,282,397,295
573,1,370,281,397,294
574,1,369,283,396,296
575,1,368,283,396,296
576,2,368,283,395,296,411,218,432,231
577,2,367,287,394,300,412,222,432,234
578,2,367,287,394,300,412,220,434,234
579,2,365,285,391,298,415,217,436,230
580,2,365,290,392,303,416,221,436,233
581,2,363,289,391,303,415,218,436,231
582,2,362,287,391,301,417,217,436,229
583,2,360,293,388,307,417,220,435,231
584,2,359,291,387,305,415,216,433,227
585,2,357,291,386,305,417,215,436,227
586,2,356,295,384,308,418,219,436,230
587,2,354,294,383,308,418,216,435,226
588,2,351,295,381,310,418,214,435,225
589,2,350,297,378,311,417,214,436,226
590,2,348,296,377,310,418,211,436,222
591,2,345,299,375,314,419,213,437,224
592,2,345,299,374,313,419,213,437,224
593,2,344,298,371,311,418,207,441,221
594,2,341,302,367,314,421,209,443,225
595,2,339,301,369,319,420,209,443,226
596,2,337,299,366,316,422,206,445,223
597,2,335,301,366,319,422,206,448,225
598,2,332,301,364,320,423,207,447,225
599,2,331,301,361,319,423,205,450,224
600,2,329,301,360,319,426,206,449,223
601,2,328,301,357,319,426,206,447,221
602,2,326,300,356,318,429,204,451,220
603,2,325,301,355,319,430,204,452,220
604,2,323,300,352,318,427,202,450,219
605,2,320,299,352,318,428,202,451,219
606,2,318,300,349,319,432,202,456,220
607,2,318,300,347,318,436,203,457,218
608,2,315,303,345,321,437,204,460,221
609,2,313,306,344,324,437,209,459,225
610,2,311,306,342,324,441,208,465,226
611,2,309,312,339,330,442,215,465,232
612,2,308,315,338,333,441,218,463,234
613,2,308,315,338,333,441,220,463,236
614,2,306,323,333,339,444,226,466,242
615,2,304,326,331,342,442,229,464,245
616,2,301,328,329,345,446,232,467,247
617,2,301,331,328,347,446,234,469,251
618,2,300,334,325,349,448,237,469,253
619,2,300,334,325,349,451,238,472,253
620,2,291,339,324,358,451,241,474,257
621,2,290,341,323,360,453,243,474,258
622,2,288,343,320,362,454,246,474,261
623,2,286,344,318,363,458,247,479,262
624,1,286,344,318,363
625,1,286,344,318,363
626,1,279,345,312,370
627,1,278,344,311,369
628,1,278,344,311,364
629,1,278,346,307,367
630,1,277,346,306,367
631,1,275,346,304,367
632,1,274,346,303,367
633,1,274,346,299,364
634,1,274,346,299,364
635,1,273,345,298,366
636,1,272,345,297,365
637,1,272,344,297,365
638,1,272,344,297,363
639,1,271,343,296,362
640,1,263,343,296,366
731,1,465,60,475,70
732,1,464,65,475,76
733,1,463,64,473,74
734,1,463,67,473,77
735,1,462,72,472,82
736,1,461,71,471,81
737,1,459,80,470,90
738,1,459,83,469,93
739,1,458,83,468,93
740,1,457,91,467,101
741,1,457,94,467,105
742,1,454,96,464,106
743,1,454,105,465,115
744,1,450,105,462,116
745,1,449,112,459,125
746,1,448,111,460,126
747,1,447,113,457,123
748,1,445,123,455,133
749,1,446,120,456,130
750,1,445,122,455,132
751,1,444,124,454,134
752,1,442,127,452,137
753,1,441,128,451,138
754,1,440,129,450,139
755,1,439,130,449,140
756,1,438,131,448,141
757,1,434,136,446,146
758,1,432,134,444,144
759,1,431,135,443,145
760,1,431,140,441,151
761,1,430,135,440,146
762,1,428,138,438,149
763,1,427,144,437,155
764,1,424,139,434,150
765,1,424,141,434,152
766,1,422,146,432,157
767,1,420,142,430,153
768,1,418,144,428,155
769,1,417,148,427,159
770,1,415,143,425,155
771,1,413,146,423,158
772,1,411,148,421,159
773,1,409,146,419,157
774,1,407,149,418,161
775,1,405,148,415,159
776,1,404,146,414,157
777,1,401,151,411,162
778,1,400,149,410,160
779,1,398,147,408,158
780,1,397,150,407,161
781,1,394,148,404,159
782,1,394,147,404,158
783,1,391,150,401,161
784,1,391,148,401,159
785,1,389,148,399,159
786,1,389,151,399,162
787,1,387,148,397,159
788,1,386,151,396,162
789,1,384,152,394,163
790,1,384,150,394,161
791,1,382,152,392,163
792,1,380,153,391,165
793,1,379,151,390,163
794,1,379,155,390,166
795,1,378,155,389,167
796,1,377,156,388,167
797,1,375,156,387,168
798,1,374,157,386,168
799,1,373,157,385,169
800,1,372,157,384,170
801,1,370,158,383,170
802,1,368,158,381,171
803,1,368,158,381,171
804,1,367,159,380,172
805,1,366,159,379,172
806,1,366,159,379,172
807,1,364,159,377,172
808,1,361,163,377,173
809,1,359,160,379,170
810,1,359,160,378,171
852,1,285,131,298,144
853,1,283,128,296,141
854,1,282,130,295,143
855,1,280,129,293,142
857,1,276,128,287,140
858,1,274,128,287,141
859,1,273,128,286,141
860,1,272,128,285,141
861,1,270,128,283,141
862,1,268,128,281,141
863,1,268,128,281,141
864,1,267,128,280,141
865,1,262,128,279,138
961,1,204,196,224,207
962,1,204,196,224,207
963,1,209,195,222,207
964,1,210,196,225,210
965,1,209,197,226,209
966,1,213,195,226,205
967,1,213,193,227,205
968,1,213,196,227,207
969,1,215,193,231,205
1105,1,0,302,56,342
1106,1,2,299,92,342
1107,1,19,300,106,342
1108,1,37,299,123,340
1109,1,54,298,138,338
1110,1,69,299,152,338
1111,1,85,299,166,338
1112,1,100,298,179,336
1113,1,116,300,194,337
1114,1,130,300,206,336
1115,1,147,302,218,336
1116,1,158,303,234,339
1117,1,173,303,248,339
1118,1,185,304,259,340
1119,1,200,306,274,341
1120,1,211,306,285,342
1121,1,225,309,299,345
1122,1,236,315,309,350
1123,1,250,314,322,349
1124,1,261,311,333,345
1125,1,269,313,350,352
1126,1,284,314,354,349
1127,1,295,313,365,348
1128,1,306,316,376,351
1129,1,318,322,387,356
1130,1,328,323,397,358
1131,1,338,324,408,359
1132,1,349,328,419,363
1133,1,358,329,428,364
1134,1,369,331,438,366
1135,1,381,342,446,363
1136,1,381,342,446,363
1137,1,395,342,463,369
1138,1,404,344,472,371
1139,1,413,344,482,371
1140,1,422,349,490,376
1141,1,430,352,498,379
1142,1,440,353,506,379
1143,1,449,357,512,382
1144,1,457,359,519,383
1145,1,465,361,526,385
1146,1,472,360,534,385
1147,1,479,360,541,385
1148,1,486,361,548,386
1149,1,491,358,556,384
1150,1,497,358,563,384
1151,1,503,357,571,384
1152,1,509,355,577,382
1153,1,515,354,583,381
1154,1,522,352,590,379
1155,1,527,351,594,378
1156,1,534,351,601,378
1157,1,541,348,606,374
1158,1,548,346,611,371
1159,1,553,345,617,371
1160,1,557,346,622,372
1161,1,565,343,626,367
1162,1,567,340,634,367
1163,1,569,337,641,366
1164,1,575,335,646,363
1165,1,577,334,654,365
1166,1,580,328,661,360
1167,1,585,324,666,356
1168,1,597,324,672,356
1169,1,601,320,668,352
1170,1,604,316,673,349
1171,1,610,316,678,349
1172,1,616,314,683,346
1173,1,624,313,688,344
1174,1,633,318,687,344
1175,1,640,315,693,341
1176,1,636,309,705,342
1177,1,642,307,709,339
1178,1,647,304,714,336
1179,1,656,304,719,334
1336,1,677,348,704,369
1337,1,676,346,703,367
1338,1,673,353,700,374
1339,1,671,352,697,373
1340,1,671,352,697,373
1341,1,665,357,697,376
1342,1,664,356,695,375
1343,1,663,359,694,378
1344,1,661,363,693,382
1345,1,661,363,693,382
1346,1,658,365,690,382
1347,1,657,370,689,387
1348,1,656,373,688,390
1349,1,655,373,686,390
1350,1,657,377,686,394
1351,1,655,377,684,394
1352,1,654,385,683,402
1353,1,646,383,682,398
1354,1,646,383,682,398
1355,1,648,389,682,407
1356,1,647,386,681,404
1357,1,646,386,678,403
1358,1,644,388,677,406
1359,1,644,388,677,406
1360,1,643,385,675,402
1361,1,643,386,673,402
1362,1,642,382,673,398
1363,1,644,376,673,392
1364,1,643,373,673,388
1365,1,644,367,674,382
1366,1,643,364,672,379
1367,1,643,360,672,375
1368,1,641,351,674,367
1369,1,644,349,672,363
1370,1,643,346,672,360
1371,1,643,339,672,353
1372,1,644,335,672,349
1373,1,644,334,671,348
1374,1,643,328,673,343
1375,1,643,324,672,339
1376,1,643,322,672,336
1377,1,643,317,672,331
1378,1,641,311,670,327
1379,1,640,312,668,327
1380,1,641,310,669,326
1381,1,640,308,669,324
1382,1,640,310,668,326
1383,1,639,307,667,323
1384,1,639,307,667,323
1385,1,639,307,667,323
1386,1,639,307,667,323
1387,1,639,307,667,323
1388,1,639,307,667,323
1389,1,639,307,667,323
1390,1,639,307,667,323
1391,1,639,307,667,323
1392,1,639,307,667,323
1393,1,639,307,667,323
1394,1,639,307,667,323
1395,1,639,307,667,323
1396,1,639,307,667,323
1397,1,639,307,667,323
1398,1,639,307,667,323
1399,1,639,307,667,323
1400,1,639,307,667,323
1401,1,639,307,667,323
1402,1,639,307,667,323
1403,1,639,307,667,323
1404,1,639,307,667,323
1405,1,639,307,667,323
1406,1,639,307,667,323
1407,1,639,305,665,321
1408,1,638,308,663,323
1409,1,637,310,661,325
1410,1,634,307,658,322
1411,1,632,303,657,318
1412,1,629,303,654,318
1413,1,627,304,652,319
1414,1,624,300,650,316
1415,1,620,302,646,318
1416,1,618,299,644,315
1417,1,616,298,640,313
1418,1,613,296,638,311
1419,1,610,294,637,311
1420,1,608,297,632,312
1421,1,605,293,631,309
1422,1,601,290,628,306
1423,1,602,295,627,310
1424,1,599,292,623,307
1425,1,598,290,622,305
1426,1,595,292,620,307
1427,1,595,288,619,303
1428,1,594,290,618,305
1429,1,594,292,618,307
1430,1,593,285,616,299
1431,1,593,286,617,301
1432,1,593,287,617,302
1433,1,594,283,618,298
1434,1,594,285,618,300
1435,1,596,285,619,299
1436,1,598,278,622,293
1437,1,598,279,623,294
1438,1,598,281,624,296
1439,1,600,275,626,290
1440,1,601,272,628,288
1441,1,604,275,630,290
1442,1,604,270,630,285
1443,1,607,269,633,284
1444,1,606,270,632,285
1445,1,607,265,633,280
1446,1,607,266,632,280
1447,2,610,266,635,282,371,193,388,210
1448,2,606,260,635,278,371,189,387,205
1449,2,609,260,628,279,373,193,394,209
1450,2,608,258,627,277,372,189,389,206
1451,2,601,255,628,273,370,186,389,201
1452,2,603,260,628,275,371,191,392,206
1453,2,602,260,626,274,370,190,392,205
1454,2,599,257,623,271,367,189,389,204
1455,2,596,261,621,276,365,193,392,207
1456,2,594,258,619,273,364,189,389,202
1457,2,591,257,615,272,362,188,389,202
1458,2,589,262,612,276,361,193,385,209
1459,2,587,261,610,275,361,193,386,210
1460,2,584,262,607,276,360,194,384,210
1461,2,582,266,605,280,357,197,382,214
1462,2,580,265,603,279,358,196,382,212
1463,2,579,268,601,281,359,200,382,215
1464,2,577,270,600,284,360,201,384,217
1465,2,576,269,596,281,356,197,384,215
1466,2,575,275,596,288,357,202,385,221
1467,2,574,275,595,288,359,203,383,223
1468,2,569,272,596,289,358,201,382,221
1469,2,568,277,595,294,361,207,385,226
1470,2,567,277,594,294,361,207,385,226
1471,2,567,279,593,296,360,207,387,227
1472,2,567,283,593,300,362,210,390,231
1473,2,566,282,592,299,364,210,390,229
1474,2,566,285,591,302,366,212,392,231
1475,2,565,289,592,306,366,216,394,236
1476,2,566,287,591,304,367,212,393,231
1477,2,565,288,589,306,371,216,397,233
1478,2,563,292,587,309,377,221,398,237
1479,2,566,294,588,307,377,218,403,234
1480,2,567,297,589,310,378,220,405,237
1481,2,566,299,588,312,383,223,407,238
1482,2,567,297,589,310,384,221,409,236
1483,2,567,301,589,314,387,224,411,239
1484,2,567,300,589,313,390,223,414,238
1485,2,567,301,590,314,392,224,418,240
1486,2,568,304,591,317,394,226,422,243
1487,2,568,302,590,315,397,224,424,240
1488,2,569,303,591,316,400,225,426,241
1489,2,569,302,592,315,401,225,429,242
1490,2,570,299,593,312,407,222,432,237
1491,2,570,300,592,313,409,223,433,238
1492,2,571,300,593,313,412,223,438,239
1493,2,571,296,594,309,416,220,443,237
1494,2,572,297,594,310,419,222,447,239
1495,2,572,296,594,309,423,223,451,240
1496,2,572,294,594,307,427,221,454,238
1497,2,573,295,595,308,421,223,456,241
1498,2,573,292,594,305,423,221,458,239
1499,2,573,290,593,302,425,220,462,239
1500,2,572,291,593,304,426,223,463,242
1501,2,570,286,593,303,429,222,466,241
1502,2,568,285,592,303,430,223,471,243
1503,2,566,285,592,305,433,225,473,245
1504,2,566,283,591,301,434,223,476,244
1505,2,565,283,591,302,435,223,479,245
1506,2,563,282,590,298,436,223,479,242
1507,2,562,280,589,296,437,222,482,242
1508,2,559,281,586,297,439,223,484,243
1509,2,558,279,586,295,442,223,487,243
1510,2,555,279,583,296,443,224,488,244
1511,2,554,277,582,294,447,224,490,243
1512,2,551,274,579,291,448,220,492,240
1513,2,550,274,578,291,454,223,494,240
1514,2,547,271,575,288,455,221,495,239
1515,2,545,269,573,286,457,218,499,236
1516,2,542,269,569,286,458,218,502,238
1517,2,540,266,567,282,460,215,507,236
1518,2,537,267,563,283,462,215,510,236
1519,2,536,265,562,281,465,213,513,234
1520,2,533,262,558,277,467,210,516,232
1521,2,530,263,555,278,470,210,520,232
1522,2,527,260,552,275,472,207,521,229
1523,2,525,259,550,274,476,205,526,227
1524,2,522,261,547,276,478,206,529,229
1525,2,520,257,545,272,482,201,533,224
1526,2,517,256,541,271,486,197,539,220
1527,2,515,256,539,271,490,195,544,219
1528,2,513,253,539,268,495,190,549,214
1529,2,513,253,533,268,498,187,552,211
1530,2,510,254,530,269,502,185,558,210
1531,2,508,252,528,267,505,181,571,205
1532,2,506,254,527,270,508,178,571,202
1533,2,504,256,523,270,524,179,583,201
1534,2,503,257,522,272,533,175,583,198
1535,2,500,261,519,276,536,176,597,199
1536,2,494,257,520,275,535,177,596,200
1537,2,494,262,517,279,550,174,616,196
1538,2,493,266,517,284,560,178,604,198
1539,2,490,269,516,285,564,169,634,197
1540,2,488,273,514,289,581,166,643,194
1541,2,488,274,514,291,585,151,644,187
1542,2,486,278,509,294,596,153,656,182
1543,2,486,283,510,300,599,150,666,189
1544,2,486,283,510,300,599,144,678,187
1545,2,483,286,512,306,624,137,691,183
1546,2,483,288,511,307,626,134,705,178
1547,2,482,288,510,307,646,125,720,172
1548,2,482,293,512,311,649,118,736,169
1549,2,481,294,511,312,675,109,753,162
1550,2,482,294,511,312,687,110,753,154
1551,2,480,295,509,312,690,104,750,156
1552,1,481,295,511,313
1553,1,480,295,509,313
1554,1,485,296,504,315
1555,1,485,296,504,315
1556,1,485,296,504,315
1557,1,486,296,505,315
1558,1,486,296,505,315
1559,1,486,296,505,315
1560,1,487,296,506,315
1561,1,488,296,507,315
1562,1,488,296,507,315
1563,1,489,296,508,315
1564,1,489,295,508,314
1565,1,490,295,509,314
1566,1,491,294,510,313
1567,1,491,294,510,313
1568,1,492,293,511,312
1569,1,493,292,512,311
1570,1,493,292,512,311
1571,1,495,290,514,309
1572,1,496,289,515,308
1573,1,497,289,516,308
1574,1,497,288,516,307
1575,1,498,287,517,306
1576,1,499,288,518,307
1577,1,500,289,519,308
1578,1,500,291,519,310
1579,1,500,292,519,311
1580,1,501,294,520,313
1581,1,501,301,520,320
1582,1,501,306,520,325
1583,1,502,312,521,331
1584,1,497,321,525,339
1585,1,498,328,525,346
1586,1,497,341,524,358
1587,1,499,348,524,363
1588,1,498,355,520,373
1590,1,505,366,521,382
1591,1,500,378,522,395
1592,1,500,389,523,406
1593,1,498,391,522,409
1594,1,498,391,522,409
1595,1,496,402,523,418
1596,1,495,403,523,419
1715,1,565,190,584,209
1716,1,565,191,584,210
1717,1,565,192,584,211
1718,1,560,194,586,211
1719,1,561,193,585,211
1720,1,561,196,585,216
1721,1,562,198,585,215
1722,1,562,201,584,219
1723,1,563,204,587,220
1724,1,563,207,587,223
1725,1,563,211,586,226
1726,1,564,217,588,233
1727,1,564,218,588,234
1728,1,564,222,588,238
1729,1,564,228,589,245
1730,1,564,228,589,245
1731,1,564,232,588,248
1732,1,564,240,587,255
1733,1,563,239,585,254
1734,1,562,239,585,254
1735,1,561,245,586,262
1736,1,560,244,585,261
1737,1,556,244,578,258
1738,1,554,248,575,262
1739,1,553,245,575,260
1740,1,552,244,574,258
1741,1,550,252,571,266
1742,1,548,248,569,262
1743,1,546,245,568,260
1744,1,544,253,570,268
1745,1,545,253,574,267
1746,1,544,250,572,264
1747,1,543,253,571,267
1748,1,541,251,570,265
1749,1,539,248,567,262
1750,1,539,251,567,265
1751,1,537,247,565,261
1752,1,537,246,566,260
1753,1,535,246,564,260
1754,1,535,241,563,255
1755,1,535,242,563,255
1756,1,535,242,563,256
1757,1,535,238,563,252
1758,1,535,237,564,251
1759,1,536,236,565,250
1760,1,537,231,565,245
1761,1,543,228,570,244
1762,1,543,227,571,243
1763,1,544,224,572,240
1764,1,537,224,569,240
1765,1,538,225,570,241
1766,1,538,222,570,238
1767,1,539,221,572,238
1768,1,538,219,571,236
1769,1,538,215,571,232
1778,1,540,205,562,217
1779,1,540,205,562,217
1780,1,538,200,562,213
1781,1,542,199,565,212
1782,1,541,199,564,212
1783,1,540,194,563,206
1784,1,540,195,563,208
1785,1,536,196,561,210
1786,1,536,195,559,211
1787,1,535,195,556,216
1788,1,534,195,554,211
1806,1,508,185,532,200
1807,1,509,188,533,203
1808,1,509,185,534,200
1809,1,509,182,534,198
1810,1,510,185,535,201
1811,1,511,181,536,197
1812,1,510,180,537,197
1813,1,510,181,537,198
1814,1,510,176,538,193
1815,1,509,184,535,199
1816,1,510,185,536,200
1817,1,513,179,536,192
1818,1,510,180,536,195
1819,1,509,179,536,195
1820,1,510,175,536,190
1821,1,511,177,536,191
1822,1,511,175,536,189
1823,1,511,173,535,187
1824,1,511,174,535,188
1825,1,511,172,535,186
1826,1,511,169,535,183
1827,1,511,171,534,184
1828,1,511,170,534,183
1829,1,510,169,533,182
1830,1,510,172,533,185
1831,1,509,169,532,182
1832,1,509,170,532,183
1833,1,509,173,530,185
1834,1,508,170,528,182
1835,1,508,171,527,182
1836,1,507,173,527,185
1837,2,509,171,530,183,148,182,170,198
1838,2,506,173,528,186,151,186,173,202
1839,2,506,175,527,188,153,186,177,204
1840,2,505,172,527,185,157,188,178,201
1841,2,503,173,527,187,159,192,179,205
1842,2,503,174,525,187,163,192,181,203
1843,2,502,171,525,185,165,191,184,203
1844,2,502,174,524,187,170,193,188,204
1845,2,501,173,524,186,172,193,190,204
1846,2,501,172,523,185,175,191,194,203
1847,2,500,173,523,187,178,193,194,203
1848,2,500,171,522,184,180,189,197,200
1849,2,498,170,520,183,183,189,199,199
1850,2,498,171,520,184,185,189,202,199
1851,2,497,169,519,182,188,187,204,197
1852,2,496,167,518,180,190,185,206,195
1853,1,496,170,518,183
1854,1,490,167,515,181
1855,1,488,165,514,179
1856,1,487,168,511,182
1857,1,487,166,512,180
1858,1,485,161,510,175
1859,1,484,163,510,178
1860,1,488,162,513,176
1861,1,486,159,512,174
1862,1,486,161,511,175
1863,1,479,160,505,175
1864,1,479,159,503,172
1865,1,478,160,502,174
1866,1,479,162,502,173
1867,1,478,160,501,171
1868,1,477,164,499,175
1869,1,474,160,497,171
1870,1,472,163,495,174
1871,1,471,159,493,170
1872,1,465,164,487,174
1873,1,469,162,490,176
1874,1,468,163,489,177
1875,1,467,162,489,176
1876,1,464,161,484,175
1877,1,463,159,483,173
1878,1,459,177,479,191
1879,1,457,182,476,196
1880,1,457,184,477,198
1881,1,455,193,475,207
1882,1,455,194,476,209
1883,1,453,199,475,214
1884,1,451,210,474,223
1885,1,449,211,471,223
1886,1,449,216,472,229
1887,1,448,220,471,233
1888,1,448,222,470,235
1889,1,445,224,469,240
1890,1,444,228,468,248
1891,1,446,232,467,244
1892,1,446,233,467,248
1893,1,446,235,467,250
1894,1,446,235,467,250
1895,1,445,237,465,251
1896,1,444,237,464,252
1897,1,445,238,465,253
1898,1,443,238,463,252
1899,1,443,238,463,252
1900,1,443,238,463,252
1901,1,443,238,463,252
1902,1,441,237,460,251
1903,1,443,239,462,252
1904,1,440,239,460,253
1905,1,442,240,461,257
1906,1,440,240,459,257
1907,1,441,241,460,258
1908,1,440,243,459,260
1909,1,441,243,459,259
1910,1,440,243,458,259
1911,1,439,245,458,262
1912,1,439,245,458,262
1913,1,439,245,458,262
1914,1,439,247,458,264
1915,1,438,247,457,264
1916,1,438,247,457,264
1917,1,438,250,456,266
1918,1,438,250,456,266
1919,1,438,249,456,265
1920,1,438,249,456,265
1921,1,435,247,453,263
1922,1,435,247,453,263
1923,1,435,247,453,263
1924,1,436,246,454,262
1925,1,435,249,452,265
1926,1,436,247,453,262
1927,1,436,247,453,262
1928,1,435,248,452,263
1929,1,433,245,450,260
1930,1,433,245,450,260
1931,1,433,245,450,260
1932,1,433,245,450,260
1933,1,430,250,453,263
1934,1,429,252,453,266
1935,1,430,248,453,261
1936,1,430,253,453,266
1937,1,430,252,453,265
1938,1,430,247,453,260
1939,1,431,251,454,264
1940,1,431,249,455,263
1941,1,432,248,455,261
1942,1,432,251,455,264
1943,1,433,250,456,263
1944,1,433,252,456,265
1945,1,433,254,455,266
1946,1,433,253,455,265
1947,1,433,252,455,265
1948,1,433,247,456,260
1949,1,433,247,456,260
1950,1,432,243,456,256
1951,1,431,237,457,251
1952,1,430,234,455,250
1953,1,429,230,455,244
1954,1,429,225,456,239
1955,1,428,226,453,240
1956,1,428,221,452,234
1957,1,427,216,452,229
1958,1,430,217,453,229
1959,1,426,214,451,228
1960,1,425,211,450,225
1961,1,418,208,445,222
1962,1,419,208,444,222
1963,1,422,206,447,219
1964,1,414,204,440,218
1965,1,412,204,438,218
1966,1,412,202,437,216
1967,1,412,201,437,214
1968,1,410,201,435,214
1969,1,414,201,440,215
1970,1,412,200,437,214
1971,1,412,200,439,214
1972,1,411,202,437,216
1973,1,411,202,437,216
1974,1,409,203,434,216
1975,1,409,203,434,217
1976,1,407,203,433,217
1977,1,407,205,433,219
1978,1,404,205,431,219
1979,1,404,204,430,218
1980,1,396,203,422,217
1981,1,396,204,422,218
1982,1,396,203,421,216
1983,1,395,203,420,216
1984,1,400,205,425,220
1985,1,400,206,425,221
1986,1,405,208,430,223
1987,1,395,213,422,229
1988,1,395,216,421,231
1989,1,393,221,420,237
1990,1,392,226,420,243
1991,1,390,229,420,247
1992,1,390,239,419,256
1993,1,389,245,416,261
1994,1,389,250,415,265
1995,1,388,260,412,274
1996,1,388,263,412,277
1997,1,385,266,411,281
1998,1,385,274,409,288
1999,1,383,273,407,287
2000,1,383,277,407,291
2001,1,382,280,405,294
2002,1,381,279,404,292
2003,1,380,282,403,295
2004,1,378,282,402,296
2005,1,370,282,392,295
2006,1,374,282,399,297
2007,1,373,282,398,297
2008,1,370,281,395,296
2009,1,368,284,394,299
2010,1,366,284,391,299
2011,1,366,283,391,298
2012,1,363,288,388,303
2013,1,363,290,387,304
2014,1,360,289,383,303
2015,1,359,294,382,308
2016,1,357,293,380,307
2017,1,355,292,380,307
2018,1,352,297,379,313
2019,1,351,294,379,310
2020,1,351,293,374,306
2021,1,350,298,372,311
2022,1,347,298,368,311
2023,1,344,299,365,311
2024,1,342,302,362,314
2025,1,340,303,360,315
2026,1,335,304,358,317
2027,1,332,307,354,320
2028,1,329,307,354,321
2029,1,326,305,350,318
2030,1,325,310,348,325
2031,1,322,314,345,329
2032,1,320,310,343,325
2033,1,317,313,341,328
2034,1,314,315,339,331
2035,1,311,315,335,331
2036,1,310,317,334,333
2037,1,306,316,331,332
2038,1,303,315,329,332
2039,1,303,315,329,332
2040,1,295,315,321,331
2041,1,292,316,318,332
2042,1,289,315,316,332
2043,1,286,310,313,326
2044,1,283,310,309,326
2045,1,280,307,308,324
2046,1,277,300,304,317
2047,1,275,300,302,317
2048,1,273,297,299,313
2049,1,269,290,295,306
2050,1,266,289,293,305
2051,1,260,283,290,301
2052,1,258,278,287,296
2053,1,254,277,285,296
2054,1,252,274,281,292
2055,1,249,270,279,288
2056,1,246,268,278,288
2057,1,242,263,274,283
2058,1,240,262,272,282
2059,1,239,262,266,279
2060,1,237,257,265,274
2061,1,234,256,262,274
2062,1,230,256,255,273
2063,1,227,255,252,272
2064,1,224,254,250,272
2065,1,224,254,250,272
2066,1,222,257,248,275
2067,1,218,250,244,269
2068,1,216,250,242,269
2069,1,214,253,241,272
2070,1,214,253,241,272
2071,1,208,254,237,269
2072,1,205,257,235,272
2073,1,203,255,233,271
2074,1,200,257,230,272
2075,1,201,259,227,272
2076,1,198,257,223,270
2077,1,195,261,223,275
2078,1,192,260,221,275
2079,1,190,258,220,273
2080,1,189,264,215,277
2081,1,188,262,215,276
2082,1,187,260,211,272
2083,1,184,264,211,278
2084,1,184,265,207,277
2085,1,182,262,208,275
2086,1,182,262,208,275
2087,1,179,265,203,276
2088,1,180,262,203,273
2089,1,177,265,201,276
2090,1,178,265,201,276
2091,1,176,262,199,273
2092,1,177,264,201,275
2093,1,176,260,199,271
2094,1,177,262,200,273
2095,1,177,257,200,268
2096,1,177,258,200,268
2097,1,178,262,201,273
2098,1,178,258,202,269
2099,1,179,258,203,269
2100,1,181,261,204,272
2101,1,182,260,205,270
2102,1,183,261,206,272
2103,1,184,262,208,273
2104,1,186,261,210,272
2105,1,187,263,211,274
2106,1,189,268,212,278
2107,1,190,265,214,276
2108,1,192,269,216,280
2109,1,193,274,215,284
2110,1,195,270,218,281
2111,1,195,273,219,284
2112,1,196,279,220,290
2113,1,198,276,220,286
2114,1,198,278,222,289
2115,1,199,285,222,296
2116,1,200,282,223,293
2117,1,201,281,225,292
2118,1,201,286,227,298
2119,1,201,286,227,298
2120,1,201,286,227,298
2121,1,203,290,230,301
2122,1,204,285,231,296
2123,1,205,287,231,297
2124,1,205,291,232,302
2125,1,205,288,232,299
2126,1,206,291,232,302
2127,1,206,293,233,304
2128,1,207,290,234,301
2129,1,206,293,234,306
2130,1,207,294,234,307
2131,1,206,292,235,305
2132,1,206,295,235,308
2133,1,206,295,234,308
2134,1,207,297,234,310
2135,1,205,299,235,313
2136,1,205,299,234,313
2137,1,204,300,233,314
2138,1,204,303,233,316
2139,1,203,303,233,317
2140,1,203,304,232,318
2141,1,203,307,232,320
2142,1,202,306,232,320
2143,1,200,310,231,324
2144,1,200,310,231,324
2145,1,199,313,230,327
2146,1,198,316,229,330
2147,1,197,313,228,328
2148,1,196,315,227,330
2149,1,194,317,226,332
2150,1,194,315,226,330
2151,1,192,318,224,333
2152,1,190,319,223,334
2153,1,187,317,217,329
2154,1,187,317,217,329
2155,1,184,308,213,326
2156,1,182,302,211,320
2157,1,179,300,208,318
2158,1,176,293,206,311
2159,1,175,286,204,304
2160,1,173,285,201,303
2161,1,171,277,200,295
2162,1,168,271,198,290
2163,1,167,270,197,287
2164,1,167,263,194,281
2165,1,166,260,192,278
2166,1,164,259,191,277
2167,1,163,255,189,273
2168,1,162,252,188,270
2169,1,161,253,187,270
2170,1,160,252,186,270
2171,1,159,255,185,272
2172,1,158,256,183,273
2173,1,158,256,183,273
2174,1,155,259,183,278
2175,1,155,259,183,278
2176,1,155,259,183,278
2177,1,152,269,183,287
2178,1,152,269,183,287
2179,1,152,269,183,287
2180,1,152,278,181,296
2181,1,152,279,181,297
2182,1,152,284,181,302
2183,1,152,289,181,307
2184,1,152,289,181,307
2185,1,153,296,182,314
2186,1,152,301,181,319
2187,1,153,299,182,317
2188,1,152,302,182,321
2189,1,153,305,182,323
2190,1,152,301,182,319
2191,1,152,301,182,319
2192,1,153,305,182,323
2193,1,154,304,181,321
2194,1,154,304,181,321
2195,1,154,304,181,321
2196,1,154,304,181,321
2197,1,154,304,181,321
2198,1,153,300,181,314
2199,1,153,302,180,316
2200,1,152,305,182,320
2201,1,153,302,181,316
2202,1,153,304,180,318
2203,1,153,307,178,320
2204,1,154,303,178,315
2205,1,154,305,176,316
2206,1,155,305,180,318
2207,1,155,304,180,317
2208,1,154,305,182,319
2209,1,155,305,182,319
2210,1,156,305,182,319
2211,1,156,307,183,321
2212,1,156,305,183,319
2213,1,156,307,187,323
2214,1,155,309,184,323
2215,1,156,308,185,322
2216,1,157,310,185,324
2217,1,159,311,186,324
2218,1,160,311,185,323
2219,1,160,311,185,323
2288,1,182,163,201,175
2289,1,181,167,200,179
2290,1,180,169,198,181
2291,1,179,168,201,180
2292,1,178,170,200,182
2293,1,178,174,200,186
2294,1,176,175,198,187
2295,1,182,179,201,191
2296,1,180,180,199,192
2297,1,181,182,201,194
2298,1,182,187,199,198
2299,1,183,188,200,198
2300,1,182,191,198,201
2301,1,183,195,200,205
2302,1,183,193,199,203
2303,1,184,195,200,205
2304,1,183,198,199,208
2305,1,184,195,200,205
2313,1,188,198,200,208
2314,1,188,201,200,211
2315,1,188,206,200,216
2316,1,188,206,200,216
2317,1,189,209,202,220
2318,1,191,209,201,220
2319,1,192,212,202,223
2320,1,191,217,201,228
2321,1,193,215,203,226
2322,1,192,216,202,227
2323,1,193,221,203,232
2324,1,193,220,203,231
2325,1,194,220,204,231
2326,1,194,223,204,234
2327,1,194,225,204,236
2328,1,194,224,204,235
2329,1,194,229,205,241
2330,1,194,229,204,241
2331,1,193,228,203,239
2332,1,194,233,205,245
2333,1,192,231,203,243
2334,1,193,232,204,244
2335,1,192,235,202,246
2336,1,193,232,204,244
2337,1,192,233,202,244
2338,1,192,235,202,246
2339,1,191,232,201,243
2340,1,192,233,202,245
2341,1,191,234,201,245
2342,1,187,231,205,241
2343,1,187,232,205,242
2344,1,186,232,204,242
2345,1,186,225,204,235
2346,1,186,227,204,237
2347,1,187,227,205,237
2348,1,187,223,205,233
2349,1,187,224,205,234
2350,1,187,222,206,232
2351,1,188,219,207,229
2352,1,188,220,208,231
2353,1,189,215,209,226
2354,1,189,219,209,230
2355,1,190,220,210,231
2356,1,191,214,210,225
2357,1,192,217,212,228
2358,1,192,218,212,229
2359,1,192,214,211,225
2360,1,193,216,212,227
2361,1,193,219,212,230
2362,1,193,216,213,227
2363,1,194,218,215,232
2364,1,194,220,215,234
2365,1,194,214,215,228
2366,1,193,213,214,227
2367,1,193,216,213,229
2368,1,194,209,215,223
2412,1,219,177,238,189
2413,1,219,173,238,185
2414,1,223,180,243,193
2415,1,222,177,242,191
2416,1,221,177,241,191
2417,1,221,179,241,193
2418,1,220,178,240,192
2419,1,220,179,239,193
2420,1,219,180,238,194
2421,1,219,179,238,193
2436,1,224,204,243,218
2437,1,224,205,243,219
2438,1,224,202,243,216
2439,1,224,205,244,219
2440,1,224,204,244,219
2441,1,226,205,244,218
2442,1,226,208,244,221
2443,1,226,206,245,220
2444,1,227,207,246,220
2445,1,226,211,245,225
2446,1,227,209,246,223
2447,1,226,210,245,224
2448,1,227,214,246,228
2449,1,227,212,247,226
2450,1,228,214,248,228
2451,1,228,214,248,229
2452,1,228,217,249,232
2453,1,229,216,250,231
2454,1,230,217,250,232
2455,1,230,220,250,235
2456,1,231,217,251,232
2457,1,232,221,253,236
2458,1,233,223,254,238
2459,1,233,218,255,234
2460,1,233,221,256,237
2461,1,234,221,257,238
2462,1,236,222,255,234
2463,1,237,226,256,238
2464,1,238,225,256,237
2465,1,238,223,257,235
2466,1,239,228,258,240
2467,1,240,224,259,236
2468,1,240,225,259,237
2469,1,241,228,260,240
2470,1,243,225,261,236
2471,1,242,226,261,238
2472,1,243,228,263,241
2473,1,243,225,262,237
2474,1,244,229,263,241
2475,1,244,230,263,242
2476,1,245,230,264,242
2477,1,245,232,264,244
2478,1,245,229,264,241
2479,1,246,231,265,243
2480,1,247,232,266,244
2481,1,247,229,266,241
2482,1,248,231,267,243
2483,1,248,229,267,241
2484,1,249,232,268,244
2485,1,249,229,268,241
2486,1,249,231,267,243
2487,1,249,233,267,245
2488,1,249,229,267,240
2489,1,249,231,266,242
2490,1,249,233,266,244
2491,1,249,229,266,240
2492,1,248,228,265,239
2493,1,248,228,265,239
2494,1,247,225,263,235
2495,1,247,225,263,235
2496,1,247,223,264,234
2497,1,246,220,263,231
2498,1,246,219,263,230
2499,1,246,218,263,228
2500,1,246,216,263,226
2501,1,246,216,262,226
2502,1,246,214,262,224
2503,1,246,214,262,224
2504,1,246,213,262,223
2505,1,246,211,262,221
2506,1,246,212,262,222
2507,1,246,211,262,221
2508,1,246,210,263,221
2509,1,247,208,264,219
2510,1,247,208,264,219
2511,1,247,208,264,219
2512,1,246,207,264,218
2513,1,247,209,263,220
2514,1,247,210,262,221
2515,1,247,207,263,218
2516,1,247,206,263,217
2517,1,247,205,263,216
2518,1,247,205,264,216
2519,1,247,205,263,216
2520,1,247,205,262,216
2521,1,246,204,262,215
2522,1,246,203,262,214
2523,1,245,203,261,214
2524,1,245,203,261,214
2525,1,245,202,261,213
2526,1,244,202,260,213
2527,1,243,200,260,211
2528,1,243,201,260,213
2529,1,243,201,259,212
2530,1,242,201,258,212
2531,1,241,200,257,211
2532,1,241,202,257,213
2533,1,240,201,256,212
2534,1,239,201,256,212
2535,1,239,201,255,212
2536,1,238,200,254,211
2537,1,237,200,254,211
2538,1,237,200,253,211
2539,1,235,197,253,209
2540,1,236,197,252,208
2541,1,234,197,251,209
2542,1,235,195,251,206
2543,1,234,195,251,206
2544,1,234,195,250,206
2545,1,233,193,248,204
2546,1,233,193,249,204
2547,1,232,193,248,204
2548,1,232,191,248,202
2549,1,231,192,247,203
2550,1,231,191,247,202
2551,1,230,190,246,201
2552,1,229,190,245,201
2553,1,229,189,244,199
2554,1,227,189,244,200
2555,1,226,189,242,200
2556,1,225,189,240,199
2557,1,224,190,239,201
2558,1,223,190,239,201
2559,1,222,191,238,202
2560,1,221,192,237,203
2561,1,221,193,237,204
2562,1,219,195,235,206
2563,1,219,197,234,207
2564,1,217,196,232,206
2565,1,216,200,231,210
2566,1,216,199,232,210
2567,1,216,200,231,211
2568,1,215,203,230,213
2569,1,215,203,230,213
2570,1,213,203,229,214
2571,1,213,205,229,216
2572,1,212,205,228,216
2573,1,213,207,229,218
2574,1,211,207,227,218
2575,1,212,208,228,219
2576,1,211,208,227,219
2577,1,212,208,228,219
2578,1,211,209,226,219
2579,1,212,209,227,219
2580,1,211,207,228,218
2581,1,211,203,228,214
2582,1,211,203,227,214
2583,1,211,202,227,212
2584,1,211,196,226,206
2585,1,210,195,227,207
2586,1,209,192,227,203
2587,1,211,189,227,199
2588,1,213,188,227,198
2589,1,206,184,228,197
2590,1,209,178,230,193
2591,1,211,178,228,192
2592,1,210,178,231,189
2593,1,209,175,230,186
2594,1,211,175,232,186
2595,1,209,173,231,184
2596,1,211,172,232,183
2597,1,210,170,232,181
2598,1,211,171,234,183
2599,1,211,169,232,180
2600,1,212,169,234,181
2601,1,212,170,234,182
2602,1,212,170,234,182
2603,1,214,171,235,182
2604,1,214,173,235,184
2605,1,215,175,236,186
2606,1,214,176,237,188
2607,1,216,178,238,189
2608,1,217,180,237,191
2609,1,219,181,240,193
2610,1,218,182,238,193
2611,1,220,184,240,195
2612,1,219,189,238,200
2613,1,223,188,244,199
2614,1,222,190,240,200
2615,1,225,192,244,202
2616,1,224,190,245,202
2617,1,225,191,245,202
2618,1,225,190,245,203
2619,1,226,192,245,204
2620,1,226,190,246,203
2621,1,227,191,245,203
2622,1,227,192,248,206
2623,1,227,192,246,205
2624,1,228,192,249,206
2625,1,228,195,249,208
2626,1,232,197,250,209
2627,1,231,197,247,209
2628,1,231,200,247,212
2629,1,233,202,248,214
2630,1,232,205,248,219
2631,1,232,207,249,220
2632,1,233,209,250,224
2633,1,233,213,250,225
2634,1,232,220,249,231
2635,1,234,221,250,234
2636,1,234,223,250,236
2637,1,234,222,252,239
2638,1,237,226,252,242
2639,1,236,227,252,243
2640,1,237,228,253,244
2641,1,237,229,253,245
2642,1,238,231,254,247
2643,1,239,233,255,249
2644,1,240,233,256,249
2645,1,240,234,256,250
2646,1,240,235,256,251
2647,1,241,235,257,251
2648,1,242,237,258,253
2649,1,242,238,258,254
2650,2,243,240,259,256,317,211,331,225
2651,2,243,241,259,257,317,211,331,225
2652,2,244,242,260,258,317,211,331,225
2653,2,244,244,260,260,318,212,332,226
2654,2,244,245,260,261,318,212,332,226
2655,2,244,247,260,263,318,212,332,226
2656,2,243,248,259,264,318,212,332,226
2657,2,243,249,259,265,318,212,332,226
2658,2,242,249,260,267,319,212,333,226
2659,2,242,250,260,268,319,212,333,226
2660,2,242,250,260,268,319,212,333,226
2661,2,242,251,260,269,319,212,333,226
2662,2,242,251,260,269,320,212,334,226
2663,2,242,252,260,270,320,212,334,226
2664,2,242,253,260,271,320,211,334,225
2665,2,244,257,262,269,321,211,335,225
2666,2,244,259,262,271,322,212,337,227
2667,2,245,261,263,273,323,213,337,227
2668,2,241,262,264,274,323,213,336,226
2669,2,243,264,265,275,326,215,337,226
2670,2,242,265,267,278,327,215,338,226
2671,2,245,267,269,280,327,218,337,228
2672,2,246,269,270,281,327,217,337,227
2673,1,250,267,268,285
2674,1,253,269,271,287
2675,2,255,270,273,288,337,213,354,231
2676,2,257,272,274,289,340,214,357,232
2677,2,259,273,277,291,338,214,359,235
2678,2,261,274,279,292,341,215,362,236
2679,2,265,276,283,294,342,215,363,236
2680,2,268,277,286,295,346,216,367,237
2681,2,270,278,288,296,348,216,369,237
2682,2,272,279,290,297,353,217,374,238
2683,2,275,280,293,298,355,218,376,239
2684,2,277,280,295,298,360,218,381,239
2685,2,280,281,298,299,363,219,384,240
2686,2,282,282,300,300,368,220,389,241
2687,2,284,283,302,301,369,220,390,241
2688,2,287,284,305,302,374,221,395,242
2689,2,291,286,309,304,377,220,398,241
2690,2,294,286,312,304,382,220,403,242
2691,2,296,287,314,305,383,221,406,243
2692,2,298,288,316,306,387,222,411,245
2693,2,301,288,319,306,389,222,413,247
2694,2,304,288,324,308,393,223,418,248
2695,2,306,289,326,309,396,222,421,247
2696,2,307,290,327,310,399,222,424,247
2697,2,309,291,329,311,401,223,426,248
2698,2,311,291,331,311,405,224,430,249
2699,2,312,292,332,312,407,225,432,250
2700,2,315,294,335,314,412,226,437,251
2701,2,317,295,337,315,413,225,438,250
2702,2,318,296,338,316,417,225,442,250
2703,2,319,296,339,316,418,226,443,251
2704,2,321,297,341,317,421,225,447,251
2705,2,323,299,343,319,423,225,450,252
2706,2,324,299,344,319,426,224,454,252
2707,2,326,300,346,320,429,224,456,251
2708,2,327,300,347,320,433,224,460,251
2709,2,328,301,348,321,434,224,461,251
2710,2,330,302,350,322,437,223,464,250
2711,2,332,302,352,322,437,225,466,246
2712,2,332,305,351,324,441,226,469,247
2713,2,334,303,354,323,442,224,468,243
2714,2,335,304,356,325,443,224,470,244
2715,2,337,306,357,326,446,223,476,245
2716,2,338,305,359,326,448,221,478,243
2717,2,340,308,359,327,452,221,481,242
2718,2,341,306,361,326,451,218,484,242
2719,2,342,308,362,328,455,218,488,242
2720,2,342,310,362,330,463,214,494,245
2721,2,342,310,362,330,465,213,497,245
2722,2,343,311,363,331,469,214,501,246
2723,2,343,312,363,332,470,214,502,246
2724,2,343,312,363,332,474,217,506,249
2725,2,343,313,363,333,476,218,508,250
2726,2,342,314,362,334,480,221,512,253
2727,2,342,314,362,334,483,222,515,254
2728,2,342,314,362,334,486,232,519,257
2729,2,341,313,362,334,489,233,523,258
2730,2,340,314,361,335,492,237,525,262
2731,2,339,315,360,336,495,241,528,266
2732,2,340,315,360,335,499,244,531,268
2733,2,339,316,360,337,502,248,535,273
2734,2,339,318,359,338,507,254,537,277
2735,2,338,318,358,338,509,255,541,279
2736,2,331,324,358,340,513,261,545,286
2737,2,331,324,358,340,518,265,548,288
2738,2,331,324,358,340,522,270,552,293
2739,2,331,324,358,340,527,276,556,298
2740,2,331,324,358,340,531,278,559,300
2741,2,331,324,358,340,536,282,565,304
2742,2,328,333,354,350,540,289,569,311
2743,2,328,333,353,350,544,292,573,314
2744,2,326,334,353,352,549,295,580,319
2745,2,326,336,352,353,553,298,587,324
2746,2,325,338,352,356,559,304,594,330
2747,2,325,340,353,358,560,310,602,340
2748,2,324,340,351,358,566,314,608,344
2749,2,325,345,351,362,573,322,617,353
2750,2,325,343,352,360,580,324,622,354
2751,2,325,346,352,364,589,333,631,363
2752,2,325,349,351,366,598,340,639,370
2753,2,325,347,352,364,606,343,650,375
2754,2,324,349,351,367,617,352,660,383
2755,2,324,351,351,369,620,357,682,394
2756,2,323,350,351,369,633,362,683,392
2757,2,324,353,352,372,645,373,697,404
2758,2,323,355,351,374,663,380,731,419
2759,2,324,355,352,373,675,389,747,427
2760,2,324,358,352,376,683,401,751,435
2761,1,329,362,352,376
2762,1,329,366,353,380
2763,1,330,365,353,379
2764,1,331,366,353,380
2765,1,333,369,356,383
2766,1,333,369,356,383
2767,1,333,369,356,383
2768,1,331,374,359,389
2769,1,333,375,361,390
2770,1,334,378,362,393
2771,1,341,381,364,393
2772,1,341,381,364,393
2773,1,346,385,367,398
2774,1,347,386,368,399
2775,1,350,387,370,400
2776,1,350,390,372,404
2777,1,351,389,374,404
2778,1,353,389,376,403
2779,1,355,392,377,406
2780,1,357,390,379,404
2781,1,359,388,380,404
2782,1,361,389,382,406
2783,1,363,387,385,404
2784,1,364,389,385,405
2785,1,364,389,387,406
2928,1,478,94,493,109
2929,1,478,93,493,108
2930,1,478,92,493,107
2931,1,478,92,493,107
2932,1,477,91,492,106
2933,1,477,90,492,105
2934,1,478,90,493,105
2935,1,478,91,493,106
2936,1,479,93,494,108
2937,1,480,94,495,109
2938,1,480,95,495,110
2939,1,484,98,499,113
2940,1,486,100,501,115
2941,1,489,103,504,118
2942,1,491,105,506,120
2943,1,494,107,509,122
2944,1,497,111,512,126
2945,1,498,113,513,128
2946,1,498,116,513,131
2947,1,499,118,514,133
2948,1,500,121,515,136
2949,1,500,121,515,136
2950,1,501,122,516,137
2951,1,501,123,516,138
2952,1,501,123,516,138
2953,1,501,124,516,139
2954,1,501,124,516,139
2955,1,501,123,516,138
2956,1,501,123,516,138
2957,1,501,123,516,138
2958,1,501,123,516,138
2959,1,501,122,516,137
2960,1,501,122,516,137
2961,1,501,121,516,136
2962,1,501,120,516,135
2963,1,502,119,517,134
2964,1,502,118,517,133
2965,1,502,117,517,132
2966,1,501,116,517,132
2967,1,500,116,517,133
2968,1,499,116,517,134
2969,1,498,116,516,134
2970,1,497,116,516,135
2971,1,496,116,516,136
2972,1,495,116,515,136
2973,1,495,116,515,136
2974,1,494,116,514,136
2975,1,494,116,514,136
2976,1,492,116,512,136
2977,1,492,116,512,136
2978,1,491,116,511,136
2979,1,490,116,510,136
2980,1,490,116,510,136
2981,1,488,116,508,136
2982,1,487,115,507,135
2983,1,487,115,507,135
2984,1,486,114,506,134
2985,1,485,114,505,134
2986,1,483,113,503,132
2987,1,482,112,501,131
2988,1,482,112,500,130
2989,1,481,111,498,128
2990,1,480,111,497,127
2991,1,477,110,493,126
2992,1,476,111,492,127
2993,1,474,111,490,127
2994,1,472,111,488,127
2995,1,471,112,487,128
2996,1,469,111,485,127
2997,1,469,110,485,126
2998,1,468,108,484,124
2999,1,468,107,484,123
3035,1,268,23,282,37
3036,1,267,24,281,38
3037,1,266,24,280,38
3038,1,264,27,277,40
3039,1,262,30,274,42
3040,1,260,33,271,44
3041,1,259,35,270,46
3042,1,256,39,267,50
3043,1,254,44,264,54
3044,1,252,47,263,58
3045,1,249,53,259,66
3046,1,248,58,258,71
3047,1,245,62,255,75
3048,1,245,66,255,79
3049,1,242,71,252,84
3050,1,242,75,252,88
3051,1,240,78,250,91
3052,1,240,82,250,95
3053,1,237,84,247,97
3054,1,238,85,248,98
3055,1,236,88,246,101
3056,1,236,91,246,104
3057,1,235,93,245,106
3058,1,235,95,245,108
3059,1,234,96,244,109
3060,1,234,97,244,110
3061,1,233,97,243,110
3062,1,235,96,245,109
3063,1,234,94,244,107
3064,1,236,92,247,106
3065,1,236,91,246,104
3127,1,386,161,403,178
3128,1,386,162,404,180
3129,1,387,164,404,181
3130,1,387,166,406,185
3131,1,388,168,406,186
3132,1,389,171,407,190
3133,1,389,174,407,191
3134,1,391,177,408,194
3135,1,391,177,408,194
3136,1,392,179,409,196
3137,1,393,180,410,197
3138,1,395,182,412,199
3139,1,396,184,413,201
3140,1,399,186,415,203
3141,1,399,187,416,203
3142,1,401,189,417,206
3143,1,401,191,418,207
3144,1,402,194,420,211
3145,1,402,202,424,214
3146,1,404,206,424,217
3147,1,407,210,425,220
3148,1,407,212,428,223
3149,1,408,218,427,228
3150,1,409,223,427,233
3151,1,410,227,430,238
3152,1,409,232,431,244
3153,1,408,236,430,248
3154,1,410,241,429,251
3155,1,411,246,429,256
3156,1,412,251,430,261
3157,1,413,255,432,266
3158,1,414,259,433,269
3159,1,414,262,435,273
3160,1,415,266,435,277
3161,1,417,269,435,279
3162,1,424,272,442,282
3163,1,422,276,440,286
3164,1,424,277,442,287
3172,1,429,301,446,313
3173,1,430,303,448,316
3174,1,430,306,448,318
3175,1,431,305,450,318
3176,1,433,307,451,320
3177,1,434,311,452,323
3178,1,435,311,453,323
3179,1,436,314,453,326
3180,1,436,317,453,328
3181,1,437,317,457,330
3182,1,438,320,455,332
3183,1,439,321,456,333
3184,1,439,320,457,332
3185,1,440,323,458,336
3186,1,441,326,457,337
3187,1,441,326,457,337
3188,1,438,328,459,340
3189,1,439,329,459,341
3190,1,439,329,459,341
3191,1,439,329,459,341
3192,1,441,333,460,343
3193,1,441,333,460,343
3194,1,441,336,460,346
3195,1,442,339,461,349
3196,1,442,339,461,349
3197,1,440,344,459,354
3198,1,440,347,459,357
3199,1,441,347,460,357
3200,1,440,352,459,362
3201,1,440,352,459,362
3202,1,442,354,462,368
3203,1,442,357,462,371
3204,1,443,358,462,371
3205,1,443,360,464,375
3206,1,442,364,461,378
3207,1,443,366,462,380
3208,1,443,367,461,381
3209,1,444,370,462,383
3210,1,444,370,464,385
3211,1,444,370,464,385
3212,1,442,372,466,388
3213,1,442,374,466,390
3214,1,443,373,467,389
3253,1,467,293,486,312
3254,1,468,292,487,311
3255,1,468,291,487,310
3256,1,470,290,489,309
3257,1,470,291,489,310
3258,1,472,291,491,310
3259,1,473,292,492,311
3260,1,475,292,494,311
3261,1,476,291,495,310
3262,1,478,291,497,310
3263,1,478,291,497,310
3264,1,481,293,499,311
3265,1,483,294,501,312
3266,1,486,297,503,314
3267,1,488,298,505,315
3268,1,490,298,507,315
3269,1,490,297,507,314
3270,1,492,297,509,314
3271,1,494,298,511,315
3272,1,496,304,517,317
3273,1,498,307,519,320
3274,1,501,309,523,322
3275,1,503,312,523,325
3276,1,505,314,524,326
3277,1,507,318,526,330
3278,1,510,323,528,334
3279,1,512,325,530,336
3280,1,514,329,532,340
3281,1,515,335,533,346
3282,1,517,337,535,348
3283,1,519,342,536,353
3284,1,520,347,537,358
3285,1,522,350,540,361
3286,1,524,353,542,366
3287,1,525,354,543,367
3288,1,527,357,545,370
3289,1,528,359,547,373
3290,1,529,359,547,372
3291,1,531,363,549,376
3292,1,531,363,549,376
3293,1,534,363,554,377
3294,1,536,366,555,379
3295,1,536,364,555,377
3296,1,538,363,557,376
3297,1,538,363,557,376
3298,1,539,358,559,373
3299,1,540,355,560,370
3300,1,541,354,561,369
3301,1,539,348,563,361
3302,1,540,346,564,359
3303,1,542,344,565,357
3304,1,543,336,567,349
3305,1,544,336,567,348
3306,1,547,334,570,347
3307,1,546,325,568,339
3308,1,548,324,570,338
3309,1,549,321,571,335
3310,1,551,316,572,330
3311,1,554,317,575,332
3312,1,554,317,575,332
3313,1,557,311,576,325
3314,1,555,312,574,327
3315,1,555,309,574,324
3316,1,555,309,574,324
3317,1,559,309,577,324
3318,1,559,306,580,319
3319,1,560,304,581,319
3320,1,563,308,581,322
3321,1,561,300,579,318
3322,1,565,300,584,314
3323,1,565,303,583,316
3324,1,566,300,585,314
3325,1,567,298,586,312
3326,1,567,298,586,312
3327,1,567,298,586,312
3328,1,565,295,588,311
3329,1,566,297,589,313
3330,1,566,294,589,310
3331,1,567,295,590,311
3332,1,567,294,591,310
3333,1,568,294,593,311
3334,1,568,293,592,310
3335,1,570,295,593,311
3336,1,570,295,592,310
3337,1,571,296,593,311
3338,1,570,294,592,309
3339,1,572,295,594,310
3340,1,571,294,593,309
3341,1,573,292,594,313
3342,1,574,293,595,314
3343,1,574,294,595,315
3344,1,575,296,596,317
3345,1,575,296,596,317
3346,1,576,299,596,319
3347,1,577,300,597,320
3348,1,578,303,597,322
3349,1,578,303,597,322
3350,1,578,306,597,325
3351,1,579,308,598,327
3352,1,579,312,598,331
3353,1,579,314,598,333
3354,1,579,317,598,336
3355,1,579,318,598,337
3356,1,579,320,598,339
3357,1,580,322,599,341
3358,1,580,325,599,344
3359,1,580,326,599,345
3360,1,580,330,599,348
3361,1,581,331,598,349
3362,1,581,334,599,351
3363,1,581,334,599,353
3364,1,581,335,600,354
3365,1,581,334,600,353
3366,1,581,333,600,352
3367,1,581,331,600,350
3368,1,581,332,600,351
3369,1,581,333,600,352
3370,1,581,335,600,354
3371,1,581,334,600,353
3372,1,581,334,600,353
3373,1,582,333,601,352
3374,1,582,334,601,353
3375,1,582,335,601,354
3376,1,582,336,601,355
3377,1,582,335,601,354
3378,1,582,334,601,353
3379,1,582,334,601,353
3380,1,582,333,601,352
3381,1,583,334,602,353
3382,1,583,334,602,353
3383,1,582,335,601,354
3384,1,582,334,601,353
3385,1,582,333,601,352
3513,1,572,246,589,263
3514,1,572,247,589,264
3515,1,572,247,589,264
3516,1,572,246,589,263
3517,1,571,244,588,261
3518,1,571,242,588,259
3519,1,572,241,589,258
3520,1,572,242,589,259
3521,1,573,243,590,260
3522,1,573,243,590,260
3523,1,574,243,591,260
3524,1,574,241,591,258
3525,1,574,240,591,257
3526,1,574,240,591,257
3527,1,574,241,591,258
3528,1,575,242,592,259
3529,1,575,242,592,259
3530,1,576,241,593,258
3531,1,576,239,593,256
3532,1,575,238,592,255
3533,1,575,237,592,254
3534,1,574,236,591,253
3535,1,574,236,591,253
3536,1,574,234,590,250
3537,1,574,233,590,249
3538,1,573,231,588,246
3539,1,573,229,588,244
3540,1,571,226,586,241
3541,1,571,224,586,239
3542,1,569,221,584,236
3543,1,569,221,584,236
3544,1,567,220,582,235
3545,1,566,219,581,234
3546,1,564,219,579,234
3547,1,562,220,577,235
3548,1,560,221,575,236
3549,1,560,222,574,236
3550,1,558,224,572,238
3551,1,556,225,570,239
3552,1,554,226,568,240
3553,1,553,225,567,239
3554,1,551,225,565,239
3555,1,550,226,564,240
3556,1,547,227,561,241
3557,1,546,228,560,242
3558,1,543,229,557,243
3559,1,543,229,557,243
3560,1,541,229,555,243
3561,1,539,228,553,242
3562,1,537,229,551,243
3563,1,535,229,549,243
3564,1,533,229,547,243
3565,1,533,229,547,243
3566,1,530,227,544,241
3567,1,527,225,543,241
3568,1,524,224,540,240
3569,1,523,225,539,241
3570,1,521,224,537,240
3571,1,521,223,537,239
3572,1,519,221,535,237
3573,1,518,220,534,236
3574,1,516,219,532,235
3575,1,514,220,530,236
3576,1,512,221,528,237
3577,1,511,221,527,237
3578,1,509,221,525,237
3579,1,509,220,525,236
3580,1,507,219,523,235
3581,1,506,219,522,235
3582,1,505,219,521,235
3583,1,504,220,520,236
3584,1,504,220,520,236
3585,1,503,220,519,236
3586,1,502,220,518,236
3587,1,502,220,518,236
3588,1,501,219,517,235
3589,1,500,219,516,235
3590,1,500,217,516,233
3591,1,501,217,517,233
3592,1,501,216,517,232
3593,1,502,217,518,233
3594,1,502,217,518,233
3595,1,502,217,518,233
3596,1,503,215,519,231
3597,1,503,214,519,230
3598,1,504,212,520,228
3599,1,504,213,520,229
3600,1,505,213,521,229
3601,1,506,214,522,230
3602,1,508,212,523,228
3603,1,508,211,523,225
3604,1,510,208,524,222
3605,1,510,208,524,222
3606,1,511,207,525,221
3607,1,512,208,526,222
3608,1,513,206,527,220
3609,1,513,205,527,219
3610,1,514,203,528,217
3611,1,515,203,529,217
3612,1,515,204,529,218
3613,1,516,204,530,218
3614,1,517,204,531,218
3615,1,517,202,531,216
3616,1,518,201,532,215
3617,1,519,201,533,215
3618,1,519,201,533,215
3619,1,520,202,534,216
3620,1,520,202,534,216
3621,1,521,203,535,217
3622,1,521,203,535,217
3623,1,521,202,535,216
3624,1,521,203,535,217
3625,1,522,203,536,217
3626,1,523,203,537,217
3627,1,523,203,537,217
3628,1,524,202,538,216
3629,1,523,202,537,216
3630,1,523,203,537,217
3631,1,523,204,537,218
3632,1,523,205,537,219
3633,1,522,204,536,218
3634,1,522,203,536,217
3635,1,522,203,536,217
3636,1,522,202,536,216
3637,1,521,202,535,216
3638,1,521,203,535,217
3639,1,520,203,534,217
3640,1,520,203,534,217
3641,1,519,203,533,217
3642,1,518,201,532,215
3643,1,518,200,532,214
3644,1,517,199,531,213
3645,1,516,199,530,213
3646,1,516,198,530,212
3647,1,516,198,530,212
3648,1,515,197,529,211
3649,1,515,196,529,210
3650,1,513,196,527,210
3651,1,513,196,527,210
3652,1,512,197,526,211
3653,1,511,197,525,211
3654,1,510,199,524,213
3655,1,509,200,523,214
3656,1,508,201,522,215
3657,1,508,201,522,215
3658,1,507,202,521,216
3659,1,507,204,521,218
3660,1,506,208,520,222
3661,1,505,210,519,224
3662,1,505,213,519,227
3663,1,504,212,518,226
3664,1,504,213,518,227
3665,1,503,215,517,229
3666,1,503,218,517,232
3667,1,503,220,517,234
3668,1,503,222,517,236
3669,1,502,223,516,237
3670,1,502,223,516,237
3671,1,502,222,516,236
3672,1,502,222,516,236
3673,1,502,222,516,236
3674,1,502,222,516,236
3675,1,502,222,516,236
3676,1,502,220,516,234
3677,1,503,219,517,233
3678,1,503,216,517,230
3679,1,503,215,517,229
3680,1,503,214,517,228
3681,2,503,213,517,227,171,159,181,169
3682,2,503,210,517,224,169,153,179,163
3683,2,504,211,518,225,168,151,178,161
3684,2,505,210,519,224,165,147,175,157
3685,2,506,209,519,222,165,143,176,154
3686,2,508,211,521,224,163,143,173,153
3687,2,509,208,521,220,162,136,172,146
3688,2,509,208,521,220,161,134,171,144
3689,2,510,211,522,223,159,135,169,145
3690,2,511,206,524,219,158,128,168,138
3691,2,513,205,526,218,157,125,167,135
3692,2,514,207,526,219,155,126,165,136
3693,2,515,203,527,215,153,121,163,131
3694,2,516,203,528,215,152,120,162,130
3695,2,517,204,529,216,150,119,160,129
3696,2,518,200,530,212,148,114,158,124
3697,2,518,200,529,211,146,113,156,123
3698,2,515,199,530,211,145,111,156,122
3699,2,516,197,532,210,143,108,154,119
3700,2,517,197,532,209,142,107,152,117
3701,2,517,196,531,208,140,105,150,115
3702,2,518,197,533,209,138,104,148,114
3703,2,518,196,533,208,136,102,146,112
3704,2,519,196,534,208,135,101,145,111
3705,2,519,198,533,209,133,102,143,112
3706,2,520,196,535,208,131,99,141,109
3707,2,521,197,536,209,128,98,138,108
3708,2,519,197,535,210,127,97,138,108
3709,2,517,194,533,207,124,94,134,104
3710,2,518,198,533,210,123,95,134,106
3711,2,521,195,537,208,120,92,131,103
3712,2,522,195,538,207,119,91,130,102
3713,2,522,198,536,209,116,92,127,103
3714,1,114,89,124,100
3715,1,111,88,121,99
3716,2,109,89,119,100,521,196,538,207
3717,2,107,87,117,98,521,196,537,206
3718,2,105,89,115,100,520,197,537,208
3719,2,103,88,113,99,520,198,537,209
3720,2,101,86,111,97,520,196,536,206
3721,1,100,88,110,99
3722,1,98,88,108,99
3723,1,96,87,106,98
3724,1,94,88,104,99
3725,1,93,87,103,98
3726,1,91,88,101,99
3729,1,86,87,96,98
3730,1,84,87,94,98
3731,1,84,87,94,98
3751,1,63,99,75,111
3752,1,64,99,76,111
3753,1,62,99,74,111
3754,1,62,100,74,112
3755,1,62,100,74,112
3756,1,61,101,73,113
3757,1,61,104,73,116
3758,1,60,102,72,114
3759,1,60,105,72,117
3760,1,59,106,71,118
3761,1,59,107,72,120
3762,1,58,110,70,122
3763,2,57,112,69,124,534,196,551,210
3764,1,533,196,550,210
3765,1,534,198,550,211
3766,1,534,198,550,211
3767,1,533,197,550,211
3788,1,530,239,549,249
3817,1,106,232,124,242
3818,1,108,236,126,246
3819,1,110,237,128,247
3820,1,112,234,130,244
3821,1,115,234,133,244
3822,1,117,234,135,244
3823,1,118,230,137,240
3824,1,120,233,139,244
3825,1,122,231,141,242
3826,1,124,230,145,242
3827,1,126,231,144,241
3828,1,128,228,146,238
3829,1,130,228,148,238
3830,1,133,229,151,239
3831,1,134,227,152,237
3832,1,136,227,154,237
3833,1,138,224,157,235
3834,1,140,225,158,235
3835,1,144,225,162,236
3836,1,147,222,163,232
3837,1,147,223,165,234
3838,1,545,228,566,238
3839,1,545,227,566,237
3840,1,545,229,566,239
3841,1,545,231,566,241
3842,1,545,229,567,239
3843,1,548,232,567,242
3844,1,548,232,567,242
3845,1,548,232,567,242
3846,1,549,235,568,245
3847,1,549,235,568,245
3848,1,550,235,569,245
3849,1,550,236,569,246
3850,1,546,235,566,246
3851,1,550,236,569,246
3919,1,561,249,582,261
3920,1,561,249,582,261
3921,1,561,252,582,264
3922,1,562,252,584,265
3923,1,562,253,586,267
3924,1,562,255,587,269
3925,1,563,254,587,268
3926,1,562,255,587,269
3927,1,562,255,587,269
3928,1,563,252,588,266
3929,1,563,252,587,266
3930,1,563,251,588,265
3931,1,564,246,586,258
3932,1,564,244,586,256
3933,1,564,240,586,252
3934,1,564,237,586,249
3935,1,564,235,586,247
3936,1,564,232,586,244
3937,1,569,229,592,242
3938,1,569,226,592,239
3939,1,561,225,584,237
3940,1,561,223,583,235
4047,1,458,85,469,97
4048,1,458,79,468,89
4049,1,457,75,467,85
4050,1,456,71,466,81
4051,1,454,66,464,76
4052,1,452,63,462,73
4053,1,450,61,460,71
4054,1,449,61,459,71
4055,1,446,61,456,71
4056,1,444,63,454,73
4057,1,441,66,451,76
4058,1,440,75,450,85
4059,1,440,94,450,104
4060,1,445,125,455,135
4061,1,452,159,462,169
4062,1,462,179,472,189
4063,1,474,189,485,200
4064,1,488,200,499,211
4065,1,496,210,506,220
4066,1,500,224,510,234
4067,1,495,234,505,244
4068,1,490,237,500,247
4069,1,487,227,497,237
4070,1,485,213,496,224
4071,1,485,193,495,203
4072,1,483,174,493,184
4073,1,477,154,492,164
4074,1,475,143,490,153
4075,1,473,140,490,151
4076,1,473,141,489,152
4077,1,471,142,487,153
4078,1,470,144,486,155
4079,1,468,145,483,155
4080,1,467,146,483,156
4081,1,466,145,481,155
4082,1,464,144,479,154
4083,1,464,144,479,154
4084,1,463,144,478,154
4085,1,461,144,476,154
4086,1,460,143,475,153
4087,1,459,143,474,153
4088,1,458,143,473,153
4089,1,456,142,471,152
4090,1,455,142,470,152
4091,1,454,141,469,151
4092,1,452,140,467,150
4093,1,450,140,465,150
4094,1,449,141,464,151
4095,1,448,141,463,151
4096,1,447,141,462,151
4097,1,445,141,460,151
4098,1,442,141,457,151
4099,1,441,143,456,153
4100,1,439,144,454,154
4101,1,438,145,453,155
4102,1,436,146,451,156
4103,1,435,147,450,157
4104,1,433,147,448,157
4105,1,432,148,447,158
4106,1,430,148,445,158
4107,1,429,149,444,159
4108,1,427,149,442,159
4109,1,426,150,441,160
4110,1,426,150,442,160
4111,1,424,150,440,161
4112,1,423,150,439,161
4113,1,422,150,438,161
4114,1,421,151,437,162
4115,1,419,151,435,162
4116,1,418,151,434,162
4117,1,416,151,432,162
4118,1,415,151,431,162
4119,1,412,151,428,162
4120,1,411,152,427,163
4121,1,410,152,426,163
4122,1,408,152,424,163
4123,1,408,153,424,164
4124,1,406,153,422,164
4125,1,405,154,421,165
4126,1,404,154,420,165
4127,1,403,154,419,165
4128,1,402,154,418,165
4129,1,400,155,416,166
4130,1,399,155,415,166
4131,1,398,155,414,166
4132,1,397,155,414,166
4133,1,396,156,412,167
4134,1,394,156,410,167
4135,1,394,156,410,167
4136,1,393,156,409,167
4137,1,392,156,408,167
4138,1,391,156,407,167
4139,1,389,156,406,167
4140,1,389,157,406,168
4141,1,388,157,404,168
4142,1,388,157,404,168
4143,1,387,157,403,168
4144,1,387,157,403,168
4145,1,386,157,402,168
4146,1,386,157,402,168
4147,1,386,157,402,168
4148,1,386,157,402,168
4149,1,386,157,403,168
4150,1,386,157,403,168
4151,1,386,157,403,168
4152,1,386,157,403,168
4153,1,387,158,403,169
4154,1,387,157,404,168
4155,1,387,157,404,168
4156,1,388,157,404,168
4157,1,388,157,405,168
4158,1,389,157,406,168
4159,1,390,157,407,168
4160,1,391,157,408,168
4161,1,392,157,408,168
4162,1,393,157,409,168
4163,1,394,157,410,168
4164,1,395,157,411,168
4165,1,397,157,413,168
4166,1,398,157,414,168
4167,1,399,157,415,167
4168,1,400,156,416,166
4169,1,401,156,417,167
4170,1,402,156,418,167
4171,1,404,156,420,167
4172,1,405,156,421,167
4173,1,406,156,422,167
4174,1,407,156,423,167
4175,1,409,155,425,166
4176,1,410,155,426,166
4177,1,411,155,427,166
4178,1,413,155,429,165
4179,1,414,155,430,166
4180,1,415,155,431,166
4181,1,417,155,433,166
4182,1,418,155,434,166
4183,1,420,155,436,166
4184,1,421,155,437,166
4185,1,423,155,439,166
4186,1,424,154,440,165
4187,1,425,155,441,165
4188,1,427,154,442,164
4189,1,428,154,444,164
4190,1,430,154,446,165
4191,1,432,154,448,164
4192,1,433,154,449,165
4193,1,434,154,450,165
4194,1,435,154,452,165
4195,1,437,154,454,165
4196,1,438,154,455,165
4197,1,440,154,457,165
4198,1,440,154,457,165
4199,1,442,154,459,165
4200,1,443,154,460,166
4201,1,444,155,461,166
4202,1,446,155,464,167
4203,1,447,155,464,166
4204,1,449,156,466,167
4205,1,450,156,467,167
4206,1,451,156,468,168
4207,1,453,156,470,167
4208,1,454,156,471,167
4209,1,456,157,473,168
4210,1,457,157,474,168
4211,1,458,157,475,169
4212,1,460,158,477,169
4213,1,461,158,478,170
4214,1,462,158,479,169
4215,1,464,158,481,169
4216,1,465,159,482,170
4217,1,467,159,484,170
4218,1,468,159,485,170
4219,1,470,159,487,170
4220,1,471,160,487,171
4221,1,473,160,490,171
4222,1,474,160,490,171
4223,1,475,160,492,171
4224,1,476,161,493,172
4225,1,478,161,495,172
4226,1,479,161,496,172
4227,1,481,162,498,173
4228,1,482,162,498,173
4229,1,484,162,501,173
4230,1,485,162,502,173
4231,1,487,163,504,174
4232,1,488,163,505,174
4233,1,490,163,507,174
4234,1,492,163,509,174
4235,1,493,164,510,175
4236,1,494,164,511,175
4237,1,496,164,513,175
4238,1,497,164,515,176
4239,1,498,165,516,177
4240,1,500,165,517,177
4241,1,501,165,519,177
4242,1,503,166,521,178
4243,1,504,166,522,178
4244,1,505,166,523,178
4245,1,507,167,525,179
4246,1,508,167,526,179
4247,1,510,167,527,178
4248,1,511,168,528,179
4249,1,512,168,529,179
4250,1,513,169,530,180
4251,1,515,169,532,180
4252,1,515,169,531,180
4253,1,516,169,532,180
4254,1,517,170,533,181
4255,1,517,170,533,181
