214,1,389,331,401,343
215,1,390,340,402,352
216,1,390,353,402,365
217,1,386,366,398,378
218,1,385,370,397,382
219,1,383,382,396,396
220,1,381,393,394,407
221,1,380,397,394,412
222,1,379,408,392,422
223,1,379,417,392,431
287,1,390,214,405,224
288,1,391,216,406,226
289,1,389,213,404,223
290,1,389,212,404,222
291,1,389,216,404,226
292,1,389,211,405,221
293,1,388,212,403,222
294,1,389,213,404,223
295,1,389,209,404,219
296,1,389,212,404,222
297,1,389,213,404,223
298,1,389,209,404,219
299,1,388,211,404,221
300,1,384,208,401,220
301,1,384,207,401,219
302,1,384,211,400,223
303,1,383,205,401,218
304,1,382,207,399,219
305,1,383,209,400,221
306,1,384,205,401,217
307,1,382,208,399,220
308,1,386,209,405,222
309,1,385,205,405,219
310,1,381,210,403,222
311,1,382,208,404,220
312,1,381,205,403,217
313,1,383,209,405,221
314,1,382,205,404,217
315,1,383,205,405,217
316,1,383,207,405,219
317,1,384,203,406,215
318,1,383,204,405,216
319,1,383,207,400,220
320,1,382,203,399,216
321,1,383,205,400,218
322,1,381,206,400,220
323,1,378,201,396,215
324,1,378,203,395,217
325,1,377,203,395,217
326,1,376,200,395,215
327,1,375,203,393,217
328,1,373,206,391,220
329,1,372,208,389,221
330,1,372,217,388,229
331,1,370,221,387,234
332,1,370,226,393,239
333,1,369,237,391,249
334,1,368,242,391,255
335,1,368,249,389,261
336,1,367,258,390,271
337,1,368,264,388,275
338,1,367,272,388,284
339,1,367,280,388,292
340,1,364,286,384,297
341,1,365,297,385,309
342,1,366,304,388,316
343,1,363,310,384,322
344,1,363,318,386,331
345,1,359,324,382,337
346,1,358,330,380,342
406,1,293,230,305,250
407,1,290,236,302,256
408,1,289,246,299,260
409,1,286,252,296,266
410,2,283,257,294,272,732,359,752,374
411,2,280,261,291,276,730,364,751,378
412,1,727,366,754,382
413,1,724,369,751,385
414,1,721,371,747,386
415,1,716,372,750,389
418,1,706,363,742,386
419,2,702,358,738,381,243,253,268,266
420,2,698,355,734,378,239,249,265,263
421,2,693,348,729,371,233,238,261,256
422,2,690,342,726,365,229,232,257,250
423,2,686,339,722,362,226,225,253,244
424,2,682,334,718,357,223,218,250,237
425,2,679,328,715,351,219,213,245,232
426,2,675,323,711,346,215,206,242,225
427,2,671,319,707,342,212,202,238,220
428,2,671,319,707,342,209,199,233,216
429,2,667,318,699,337,205,197,229,214
430,2,658,314,695,331,201,191,226,209
431,2,653,311,690,328,197,186,224,202
432,2,648,310,687,328,195,186,221,199
433,2,643,307,683,325,189,181,218,197
434,2,643,307,683,325,189,180,212,195
435,2,643,301,683,321,186,177,207,191
436,2,641,301,677,319,176,168,204,188
437,2,638,301,674,319,174,170,200,190
438,1,634,299,669,317
439,1,632,299,667,316
440,1,629,300,662,316
441,1,626,298,659,315
442,1,623,298,655,314
443,1,620,298,652,314
444,1,617,295,648,311
445,1,609,294,646,314
446,1,606,296,642,315
447,1,603,294,640,314
448,1,600,293,635,312
449,1,596,296,632,315
450,1,593,294,628,313
451,1,589,293,625,313
452,1,585,294,621,314
453,1,582,293,617,312
454,1,579,294,613,313
455,1,575,293,610,312
456,1,571,290,606,309
457,1,569,293,603,311
458,1,564,293,601,313
459,1,561,291,598,311
460,1,557,294,593,314
461,1,555,292,590,311
462,1,553,292,587,310
463,1,547,292,582,311
464,1,545,291,578,309
465,1,540,291,574,309
466,1,538,292,571,310
467,1,533,288,568,307
468,1,531,290,565,308
469,1,526,289,560,308
470,1,524,288,556,305
471,1,520,292,551,311
472,1,517,293,547,312
473,1,514,291,546,310
474,1,511,293,543,312
475,1,507,295,536,312
476,1,504,294,532,310
477,1,501,295,530,312
478,1,498,294,527,311
479,1,494,297,522,313
480,1,491,298,519,314
481,1,488,298,517,315
482,1,485,301,513,317
483,1,481,303,510,320
484,1,478,306,507,323
485,1,474,309,503,326
486,1,471,313,499,330
487,1,468,318,496,335
488,1,466,322,494,338
489,1,457,325,491,343
490,1,456,335,487,352
491,1,452,339,485,357
492,1,448,344,482,362
493,1,447,351,480,368
494,1,444,356,476,373
495,1,441,364,475,382
496,1,438,369,473,388
497,1,435,376,469,394
498,1,434,385,467,403
499,2,430,391,465,409,133,191,143,201
500,2,428,397,463,415,134,197,144,207
501,2,426,404,460,422,136,204,146,214
502,2,423,409,457,427,137,209,147,219
503,2,420,416,454,434,139,216,149,226
504,2,419,423,452,440,141,223,151,233
505,2,415,426,448,443,142,226,152,236
506,2,413,431,446,448,142,232,154,242
507,2,411,433,444,450,143,235,155,245
508,2,408,435,441,452,144,237,156,247
509,1,408,442,441,464
510,1,405,441,438,463
511,1,402,442,436,465
512,1,400,445,436,469
513,1,397,440,431,462
514,1,395,441,426,463
515,1,393,442,423,463
516,1,390,435,421,457
517,1,389,436,419,458
518,1,387,439,417,460
519,1,383,429,415,449
520,1,380,426,414,447
521,1,378,427,406,444
522,1,382,420,411,439
523,1,377,421,409,440
524,1,376,416,406,434
525,1,375,401,403,422
526,1,369,394,403,413
527,1,370,383,403,401
528,1,370,373,403,390
529,1,370,366,397,382
530,1,369,353,397,370
531,1,362,339,393,360
532,1,362,334,390,353
533,1,364,325,395,347
534,1,363,322,393,341
535,1,362,317,391,335
536,1,362,310,390,328
537,1,365,310,393,324
538,1,357,301,388,320
539,1,361,301,388,315
540,1,361,302,388,316
541,1,361,297,387,311
542,1,362,296,387,309
543,1,362,296,387,309
544,1,364,292,392,305
545,1,365,293,391,305
546,1,360,292,387,304
547,1,360,287,393,301
548,1,360,289,393,303
549,1,360,289,393,303
550,1,367,286,393,300
551,1,368,290,394,304
552,1,369,289,396,303
553,1,369,289,396,303
554,1,369,296,398,310
555,1,370,293,398,307
556,1,370,291,399,305
557,1,370,295,400,309
558,1,372,293,400,307
559,1,371,290,399,307
560,1,372,292,401,309
561,1,372,289,400,306
562,1,373,291,400,307
563,1,372,292,399,309
564,1,372,289,400,306
565,1,372,290,398,306
566,1,371,289,398,305
567,1,371,286,398,302
568,1,369,287,396,304
569,1,369,287,396,304
570,1,369,283,396,301
571,1,368,283,395,301
572,1,366,282,393,300
573,1,365,280,392,298
574,1,362,279,389,297
575,1,361,276,388,294
576,1,358,276,385,294
577,1,355,274,384,294
578,1,353,273,380,291
579,1,351,273,378,291
580,1,348,272,375,290
581,1,347,270,373,287
582,1,343,271,370,289
583,1,340,269,367,287
584,1,337,268,364,286
585,1,334,269,361,287
586,1,330,267,357,285
587,1,327,266,354,284
588,1,323,269,350,287
589,1,321,265,347,283
590,1,318,265,344,283
591,1,315,268,340,285
592,1,310,264,337,282
593,1,307,260,334,282
594,1,304,260,330,281
595,1,300,256,326,277
596,1,297,261,323,282
597,1,292,259,317,280
598,1,288,256,313,277
599,1,283,261,308,281
600,1,280,259,305,279
601,1,276,259,300,278
602,1,273,264,296,283
603,1,268,260,291,278
604,1,265,263,287,281
605,1,260,264,282,282
606,1,256,260,279,279
607,1,251,264,273,282
608,1,248,264,270,282
609,1,243,260,265,278
610,1,240,263,261,280
611,1,236,261,257,278
612,1,231,260,252,277
613,1,226,264,250,278
614,1,221,261,245,275
615,1,217,263,241,277
616,1,212,263,236,277
617,1,208,259,231,273
618,1,203,260,227,274
619,1,199,258,223,272
620,1,194,255,218,269
621,1,190,260,213,274
622,1,186,256,211,270
623,1,181,255,203,269
624,1,176,258,198,272
625,1,172,256,194,270
626,1,167,257,189,271
627,1,162,257,184,271
628,1,157,253,179,267
629,1,152,255,174,269
630,1,147,253,170,267
631,1,142,250,163,264
632,1,137,251,159,265
633,1,131,247,153,261
634,1,126,247,148,261
635,1,120,245,143,260
636,1,115,242,139,257
637,1,110,246,133,260
638,1,104,243,127,258
639,1,99,243,121,257
640,1,93,245,116,259
641,1,88,242,110,256
642,1,82,243,105,257
643,1,76,243,98,257
644,1,70,241,93,256
645,1,64,243,87,257
646,1,58,242,81,257
647,1,51,243,74,258
648,1,45,244,69,259
649,1,40,242,63,256
650,1,32,243,56,259
651,1,26,243,50,258
652,1,20,242,44,257
653,1,13,245,38,261
654,1,7,246,31,261
655,1,1,249,25,264
656,1,-7,252,18,268
657,1,-14,254,11,270
658,1,310,225,324,235
659,1,309,230,323,240
660,1,308,235,322,245
661,1,307,240,321,250
662,1,306,246,321,257
663,1,304,253,318,263
676,1,271,324,283,334
677,1,270,330,282,340
678,1,269,331,281,341
679,1,262,336,278,346
680,1,262,340,278,350
681,1,260,341,276,351
682,1,261,345,277,355
683,1,259,348,275,358
684,1,259,348,275,358
685,1,254,357,271,367
686,1,254,359,271,369
687,1,252,359,271,370
688,1,250,363,270,375
689,1,247,360,265,373
690,1,246,362,264,375
691,1,245,368,263,378
692,1,245,365,263,375
693,1,244,369,260,382
803,1,344,210,355,220
804,1,344,205,355,215
805,1,344,207,355,217
806,1,348,203,360,213
807,1,348,197,360,207
808,1,348,200,360,210
809,1,347,195,359,205
810,1,346,191,358,201
812,1,347,187,361,197
813,1,346,184,360,194
814,1,350,184,360,194
815,1,349,180,359,190
816,1,349,179,360,190
817,1,349,179,359,189
818,1,348,173,358,183
819,1,350,177,360,187
820,1,349,178,359,188
821,1,348,175,358,185
822,1,348,180,358,190
823,1,348,181,358,191
824,1,346,183,356,193
825,1,0,125,25,138
826,1,4,123,29,136
827,2,9,125,34,138,344,189,356,199
828,2,14,130,38,143,342,195,354,205
829,2,19,128,41,141,342,196,354,206
830,2,24,130,45,142,341,197,353,207
831,2,32,133,48,146,340,200,352,210
832,2,35,132,53,144,339,198,351,208
833,2,42,134,59,146,337,201,349,211
834,1,52,136,66,148
835,1,55,132,71,146
836,1,57,137,75,148
837,1,62,138,80,149
838,1,67,133,84,144
839,1,74,138,91,149
840,1,78,135,97,146
841,1,80,130,101,143
844,1,99,134,119,148
845,2,104,141,125,156,326,209,339,219
846,2,109,137,129,150,325,205,338,215
847,2,116,138,134,149,323,202,336,212
848,2,121,142,138,153,321,207,334,217
849,2,127,140,144,151,320,204,333,214
850,2,132,141,149,152,319,204,332,214
851,2,139,147,155,157,318,208,331,218
852,2,144,142,162,153,314,203,327,213
853,2,151,142,168,153,316,202,329,212
854,2,158,147,175,158,313,207,326,217
855,2,164,142,181,153,313,203,326,213
856,2,170,145,187,156,312,204,325,214
857,2,185,142,201,152,310,203,323,213
858,2,192,145,208,157,309,205,322,215
859,2,200,145,216,157,309,206,323,217
860,2,207,140,222,151,308,201,322,212
861,2,215,144,230,155,308,205,321,215
862,2,222,143,237,154,309,201,323,212
863,2,230,140,245,151,308,198,321,208
864,2,237,142,251,154,308,200,322,211
865,2,245,139,256,150,307,196,322,208
866,1,308,197,322,208
867,1,308,198,321,209
868,2,308,194,321,204,260,134,287,151
869,2,308,197,321,207,268,137,295,154
870,2,306,195,320,206,278,136,302,151
871,2,308,190,321,200,285,131,309,146
872,2,308,194,321,204,293,134,314,147
873,2,308,190,321,200,303,134,324,146
874,2,308,188,321,198,308,133,335,145
875,1,308,190,321,200
876,1,308,186,321,196
877,1,308,187,321,197
878,1,308,188,321,198
879,1,308,184,321,194
880,1,308,185,321,195
923,1,466,132,490,145
924,1,464,135,490,149
925,1,462,134,490,149
926,2,461,132,489,147,253,168,265,181
927,2,461,132,489,147,253,168,265,181
928,2,460,134,488,149,254,169,266,182
929,2,458,130,487,146,248,167,260,180
930,2,457,133,486,149,247,168,259,181
931,2,458,137,484,151,249,170,261,182
932,2,458,134,484,148,242,170,255,181
933,2,457,135,483,149,238,171,250,181
934,2,454,134,483,148,238,172,251,183
935,2,454,132,483,146,238,169,252,181
936,2,453,135,483,150,235,173,249,185
937,2,452,136,482,150,230,172,243,183
938,2,451,135,480,149,230,173,243,184
939,2,451,138,481,152,232,176,242,186
940,2,450,139,480,153,229,176,239,186
941,2,449,140,479,155,228,178,239,189
942,2,450,143,480,158,228,180,239,191
943,2,449,143,480,158,225,179,237,191
944,2,451,143,477,157,224,181,234,191
945,2,450,144,476,158,218,182,228,192
946,2,450,144,477,158,216,182,226,192
947,2,451,146,477,160,214,183,224,193
948,2,451,147,477,161,212,182,223,193
949,2,450,148,477,162,210,182,221,193
950,2,450,150,477,165,208,184,219,195
951,2,450,151,477,166,206,183,217,194
952,2,450,153,477,167,203,185,214,196
953,2,449,155,476,169,197,187,208,200
954,2,451,161,483,174,195,189,205,201
955,2,451,165,482,178,194,193,205,206
956,2,450,167,482,180,191,196,201,208
957,1,449,171,484,185
958,1,448,175,484,189
959,1,447,178,483,192
960,1,449,183,489,199
961,1,444,189,479,203
962,1,450,197,486,208
963,1,450,203,485,214
964,1,450,208,486,219
965,1,451,215,487,226
966,1,451,220,489,232
967,1,452,227,489,238
968,1,452,233,490,245
969,1,453,239,491,251
970,1,451,247,493,260
971,1,449,256,495,270
972,1,458,269,489,283
973,1,461,280,493,294
974,1,459,290,492,305
975,1,459,301,493,316
976,1,460,314,491,328
977,1,460,325,492,339
978,1,463,335,493,349
979,1,463,344,495,359
980,1,461,351,496,367
981,1,462,359,495,375
982,1,463,367,495,382
983,1,470,372,505,389
984,1,469,375,505,392
985,2,468,384,499,399,119,363,137,377
986,1,467,386,499,401
987,1,467,388,500,404
988,1,469,393,499,408
989,1,466,387,495,401
990,1,470,387,500,401
991,1,469,382,501,397
992,1,471,369,500,383
993,1,471,359,500,373
994,1,474,348,499,360
995,1,473,333,500,346
996,1,474,323,502,336
997,1,473,309,504,324
998,1,474,298,505,313
999,1,473,290,507,306
1000,1,475,278,507,293
1001,1,482,267,510,284
1002,1,484,262,511,278
1003,1,485,250,513,267
1004,1,489,247,516,264
1005,1,489,244,518,262
1006,1,491,238,520,255
1007,1,494,237,522,254
1008,1,496,236,525,254
1009,1,498,233,527,251
1010,1,502,236,529,253
1011,1,504,236,533,253
1012,1,507,237,534,254
1013,1,509,240,539,258
1014,1,512,241,542,259
1015,1,514,242,544,260
1016,1,517,246,547,264
1017,1,520,246,549,264
1018,1,523,249,553,268
1019,2,526,252,557,273,147,120,161,132
1020,2,529,252,560,273,152,116,163,130
1021,2,532,255,563,276,155,115,166,129
1022,2,533,259,569,277,158,112,169,127
1023,2,536,261,572,279,160,112,171,126
1024,2,539,263,575,281,163,111,174,125
1025,2,542,264,579,282,166,109,177,122
1026,2,544,265,581,284,167,106,178,120
1027,2,547,267,584,286,170,106,180,119
1028,2,549,267,587,286,172,103,182,116
1029,2,552,272,588,287,174,103,185,116
1030,2,555,273,590,287,176,102,186,115
1031,2,559,273,594,288,178,101,188,114
1032,2,561,275,597,290,179,102,189,115
1033,2,564,276,600,291,180,101,190,114
1034,2,567,276,603,291,181,101,191,114
1035,2,571,279,607,294,183,104,194,117
1036,2,574,280,610,295,184,105,194,118
1037,2,577,281,614,296,184,107,195,121
1038,2,581,284,616,299,185,110,195,123
1039,2,584,286,618,300,186,113,196,126
1040,2,587,288,622,303,187,116,198,130
1041,2,590,293,625,307,188,120,199,134
1042,2,593,295,627,309,189,122,199,135
1043,2,596,298,630,312,190,125,200,138
1044,2,599,302,633,316,191,128,201,141
1045,2,602,304,636,318,192,130,202,143
1046,2,604,309,639,324,194,134,204,147
1047,2,607,312,642,327,195,137,205,150
1048,2,611,313,646,328,197,137,207,150
1049,2,613,318,649,333,198,141,208,154
1050,2,617,320,653,335,200,142,210,155
1051,2,620,320,656,335,201,140,211,153
1052,2,624,325,660,340,204,143,214,156
1053,2,626,325,662,340,205,142,215,155
1054,2,630,327,666,342,208,142,218,155
1055,2,634,331,670,346,209,143,219,156
1056,2,637,330,673,345,212,141,222,154
1057,2,640,329,677,344,214,138,224,151
1058,2,643,328,681,344,217,133,227,146
1059,2,646,325,683,340,218,128,228,141
1060,2,650,323,688,339,221,123,231,136
1061,2,652,320,692,337,223,116,233,129
1062,2,657,318,695,334,226,110,236,123
1063,2,657,313,700,331,228,103,238,116
1064,2,664,311,702,329,231,97,241,110
1065,2,666,309,705,328,233,92,243,105
1066,2,671,308,709,326,236,87,246,100
1067,2,674,306,712,324,238,81,248,94
1068,2,678,304,718,323,242,77,252,90
1069,2,681,303,719,321,243,72,253,85
1070,2,686,307,725,322,246,70,256,83
1071,2,690,309,728,324,248,70,258,83
1072,2,695,310,733,325,251,70,261,83
1073,2,699,314,736,328,253,71,263,84
1074,2,703,316,742,331,255,72,265,85
1075,2,707,320,744,334,257,75,267,88
1076,2,711,324,750,339,259,78,269,91
1077,2,716,326,753,340,261,79,271,92
1078,2,719,332,758,347,262,86,272,99
1079,2,723,337,762,352,264,90,274,103
1080,2,729,341,765,355,265,94,275,107
1081,2,735,348,769,361,268,98,278,111
1082,1,269,102,279,115
1083,1,271,107,281,120
1084,1,272,112,282,125
1085,1,275,118,285,128
1086,1,276,125,286,135
1087,1,278,131,288,141
1088,1,279,136,289,146
1089,1,282,144,292,154
1090,1,283,149,293,159
1091,1,286,156,296,166
1092,1,287,164,297,174
1093,1,290,168,300,178
1094,1,291,175,301,185
1095,1,294,180,304,190
1096,1,296,184,306,194
1097,1,298,189,308,199
1098,1,300,193,310,203
1099,1,303,196,313,206
1100,1,305,200,315,210
1101,1,308,202,318,212
1102,1,310,205,320,215
1103,1,312,207,323,218
1104,1,314,207,324,217
1105,1,316,206,326,216
1106,1,318,208,328,218
1107,1,320,205,330,215
1108,1,320,205,335,216
1109,1,322,208,337,219
1110,1,324,206,339,217
1111,1,326,202,341,213
1112,1,327,204,343,216
1113,1,329,202,345,214
1114,1,331,199,347,211
1115,1,332,202,348,214
1116,1,333,199,349,211
1117,1,333,199,349,211
1118,1,333,199,353,214
1119,1,334,196,354,211
1120,1,335,196,355,211
1121,1,338,199,356,212
1122,1,338,196,357,210
1123,1,339,198,358,212
1124,1,339,198,359,212
1125,1,339,196,359,210
1126,1,339,201,356,213
1127,1,339,197,357,209
1128,1,339,194,356,206
1129,1,339,196,356,208
1130,1,339,191,357,203
1131,1,338,186,355,198
1132,1,338,185,356,197
1133,1,338,177,355,187
1134,1,338,173,355,183
1135,1,337,171,354,181
1136,1,337,161,355,172
1137,1,337,157,354,167
1138,1,337,154,354,164
1139,1,336,146,354,156
1140,1,334,147,350,157
1141,1,333,144,350,154
1206,1,556,285,584,302
1207,1,553,280,580,297
1208,1,552,278,580,295
1209,1,549,282,577,299
1210,1,547,278,575,295
1211,1,547,278,575,295
1212,1,543,280,572,293
1213,1,540,277,569,290
1214,1,539,279,568,292
1215,1,535,277,565,290
1216,1,533,275,564,289
1217,1,530,277,562,292
1218,1,528,276,559,290
1219,1,526,275,558,289
1220,1,524,275,556,290
1221,1,521,273,556,289
1222,1,518,270,553,286
1223,1,517,270,553,286
1224,1,515,270,548,285
1225,1,514,267,547,282
1226,1,509,266,546,283
1227,1,508,266,544,283
1228,1,507,263,540,278
1229,1,506,267,539,282
1230,1,502,264,536,279
1231,1,501,263,535,278
1232,1,498,266,530,281
1233,1,497,262,528,276
1234,1,494,264,525,278
1235,1,493,264,524,278
1236,1,489,261,521,276
1237,1,487,263,519,278
1238,1,485,263,517,277
1239,1,483,259,514,273
1240,1,481,262,511,276
1241,1,479,259,509,273
1242,1,476,254,509,269
1243,1,473,259,507,274
1244,1,471,257,503,272
1245,1,471,257,503,272
1246,1,469,255,498,275
1247,1,466,251,495,271
1248,1,462,251,490,270
1249,1,459,254,488,274
1250,1,452,245,483,271
1251,1,450,249,479,273
1252,1,446,250,475,274
1253,1,441,246,471,270
1254,1,437,249,466,273
1255,1,432,249,461,273
1256,1,427,248,456,272
1257,1,421,249,450,273
1258,1,416,247,445,271
1259,1,412,245,439,271
1260,1,406,248,433,274
1261,1,400,246,427,272
1262,1,394,245,421,271
1263,1,387,247,414,273
1264,1,381,246,407,271
1265,1,373,244,399,269
1266,1,366,246,393,272
1267,1,358,244,385,270
1268,1,351,243,378,269
1269,1,343,244,370,270
1270,1,336,242,363,268
1271,1,326,240,355,268
1272,1,319,242,347,269
1273,1,309,240,337,267
1274,1,301,238,329,265
1275,1,292,239,320,266
1276,1,283,238,311,265
1277,1,273,237,301,264
1278,1,265,235,293,262
1279,1,255,233,283,260
1280,1,246,231,274,258
1281,1,236,228,264,255
1282,1,227,228,255,255
1283,1,217,226,246,254
1284,1,207,222,236,250
1285,1,197,221,226,249
1286,1,186,218,215,246
1287,1,177,216,206,244
1288,1,166,212,195,240
1289,1,156,210,185,238
1290,1,146,209,174,236
1291,1,134,204,164,233
1292,1,123,203,154,232
1293,1,113,203,143,232
1294,1,101,198,131,227
1295,1,91,197,122,227
1296,1,78,194,109,224
1297,1,68,193,99,223
1298,1,55,191,86,221
1299,1,45,188,76,218
1300,1,32,187,63,217
1301,1,22,185,53,215
1302,1,8,183,40,214
1303,1,-3,180,30,211
1304,1,-16,179,15,209
1367,1,287,249,301,262
1368,1,288,250,301,262
1369,1,290,251,304,264
1370,1,292,253,305,265
1371,1,294,254,307,266
1372,1,295,255,309,268
1373,1,299,258,312,268
1374,1,300,260,313,270
1375,1,302,261,315,271
1376,1,304,260,317,270
1377,1,307,263,320,273
1378,1,307,262,320,272
1379,1,311,263,324,273
1380,1,312,265,325,275
1381,1,313,264,327,274
1382,1,314,265,327,275
1383,1,317,265,330,275
1384,1,317,265,330,275
1385,1,320,268,334,279
1392,1,339,277,352,287
1393,1,340,278,353,288
1394,1,340,281,353,291
1402,1,365,284,377,294
1403,1,367,285,379,295
1404,1,366,285,378,295
1405,1,369,284,381,294
1463,1,0,283,39,305
1464,1,5,279,53,299
1465,1,23,276,70,296
1466,1,38,274,84,293
1467,1,53,271,99,290
1468,2,69,272,117,290,416,177,435,192
1469,2,84,272,132,290,416,173,433,188
1470,2,100,273,148,291,415,168,432,183
1471,2,116,274,164,292,415,164,432,179
1472,2,131,274,178,291,413,158,430,173
1473,2,143,274,199,294,413,153,430,167
1474,2,160,274,209,298,413,153,430,167
1475,2,175,272,224,296,413,144,427,159
1476,2,190,277,238,300,412,142,426,157
1477,2,205,281,252,304,410,141,424,155
1478,2,205,281,252,304,410,136,422,149
1479,2,236,281,283,313,408,135,420,148
1480,2,251,282,298,314,407,131,420,144
1481,2,265,284,312,316,405,129,418,142
1482,2,280,289,326,321,404,128,416,141
1483,2,294,290,341,322,403,125,416,139
1484,2,308,290,362,326,403,124,415,137
1485,2,321,294,368,327,401,124,413,137
1486,2,336,294,383,327,401,120,413,133
1487,2,348,297,395,330,399,118,411,131
1488,2,363,298,409,331,399,116,411,129
1489,2,376,303,426,332,398,116,409,128
1490,2,391,305,440,333,399,114,410,126
1491,2,402,303,451,331,397,109,408,120
1492,2,417,305,465,333,398,108,408,119
1493,2,428,308,475,335,397,108,407,119
1494,2,442,305,489,332,397,104,407,115
1495,1,452,305,494,332
1496,1,465,307,507,334
1497,1,475,305,516,332
1498,1,487,306,528,332
1499,1,498,306,538,332
1500,1,509,305,550,331
1501,1,520,306,560,332
1502,1,530,305,570,330
1503,1,541,306,577,329
1504,1,552,307,586,329
1505,1,562,307,596,329
1506,1,570,306,606,329
1507,1,581,304,617,327
1508,1,590,306,625,328
1509,2,603,305,640,326,386,82,396,92
1510,2,612,304,648,324,384,82,394,92
1511,2,616,308,664,327,384,85,394,95
1512,2,624,303,672,322,383,79,393,89
1513,2,632,304,680,323,383,80,393,90
1514,2,639,307,693,328,381,85,391,95
1515,2,648,302,701,323,381,80,391,90
1516,2,657,302,707,322,380,81,390,91
1517,2,667,305,715,324,379,85,389,95
1518,2,673,298,725,319,377,80,387,90
1519,2,682,296,735,317,376,80,386,90
1520,2,693,301,736,318,374,85,384,95
1521,2,698,294,748,314,373,82,383,92
1522,2,706,293,756,313,371,84,381,94
1523,2,714,296,764,316,369,89,379,99
1524,2,722,291,771,310,368,86,378,96
1525,2,729,290,779,310,366,89,376,99
1526,2,737,292,785,311,365,93,375,103
1554,1,341,126,351,138
1555,1,340,125,350,137
1556,1,340,127,350,139
1557,1,339,129,349,141
1558,1,340,125,350,137
1559,1,339,128,349,140
1560,1,340,131,350,143
1561,1,339,129,349,141
1562,1,340,132,350,144
1563,1,340,132,350,144
1564,1,340,135,350,147
1565,1,340,135,350,147
1566,1,341,135,351,147
1567,1,341,139,351,151
1568,1,341,140,351,152
1569,1,342,139,352,151
1570,1,342,143,352,155
1571,1,343,144,353,156
1572,1,343,144,353,156
1573,1,344,145,354,157
1574,1,343,144,353,156
1575,1,344,147,354,159
1576,1,343,148,353,160
1577,1,344,148,354,160
1578,1,343,149,353,161
1579,1,344,150,354,162
1580,1,343,152,353,164
1581,1,343,152,353,164
1582,1,342,152,352,164
1583,1,342,156,352,168
1584,1,341,156,351,168
1585,1,340,157,350,170
1586,1,339,159,349,171
1587,1,339,160,349,172
1588,1,338,162,348,174
1589,1,338,163,348,175
1590,1,336,164,346,176
1591,1,336,167,346,179
1592,1,335,166,345,178
1593,1,334,166,344,178
1594,1,333,168,344,181
1595,1,332,167,343,180
1596,1,331,166,342,179
1597,1,330,166,341,179
1598,1,329,162,339,174
1599,1,328,157,338,169
1600,1,327,157,337,169
1725,1,686,201,710,221
1726,1,684,204,708,224
1727,1,683,205,707,225
1728,1,683,208,706,227
1729,1,682,211,705,230
1730,1,681,215,710,231
1731,1,680,219,709,235
1732,1,678,221,707,237
1733,1,677,224,707,241
1734,1,675,230,705,247
1735,1,677,232,703,247
1736,1,675,233,702,248
1737,1,675,241,701,256
1738,1,674,242,700,257
1739,1,674,244,700,259
1740,1,672,249,699,265
1741,1,672,252,700,268
1742,1,670,257,698,273
1743,1,676,264,703,282
1744,1,675,266,701,284
1745,1,668,269,699,290
1755,1,682,305,710,320
1756,1,684,307,711,321
1757,1,686,308,710,321
1758,1,687,307,713,321
1759,1,689,310,713,323
1760,1,691,310,718,324
1761,1,694,311,717,324
1762,1,695,311,719,324
1763,1,697,311,722,325
1764,1,698,309,726,324
1765,1,700,309,729,325
1766,1,702,307,732,323
1767,1,703,308,733,324
1768,1,705,307,735,323
1769,1,708,306,735,320
1770,1,711,308,738,322
1771,1,713,307,739,321
1772,1,717,308,746,322
1773,1,720,309,750,323
1774,1,723,307,751,320
1775,1,726,308,750,320
1776,1,726,308,750,320
1777,1,731,304,756,316
1778,1,729,303,752,314
1779,1,730,299,754,310
1780,1,744,294,767,305
1826,1,243,223,258,235
1827,1,244,224,259,236
1828,1,245,222,260,234
1829,1,246,224,261,236
1830,1,246,225,262,238
1831,1,247,222,263,235
1832,1,249,225,264,237
1833,1,250,224,265,236
1834,1,250,221,265,233
1835,1,252,225,268,238
1836,1,253,224,268,236
1837,1,254,222,270,234
1838,1,255,225,269,236
1839,1,254,225,268,235
1840,1,254,225,268,235
1841,1,255,228,269,238
1842,1,256,225,270,235
1843,1,257,226,272,237
1844,1,258,224,272,234
1845,1,258,224,273,235
1846,1,258,224,275,236
1847,1,259,225,275,236
1848,1,258,225,276,238
1849,1,259,225,275,237
1850,1,259,225,276,237
1851,1,258,226,275,238
1852,1,259,224,275,236
1853,1,258,225,276,238
1854,1,258,227,275,239
1855,1,259,226,276,238
1856,1,257,227,275,240
1857,1,258,228,276,241
1858,1,258,227,275,239
1859,1,258,230,276,243
1860,1,257,229,275,242
1861,1,257,230,276,243
1862,1,257,234,274,246
1863,1,257,233,274,245
1864,1,257,237,275,250
1865,1,257,239,275,252
1866,1,258,240,274,251
1867,1,257,246,274,258
1868,1,257,248,273,259
1869,1,258,253,273,264
1870,1,257,258,272,269
1871,1,257,260,272,271
1872,1,259,264,274,275
1873,1,257,268,273,279
1874,1,260,271,275,282
1875,1,257,275,273,286
1876,1,259,278,274,289
1877,1,258,278,274,290
1878,1,261,284,277,295
1879,1,262,285,278,296
1880,1,262,287,277,298
1881,1,262,291,277,301
1882,1,263,290,278,300
1883,1,263,292,278,303
1884,1,264,295,279,306
1885,1,269,293,287,305
1886,1,269,296,290,310
1887,1,270,297,290,310
1888,1,271,297,291,310
1889,1,272,300,294,314
1890,1,277,300,294,311
1891,1,277,301,293,312
1892,1,279,305,296,316
1893,1,285,306,301,317
2011,1,369,240,399,255
2012,1,366,242,396,257
2013,1,365,243,395,258
2014,1,360,241,394,258
2015,1,358,242,392,259
2016,1,356,239,390,256
2017,1,354,240,388,257
2018,1,353,242,387,259
2019,1,351,239,384,254
2020,1,349,240,382,255
2021,1,347,239,380,254
2022,1,346,238,378,253
2023,1,343,236,375,251
2024,1,343,236,375,251
2025,1,341,235,371,254
2026,1,339,235,369,254
2027,1,336,236,366,255
2028,1,335,232,365,251
2029,1,331,233,362,253
2030,1,329,235,360,255
2031,1,326,231,357,251
2032,1,324,233,355,253
2033,1,321,233,353,254
2034,1,319,228,352,249
2035,1,316,230,348,250
2036,1,314,230,346,250
2037,1,312,227,344,247
2038,1,309,227,342,248
2039,1,306,226,339,247
2040,1,304,225,336,245
2041,1,301,227,333,247
2042,1,298,225,331,246
2043,1,295,225,328,246
2044,1,292,226,324,247
2045,1,289,222,322,243
2046,1,286,224,318,244
2047,1,283,224,315,244
2048,1,280,220,311,240
2049,1,277,223,307,242
2050,1,273,221,301,238
2051,1,269,219,296,236
2052,1,265,219,293,236
2053,1,261,215,289,232
2054,1,257,214,285,231
2055,1,252,214,280,231
2056,1,248,210,275,227
2057,1,243,210,270,226
2058,1,238,209,265,225
2059,1,233,208,259,224
2060,1,228,209,254,225
2061,1,223,207,248,222
2062,1,218,208,243,223
2063,1,212,207,236,222
2064,1,206,207,230,222
2065,1,201,209,224,223
2066,1,192,204,222,217
2067,1,186,205,216,218
2073,1,152,196,178,213
2074,1,146,200,172,217
2075,1,139,197,166,215
2076,1,131,199,160,216
2077,1,125,201,154,218
2078,1,117,198,148,216
2079,1,111,199,142,217
2080,1,107,195,134,215
2081,1,97,193,125,212
2082,1,92,197,122,214
2083,1,84,197,114,212
2295,1,357,177,368,187
2296,1,356,177,367,187
2297,1,354,177,365,187
2298,1,354,177,365,187
2299,1,352,176,363,186
2300,1,352,177,364,188
2301,1,349,178,360,188
2302,1,347,180,358,190
2303,1,346,179,358,190
2304,1,346,179,357,189
2305,1,346,180,357,190
2306,1,344,175,355,185
2307,1,345,172,357,183
2308,1,344,167,355,177
2309,1,344,164,356,175
2310,1,344,162,355,172
2311,1,343,155,354,165
2312,1,344,151,355,161
2313,1,343,140,354,150
2314,1,343,134,354,144
2315,1,342,122,353,132
2316,1,341,120,352,130
2317,1,339,109,350,119
2318,1,338,105,349,115
2319,1,337,100,348,110
2327,1,320,66,335,76
2328,1,319,70,334,80
2329,1,317,69,333,80
2330,1,317,73,332,83
2331,1,317,79,332,89
2332,1,315,76,330,86
2333,1,315,83,330,93
2334,1,313,85,328,95
2335,1,313,86,328,96
2336,1,313,90,328,100
2337,1,313,93,328,103
2338,1,312,95,327,105
2339,1,314,99,327,115
2371,1,344,113,363,123
2372,1,349,113,365,123
2373,1,351,113,367,123
2374,1,351,114,367,124
2375,1,353,115,370,125
2377,1,361,118,377,128
2415,1,442,64,452,75
2416,1,442,62,452,73
2417,1,441,61,451,72
2418,1,441,62,451,73
2419,1,441,64,451,75
2420,1,441,66,451,77
2421,1,441,69,451,80
2422,1,440,71,450,82
2423,1,440,77,450,88
2424,1,439,80,450,92
2425,1,439,80,450,92
2426,1,438,84,448,95
2427,1,438,87,448,98
2428,1,437,89,448,101
2429,1,436,94,446,105
2430,1,436,96,446,107
2431,1,434,101,444,112
2432,1,432,102,442,113
2433,1,431,106,441,117
2434,1,429,109,439,120
2435,1,427,112,437,123
2436,1,425,113,435,124
2437,1,423,115,433,126
2438,1,420,118,430,129
2439,1,417,119,427,130
2440,1,415,121,425,132
2441,1,413,122,423,133
2442,1,411,124,421,135
2443,1,408,127,418,138
2444,1,406,128,416,139
2445,1,404,131,414,142
2446,1,402,132,412,143
2447,1,400,132,410,143
2448,1,398,135,408,146
2449,1,396,133,407,145
2450,1,395,135,406,147
2451,1,393,137,404,149
2452,1,392,135,403,147
2453,1,390,137,401,149
2454,1,388,139,400,152
2455,1,386,136,398,149
2456,1,385,137,397,150
2457,1,383,139,395,152
2458,1,383,136,394,149
2459,1,379,137,396,151
2460,1,378,138,395,152
2461,1,377,135,394,149
2462,1,376,137,393,151
2463,1,376,137,393,151
2464,1,374,137,393,147
2465,1,374,141,391,153
2466,1,373,140,390,152
2467,1,373,138,390,150
2468,1,370,140,387,152
2469,1,370,138,387,148
2470,1,369,137,386,147
2471,1,369,138,386,148
2472,1,367,132,384,142
2473,1,369,127,384,139
2474,1,368,120,383,132
2475,1,368,109,383,121
2476,1,367,100,382,112
2477,1,367,87,382,99
2478,1,366,75,381,87
2479,1,365,67,380,79
2480,1,365,55,380,67
2481,1,364,44,379,56
2482,1,363,36,378,48
2484,2,346,139,368,152,362,21,378,33
2485,2,350,132,372,145,361,16,377,28
2486,2,354,124,377,138,360,11,376,23
2487,2,358,116,381,130,359,6,375,18
2488,2,364,114,382,125,359,6,375,18
2489,2,369,108,387,119,357,3,373,14
2490,2,373,104,391,115,356,2,372,13
2491,2,376,99,394,110,354,1,370,12
2492,2,380,96,398,107,354,1,370,12
2493,2,383,92,403,104,354,1,370,12
2494,2,388,90,405,100,354,1,364,12
2495,2,392,86,409,96,353,1,363,12
2496,2,396,83,414,93,353,1,363,12
2497,2,399,80,417,90,352,2,362,13
2498,2,407,74,424,84,351,4,361,15
2499,2,412,71,429,81,352,4,362,15
2500,2,415,66,432,76,351,3,361,14
2501,2,419,65,437,76,352,6,362,17
2502,2,422,62,439,72,352,6,362,17
2503,2,427,59,445,69,353,7,363,18
2504,2,430,57,447,67,352,7,362,18
2505,2,434,57,451,67,354,11,364,22
2506,2,438,55,455,65,353,12,363,23
2507,2,442,53,459,63,355,13,365,24
2508,2,445,49,462,59,355,13,365,24
2509,2,449,47,466,57,356,14,366,25
2510,2,452,47,469,57,357,17,367,28
2511,2,456,43,473,53,358,16,368,27
2512,2,459,42,476,52,358,18,368,29
2513,2,462,39,479,49,359,19,369,30
2514,2,466,37,483,47,360,20,370,31
2515,2,468,36,485,46,361,22,371,33
2516,1,471,34,488,44
2517,1,473,30,490,40
2518,1,476,29,494,39
2519,1,480,27,497,40
2520,1,483,25,500,38
2521,1,486,23,504,37
2522,1,491,23,508,36
2523,1,493,23,509,36
2524,1,496,21,513,34
2525,1,498,18,515,31
2526,1,501,17,518,30
2527,1,502,17,518,30
2528,1,505,15,521,27
2529,1,505,15,521,27
2530,1,507,14,524,27
2531,1,509,11,525,23
2532,1,510,11,527,24
2533,1,511,7,528,20
2534,1,514,5,530,17
2535,1,515,5,531,17
2536,1,517,3,533,15
2537,1,519,1,535,13
2538,1,521,0,536,12
2539,1,522,-2,537,10
2540,1,524,-4,540,8
2541,1,525,-5,541,7
2542,1,527,-6,543,6
2543,1,527,-6,543,6
2544,1,529,-6,545,6
2643,1,679,4,693,14
2644,1,682,5,697,15
2645,1,683,8,697,18
2646,1,686,11,700,21
2647,1,687,13,701,23
2648,1,690,18,704,28
2649,1,691,21,705,31
2650,1,693,21,707,31
2651,1,694,28,708,38
2652,1,695,30,709,40
2653,1,696,31,710,41
2654,1,698,35,712,45
2655,1,698,37,712,47
2656,1,699,40,713,50
2657,1,699,42,713,52
2658,1,700,44,714,54
2659,1,700,46,715,56
2660,1,700,47,714,57
2661,1,700,49,714,59
2662,1,700,51,714,61
2663,1,700,52,714,62
2664,1,699,53,713,63
2665,1,698,54,712,64
2666,1,697,56,712,66
2667,1,696,56,710,66
2668,1,696,57,710,67
2669,1,695,57,709,67
2670,1,693,55,707,65
2671,1,693,55,707,65
2672,1,691,56,705,66
2673,1,689,55,704,65
2674,1,688,53,702,63
2675,1,686,52,701,62
2676,1,684,51,698,61
2677,1,683,48,697,58
2678,1,681,48,696,59
2679,1,681,47,695,57
2680,1,679,45,693,55
2681,1,677,46,691,56
2682,1,676,45,690,55
2683,1,674,43,688,53
2684,1,673,44,687,54
2685,1,672,42,686,52
2686,1,671,40,685,50
2687,1,669,43,684,54
2688,1,668,41,683,52
2689,1,666,38,682,49
2690,1,666,40,682,51
2691,1,665,39,681,50
2692,1,664,38,680,50
2693,1,664,41,680,52
2694,1,663,40,679,52
2695,1,663,42,679,54
2696,1,663,45,679,57
2697,1,663,44,680,56
2698,1,662,49,679,61
2749,1,662,105,674,116
2750,1,665,108,677,119
2751,1,666,110,678,121
2752,1,668,112,680,123
2753,1,670,114,682,125
2754,1,672,113,684,124
2755,1,673,113,685,124
2756,1,675,114,687,125
2757,1,675,112,687,123
2758,1,677,112,688,122
2759,1,678,112,689,122
2760,1,680,110,691,120
2761,1,682,111,693,121
2762,1,683,111,694,121
2763,1,685,107,697,118
2764,1,687,109,698,119
2765,1,688,109,699,119
2766,1,690,109,701,119
2767,1,691,108,702,118
2768,1,693,107,704,117
2769,1,695,109,706,119
2770,1,697,109,708,119
3158,1,688,207,717,220
3159,1,688,209,714,221
3160,1,690,207,717,219
3161,1,675,204,709,218
3162,1,675,207,710,221
3163,1,673,202,698,220
3164,1,666,201,700,216
3165,1,663,201,693,216
3166,1,661,198,690,213
3167,1,653,197,684,214
3168,1,648,195,680,213
3169,1,648,193,680,211
3190,1,547,145,571,162
3191,1,543,144,567,161
3192,1,538,136,562,153
3193,1,534,134,557,151
3194,1,529,130,552,147
3195,1,526,125,548,141
3196,1,520,121,542,137
3197,1,516,117,538,133
3198,1,511,113,533,129
3199,1,506,113,529,129
3200,1,500,110,523,126
3201,1,495,110,517,126
3202,1,490,111,512,127
3203,1,485,110,508,126
3204,1,480,110,502,126
3205,1,475,114,497,130
3206,1,471,113,493,129
3207,1,466,113,488,129
3208,1,461,115,483,131
3209,1,457,112,479,128
3210,1,452,114,475,130
3211,1,448,116,470,132
3212,1,445,114,467,130
3213,1,441,114,463,130
3214,1,437,113,459,129
3215,1,433,110,455,125
3216,1,430,113,452,128
3217,1,427,110,449,125
3218,1,423,107,444,122
3219,1,420,110,441,125
3220,1,416,108,437,123
3221,1,413,105,434,120
3222,1,409,103,432,119
3223,1,406,102,428,118
3224,1,402,98,424,114
3225,1,398,97,421,113
3226,1,394,94,416,110
3227,1,390,92,413,108
3228,1,386,91,408,107
3229,1,382,87,405,103
3230,1,377,87,400,103
3231,1,373,85,396,101
3232,1,369,85,392,101
3233,1,365,85,388,101
3234,1,361,83,384,99
3235,1,357,84,380,100
3236,1,353,82,376,98
3237,1,349,81,372,97
3238,1,346,81,368,97
3239,1,343,77,365,93
3240,1,339,79,361,95
3241,1,336,77,358,92
3242,1,332,75,354,90
3243,1,329,76,351,92
3244,1,325,76,347,92
3245,1,322,75,344,91
3246,1,319,75,341,91
3247,1,315,74,338,90
3248,1,312,76,335,92
3249,1,309,76,332,92
3250,1,306,75,328,91
3251,1,302,77,325,93
3252,1,300,77,323,93
3253,1,296,76,319,92
3254,1,293,77,316,93
3255,1,290,77,313,93
3256,1,287,77,310,93
3257,1,283,76,306,92
3258,1,280,76,303,92
3259,1,277,76,300,92
3260,1,274,76,296,92
3261,1,271,78,293,94
3262,1,268,78,290,94
3263,1,265,77,287,93
3264,1,262,80,284,96
3265,1,259,78,281,94
3266,1,257,77,279,93
3267,1,255,81,277,97
3268,1,254,77,276,93
3269,1,252,78,274,94
3270,1,250,82,272,98
3271,1,249,77,271,93
3272,1,248,77,271,93
3273,1,246,81,269,97
3274,1,245,78,268,94
3275,1,243,80,266,96
3276,1,242,81,265,97
3277,1,241,78,264,94
3278,1,239,82,263,99
3279,1,238,82,262,99
3280,1,236,79,259,96
3281,1,234,82,257,99
3282,1,232,81,256,98
3283,1,230,80,254,97
3284,1,229,81,253,98
3285,1,227,81,251,98
3286,1,226,82,250,99
3287,1,223,82,247,99
3288,1,222,84,246,101
3289,1,220,85,244,102
3290,1,219,86,243,103
3291,1,217,85,241,102
3292,1,215,87,239,104
3293,1,214,89,238,106
3294,1,213,90,235,106
3295,1,212,92,234,108
3296,1,210,93,232,109
3297,1,209,93,231,109
3298,1,207,95,229,111
3299,1,206,96,228,111
3300,1,204,95,226,111
3301,1,203,97,225,112
3302,1,202,98,223,113
3303,1,200,98,221,113
3304,1,198,99,219,114
3305,1,197,100,219,115
3306,1,195,99,216,114
3307,1,193,102,214,117
3308,1,191,102,212,117
3309,1,189,100,211,115
3310,1,186,103,208,119
3311,1,184,103,206,119
3312,1,180,103,202,119
3313,1,177,104,199,119
3314,1,174,104,196,120
3315,1,172,105,194,121
3316,1,169,107,191,123
3317,1,165,106,187,122
3318,1,162,107,184,123
3319,1,159,107,182,123
3320,1,155,109,178,125
3321,1,152,109,175,125
3322,1,148,109,171,125
3323,1,145,112,168,128
3324,1,141,112,164,128
3325,1,138,112,161,129
3326,1,134,113,158,130
3327,1,130,114,153,131
3328,1,126,114,150,131
3329,1,122,115,145,131
3330,1,118,117,142,134
3331,1,110,115,138,132
3332,1,106,115,134,132
3333,1,101,116,129,133
3334,1,97,117,125,134
3335,1,92,117,121,134
3336,1,87,115,117,133
3337,1,83,117,112,135
3338,1,78,120,107,138
3339,1,73,118,103,136
3340,1,69,120,99,138
3341,1,64,121,94,139
3342,1,59,120,89,138
3343,1,54,121,84,139
3344,1,49,121,79,139
3345,1,44,121,74,139
3346,1,38,121,69,140
3347,1,34,121,65,140
3348,1,28,122,59,141
3349,1,23,122,54,141
3350,1,18,122,49,141
3351,1,13,121,44,140
3352,1,7,121,38,140
3353,1,2,120,34,139
3354,1,-4,119,28,139
3355,1,-8,119,24,138
3356,1,-14,120,18,139
3379,1,317,198,327,208
3380,1,316,197,327,208
3381,1,316,198,326,208
3382,1,315,196,325,206
3383,1,315,197,325,207
3384,1,314,196,324,206
3385,1,314,197,324,207
3386,1,313,197,323,207
3387,1,313,198,323,208
3388,1,311,198,321,208
3389,1,311,199,321,209
3390,1,311,199,321,209
3391,1,311,201,321,211
3392,1,311,201,321,211
3393,1,310,201,320,211
3394,1,310,203,320,213
3395,1,310,204,320,214
3396,1,309,206,319,216
3397,1,310,206,320,216
3398,1,308,206,318,216
3399,1,308,207,319,218
3400,1,308,206,319,217
3401,1,308,208,319,219
3402,1,308,209,319,220
3403,1,308,208,319,219
3404,1,308,210,319,221
3405,1,307,212,318,223
3406,1,307,210,318,221
3407,1,306,211,316,221
3408,1,307,212,317,222
3409,1,306,211,316,221
3410,1,306,213,316,223
3411,1,305,212,315,222
3412,1,305,213,315,223
3413,1,304,214,314,224
3414,1,304,213,314,223
3415,1,303,215,313,225
3416,1,303,215,313,225
3417,1,302,213,312,223
3418,1,302,217,312,227
3419,1,303,216,312,225
3420,1,303,216,312,225
3421,1,303,216,312,225
3422,1,302,218,311,227
3423,1,302,220,311,229
3424,1,301,220,310,229
3425,1,300,220,310,230
3426,1,299,221,309,231
3427,1,300,218,310,228
3428,1,299,220,309,230
3429,1,299,221,309,231
3430,1,299,221,309,231
3431,1,300,223,310,233
3432,1,299,222,309,232
3433,1,299,223,309,233
3434,1,299,224,309,234
3435,1,299,222,309,232
3438,1,299,225,311,235
3439,1,300,226,312,236
3440,1,299,228,311,238
3441,1,299,226,311,236
3442,1,300,227,312,237
3443,1,301,226,313,236
3444,1,301,226,313,236
3445,1,300,227,312,237
3446,1,301,225,313,235
3447,1,302,227,314,237
3448,1,302,227,314,237
3449,1,303,224,315,234
3450,1,303,227,315,237
3451,1,301,225,313,235
3452,1,304,223,316,233
3453,1,304,226,316,236
3454,1,305,225,317,235
3455,1,306,223,318,233
3456,1,307,225,319,235
3457,1,307,224,319,234
3458,1,308,222,320,232
3459,1,308,224,320,234
3460,1,309,223,321,233
3461,1,309,221,321,231
3462,1,310,224,322,234
3463,1,311,223,323,233
3464,1,312,222,325,232
3465,1,313,224,325,234
3466,1,314,221,326,231
3467,1,314,222,326,232
3468,1,316,223,328,233
3469,1,318,222,330,232
3470,1,317,223,329,233
3471,1,319,221,331,231
3472,1,319,221,331,231
3473,1,321,221,333,231
3474,1,322,220,334,230
3475,1,324,219,336,229
3476,1,325,220,337,230
3477,1,326,217,339,228
3478,1,327,217,339,227
3506,1,367,204,377,214
3507,1,368,205,378,215
3508,1,372,204,382,214
3509,1,372,203,383,214
3510,1,373,205,384,216
3511,1,375,201,386,212
3512,1,376,202,387,213
3513,1,378,203,389,214
3514,1,380,199,392,211
3515,1,382,201,394,213
3516,1,382,201,395,214
3517,1,384,199,397,212
3518,2,388,199,401,210,8,127,32,149
3519,2,390,197,403,208,19,127,43,149
3520,2,390,197,403,208,29,129,52,150
3521,2,392,197,405,208,40,131,63,152
3522,2,394,196,407,207,50,132,73,153
3523,2,395,198,408,209,62,136,84,156
3524,2,395,196,408,207,72,135,97,154
3525,2,396,195,410,207,84,135,109,154
3526,2,396,198,410,210,95,139,119,158
3527,2,399,197,413,209,106,140,131,159
3528,2,401,198,413,209,116,141,141,160
3529,1,128,142,153,163
3530,1,140,145,165,163
3531,1,151,145,176,163
3532,1,161,146,188,164
3533,1,173,147,197,165
3534,1,184,149,208,168
3535,1,194,152,217,170
3536,1,204,150,231,167
3537,1,216,152,241,168
3538,1,227,152,252,168
3539,1,236,152,265,170
3540,1,249,156,275,173
3541,1,261,156,286,172
3542,1,269,155,296,171
3543,1,282,159,306,173
3551,1,372,157,399,173
3552,1,380,154,407,170
3553,1,393,159,420,172
3554,1,402,159,429,171
3555,1,412,157,440,169
3556,1,424,158,455,172
3557,1,437,157,467,170
3558,1,444,154,472,168
3559,1,454,156,481,169
3560,1,465,153,492,166
3561,1,475,152,504,166
3562,1,485,153,514,167
3563,1,494,150,523,164
3564,1,505,150,531,162
3565,1,518,153,547,164
3566,1,522,144,549,158
3567,1,531,144,561,158
3568,1,546,144,571,155
3569,1,551,140,578,150
3570,1,559,141,589,152
3571,1,569,137,596,147
3572,1,577,133,604,143
3573,1,584,133,613,145
3574,1,592,129,618,140
3575,1,602,127,627,140
3576,1,612,122,638,138
3577,1,617,118,645,133
3578,1,625,118,650,132
3579,1,634,114,659,132
3580,1,634,111,659,129
3581,1,657,104,677,122
3582,1,662,100,681,120
3583,1,665,96,690,114
3584,1,671,101,684,114
3585,1,674,90,703,113
3586,1,674,90,703,113
3650,1,312,205,326,216
3651,1,312,205,328,217
3652,1,313,206,326,220
3653,1,313,207,326,221
3654,1,312,206,325,220
3655,1,311,208,326,220
3656,1,310,208,326,221
3657,1,310,209,325,221
3658,1,310,208,326,221
3659,1,310,207,326,220
3660,1,310,209,324,219
3661,1,309,207,323,217
3662,1,309,207,323,217
3663,1,310,209,324,219
3664,1,311,208,325,218
3665,1,311,208,325,218
3666,1,311,208,325,218
3667,1,308,205,325,217
3668,1,309,206,325,218
3669,1,308,206,324,218
3670,1,307,203,323,214
3671,1,308,204,324,215
3672,1,307,203,322,214
3673,1,309,204,323,214
3674,1,307,205,323,216
3675,1,309,205,323,215
3676,1,306,203,321,214
3677,1,306,204,321,215
3678,1,308,205,322,216
3679,1,307,204,322,215
3680,1,308,203,323,214
3681,1,307,200,322,211
3682,1,307,201,322,212
3683,1,309,202,323,212
3684,1,307,201,322,212
3685,1,309,202,323,213
3686,1,308,200,322,211
3687,1,307,200,322,211
3688,1,310,201,324,211
3689,1,308,200,323,211
3690,1,309,201,324,212
3691,1,307,200,323,212
3692,1,307,201,323,213
3693,1,308,202,323,213
3694,1,307,203,322,214
3695,1,309,203,324,214
3696,1,309,203,324,214
3697,1,308,204,323,215
3698,1,309,204,324,215
3699,1,310,204,326,215
3700,1,309,203,325,215
3701,1,309,204,325,216
3702,1,309,202,325,214
3703,1,310,203,326,214
3704,1,310,204,325,215
3705,1,311,202,325,213
3706,1,311,204,326,215
3707,1,312,204,327,215
3708,1,313,203,327,214
3709,1,314,203,329,214
3710,1,314,202,328,212
3711,1,314,202,328,212
3712,1,314,200,329,211
3714,1,318,202,333,212
3715,1,319,201,335,211
3716,1,319,200,334,210
3717,1,318,200,334,210
3718,1,318,200,334,210
3719,1,318,198,334,208
3720,1,321,196,337,206
3721,1,321,196,337,206
3722,1,321,196,337,206
3723,1,321,194,337,204
3772,1,378,88,389,98
3773,1,380,91,391,101
3774,1,381,97,392,107
3775,1,383,101,394,111
3776,1,383,106,394,116
3777,1,384,112,395,122
3778,1,384,116,395,126
3779,1,386,120,397,130
3780,1,386,123,397,133
3781,1,387,126,398,136
3782,1,387,129,399,140
3783,1,387,130,399,141
3784,1,387,130,399,141
3785,1,388,130,400,141
3786,1,387,131,399,142
3787,1,387,130,399,141
3788,1,388,131,399,141
3789,1,388,130,399,140
3790,1,387,129,398,139
3791,1,388,129,399,139
3792,1,387,128,398,138
3793,1,387,128,398,138
3794,1,387,127,398,137
3795,1,387,126,398,136
3796,1,387,124,398,134
3797,1,387,123,398,133
3798,1,388,123,399,133
3799,1,387,122,398,132
3800,1,388,123,399,133
3801,1,388,122,399,132
3802,1,388,122,399,132
4242,1,463,268,474,280
4243,1,464,272,475,284
4244,1,464,272,476,285
4245,1,464,270,475,282
4246,1,464,274,475,286
4247,1,464,273,475,285
4248,1,466,272,477,284
4250,1,464,274,479,284
4297,1,472,89,486,99
4298,1,470,80,484,90
4299,1,469,79,483,89
4300,1,467,80,481,90
4301,1,466,74,480,84
4302,1,464,75,478,85
4303,1,463,77,477,87
4304,1,461,71,476,83
4305,1,461,74,476,86
4306,1,458,75,473,87
4307,1,457,74,472,86
4308,1,455,80,471,92
4309,1,454,82,468,93
4310,1,451,83,466,95
4311,1,451,88,462,100
4312,1,451,89,463,100
4313,1,450,91,461,101
4314,1,448,98,459,108
4315,1,446,101,457,111
4593,1,385,165,397,175
4594,1,387,166,399,176
4595,2,676,143,700,167,386,159,400,171
4596,2,673,143,700,159,386,156,400,168
4597,2,671,145,698,161,387,157,400,169
4598,2,665,137,697,156,387,152,400,163
4599,2,664,138,695,157,387,151,400,163
4600,2,661,139,692,157,387,152,400,163
4601,2,659,135,690,153,386,146,399,157
4602,2,658,137,689,155,388,148,402,160
4603,2,655,137,683,154,386,147,400,159
4604,2,656,133,683,149,386,141,400,153
4605,2,655,138,678,152,387,144,400,155
4606,2,651,137,678,153,388,143,402,155
4607,2,650,133,674,147,388,139,401,150
4608,2,647,136,673,151,385,141,399,153
4609,2,644,135,668,149,385,139,399,151
4610,2,642,132,667,147,388,136,403,148
4611,2,641,136,664,150,385,139,398,150
4612,2,637,133,661,147,388,138,403,151
4613,2,634,130,657,144,388,135,403,148
4614,2,634,132,657,146,388,137,403,150
4615,2,634,130,656,143,387,134,401,146
4616,2,632,130,653,142,388,134,402,146
4617,2,631,133,650,144,387,136,401,149
4618,2,631,133,650,144,386,131,401,144
4619,2,624,128,642,139,385,130,400,143
4620,2,621,131,640,142,384,134,399,147
4621,2,621,127,638,137,384,129,399,142
4622,2,617,127,636,138,386,130,398,142
4623,2,615,129,633,140,386,132,398,144
4624,2,614,125,631,135,385,128,397,140
4625,2,608,125,627,136,384,129,396,141
4626,2,606,126,625,137,383,130,395,142
4627,2,603,122,622,134,383,126,395,138
4628,2,600,124,619,135,382,129,394,141
4629,2,599,126,617,137,382,130,394,142
4630,2,597,122,614,132,380,126,392,138
4631,2,593,127,611,138,380,131,392,143
4632,2,592,127,611,138,379,130,391,142
4633,2,592,124,610,134,378,127,390,139
4634,2,589,128,607,139,378,131,390,143
4635,1,586,125,605,136
4636,1,583,123,601,136
4637,1,581,128,599,141
4638,1,579,126,596,139
4639,1,576,128,594,141
4640,1,575,133,593,146
4641,1,573,131,591,144
4642,1,572,134,589,147
4643,1,569,139,586,152
4644,1,567,138,585,151
4645,1,565,143,583,156
4646,1,563,149,581,162
4647,1,561,152,578,165
4648,1,560,158,576,170
4649,1,558,164,574,176
4650,1,557,168,574,180
4651,1,555,175,572,187
4652,1,549,182,570,194
4653,1,548,188,567,199
4654,1,547,192,566,203
4655,1,545,198,563,208
4656,1,544,200,562,211
4657,1,542,201,561,212
4658,1,541,203,560,214
4659,1,540,204,558,214
4660,1,540,204,558,214
4661,1,535,202,556,216
4662,1,535,202,554,215
4663,1,535,202,554,215
4664,1,530,202,551,214
4665,1,528,202,548,213
4666,1,527,200,548,212
4667,1,529,195,548,208
4668,1,529,195,548,208
4669,1,527,192,545,204
4670,1,519,192,537,204
4671,1,520,188,544,204
4672,1,518,187,541,202
4673,1,517,187,540,203
4674,1,517,187,540,203
4675,1,512,186,537,199
4676,1,512,187,536,199
4677,1,510,183,527,197
4678,1,509,180,526,194
4684,2,351,214,363,224,503,176,519,191
4685,2,351,213,363,223,496,178,515,193
4686,2,351,212,364,223,498,179,517,194
4687,2,354,212,366,222,491,180,513,197
4688,2,355,214,367,224,491,183,514,200
4689,1,352,214,368,224
4690,1,353,214,369,224
4691,1,352,215,368,226
4692,1,353,214,369,225
4693,2,352,216,369,227,479,191,498,206
4694,2,351,216,369,227,475,191,495,207
4695,2,352,217,369,228,468,195,492,209
4696,2,351,218,368,229,467,197,489,210
4697,2,349,218,367,229,467,197,489,210
4698,2,348,222,363,232,466,200,485,211
4699,2,347,222,363,232,455,197,481,210
4700,2,346,223,361,233,450,197,477,210
4701,2,344,223,360,233,450,198,477,212
4702,2,342,224,357,234,445,197,473,211
4703,2,341,226,356,236,440,196,465,208
4704,2,338,226,353,236,438,196,461,207
4705,2,337,225,352,235,431,193,453,204
4706,2,335,227,351,238,430,195,453,206
4707,2,332,227,348,238,428,195,449,205
4708,2,330,228,346,239,425,195,446,205
4709,2,327,230,344,241,418,196,440,207
4710,2,324,229,341,241,416,194,439,205
4711,2,322,230,339,241,415,195,437,206
4712,2,319,229,337,241,403,194,429,206
4713,2,316,229,334,241,402,194,427,205
4714,2,313,229,330,241,400,194,424,205
4715,2,309,229,327,241,390,191,411,202
4716,2,306,229,324,241,387,192,407,202
4717,2,302,228,320,240,381,189,405,202
4718,2,299,227,317,239,376,188,402,202
4719,2,295,227,313,239,377,189,400,201
4720,2,292,226,310,238,365,189,385,200
4721,2,288,225,305,236,360,189,379,199
4722,2,284,224,301,235,359,188,379,199
4723,2,280,223,296,234,349,183,369,198
4724,2,276,224,292,235,344,184,365,200
4725,2,273,222,289,232,336,186,362,198
4726,2,269,221,284,231,331,186,358,198
4727,2,263,218,281,233,329,187,355,199
4728,2,260,217,277,232,325,186,348,199
4729,2,257,218,273,231,323,186,346,199
4730,2,254,212,271,226,316,184,340,198
4731,2,252,214,268,227,314,185,330,197
4732,2,250,214,265,226,310,185,326,197
4733,1,305,184,321,196
4734,1,308,186,323,197
4735,1,295,181,314,194
4736,1,292,181,312,194
4737,1,289,183,309,196
4738,1,292,185,311,198
4739,1,278,182,301,195
4740,1,276,182,298,194
4741,1,273,181,296,194
4742,1,272,183,295,195
4743,1,269,183,293,196
4744,1,268,183,291,195
4745,1,266,183,290,195
4746,1,263,182,287,195
4747,1,264,183,287,195
4748,1,263,183,287,196
4749,1,261,185,283,197
4750,1,261,187,283,199
4751,1,260,186,281,199
4752,1,258,185,281,200
4753,1,259,187,281,201
4754,1,253,185,275,199
4756,1,258,189,279,201
4757,1,259,189,280,201
4758,1,257,189,279,202
4759,1,258,190,280,203
4760,1,256,189,280,203
4761,1,257,190,281,204
4762,1,257,191,283,206
4763,1,258,190,284,205
4764,1,259,192,285,207
4765,1,260,192,286,207
4766,1,261,193,287,208
4767,1,262,196,287,211
4768,1,254,202,278,212
4769,1,255,204,280,214
4770,1,255,206,279,216
4771,1,258,208,282,218
4772,1,258,210,282,220
4773,1,259,212,283,222
4774,1,260,216,278,230
4775,1,260,217,279,232
4776,1,260,220,279,235
4777,1,256,223,278,240
4778,1,256,226,279,243
4779,1,257,230,280,247
4780,1,253,237,281,249
4781,1,254,241,281,253
4782,1,254,245,282,257
4783,1,252,248,282,261
4784,1,252,251,283,264
4785,1,252,254,283,267
4786,1,251,256,284,270
4787,1,253,259,285,273
4788,1,252,265,280,277
4789,1,252,266,280,278
4790,1,253,267,278,278
4791,1,253,268,278,279
4792,1,254,271,280,282
4793,1,254,270,279,281
4794,1,251,270,275,280
4795,1,251,270,275,280
4796,1,252,269,276,279
4797,1,252,267,277,277
4798,1,252,265,277,275
4799,1,253,263,278,273
4800,1,254,263,274,277
4801,1,254,261,274,275
4802,1,254,261,275,275
4803,1,257,261,274,274
4804,1,256,259,273,272
4805,1,256,261,274,275
4806,1,256,256,274,270
4807,1,258,259,281,275
4808,1,257,261,280,277
4809,1,259,259,282,275
4810,1,259,261,281,277
4811,1,261,263,284,279
4812,1,260,262,283,278
4813,1,262,266,284,281
4814,1,262,265,284,280
4815,1,264,266,286,281
4816,1,263,269,285,284
4817,1,265,268,287,283
4818,1,264,269,286,284
4819,1,266,271,289,287
4820,1,265,273,288,289
4821,1,266,273,289,289
4822,1,266,277,289,293
4823,1,267,277,290,293
4824,1,268,278,291,294
4825,1,268,281,291,297
4826,1,269,282,292,298
4827,1,268,281,292,298
4828,1,269,284,293,301
4829,1,268,284,292,301
4830,1,269,286,293,303
4831,1,268,287,293,304
4832,1,273,288,296,304
4833,1,271,288,294,304
4834,1,273,289,296,305
4835,1,272,289,295,305
4836,1,273,290,296,306
4837,1,272,289,295,305
4838,1,274,290,297,306
4839,1,271,288,294,304
4840,1,273,289,297,305
4841,1,271,289,294,305
4842,1,272,287,295,303
4843,1,271,287,295,303
4844,1,271,287,295,303
4845,1,270,285,293,301
4846,1,270,286,293,302
4847,1,268,285,291,301
4848,1,268,285,291,301
4849,1,267,285,290,301
4850,1,266,284,289,300
4851,1,266,281,289,297
4852,1,264,282,287,298
4853,1,264,282,286,297
4854,1,262,277,284,292
4855,1,263,279,284,294
4856,1,260,277,283,293
4857,1,262,276,284,292
4858,1,260,276,280,290
4859,1,262,275,282,289
4860,1,258,274,279,289
4861,1,261,275,281,289
4862,1,258,272,278,286
4863,1,261,273,282,287
4864,1,253,270,278,286
4865,1,255,267,279,282
4866,1,253,267,278,283
4867,1,255,269,279,284
4868,1,254,266,278,282
4869,1,255,268,279,283
4870,1,254,265,279,281
4871,1,255,263,279,278
4872,1,256,264,280,279
4873,1,255,265,280,281
4874,1,256,265,280,281
4875,1,256,266,280,281
4876,1,258,265,281,280
4877,1,258,265,282,280
4878,1,259,266,280,280
4879,1,260,265,281,278
4880,1,261,266,282,280
4881,1,261,267,283,281
4882,1,264,265,285,279
4883,1,262,266,284,280
4884,1,265,268,287,282
4885,1,265,266,287,280
4886,1,268,268,288,281
4887,1,267,267,289,281
4888,1,271,266,292,280
4889,1,269,267,291,281
4890,1,271,267,293,281
4891,1,272,265,293,279
4892,1,274,267,296,281
4893,1,274,264,296,278
4894,1,275,263,297,277
4895,1,275,268,297,282
4896,1,277,266,298,279
4897,1,279,265,299,278
4898,1,279,268,300,281
4899,1,280,266,301,279
4900,1,280,266,301,279
4901,1,281,267,302,280
4902,1,280,266,301,279
4903,1,281,267,301,280
4904,1,281,267,301,280
4905,1,282,268,302,281
4906,1,281,267,301,280
4907,1,281,267,301,280
4908,1,280,267,299,279
4909,1,280,266,299,278
4910,1,278,267,297,279
4911,1,279,267,298,279
4912,1,277,265,294,276
4913,1,276,266,295,278
4914,1,273,263,293,276
4915,1,273,261,293,274
4916,1,271,262,291,275
4917,1,271,262,289,274
4918,1,269,260,287,272
4919,1,269,260,286,271
4920,1,265,257,284,269
4921,1,265,257,283,268
4922,1,263,256,280,267
4923,1,261,255,278,266
4924,1,260,254,276,265
4925,1,258,255,273,265
4926,1,256,253,271,263
4927,1,254,245,274,255
4928,1,255,245,275,255
4936,1,233,203,254,221
4937,1,232,201,252,218
4938,2,229,197,254,210,382,206,398,216
4939,2,226,194,251,207,382,202,398,212
4940,2,233,194,255,206,385,201,401,211
4941,2,222,182,246,198,383,194,395,205
4942,2,220,181,246,198,387,192,401,202
4943,2,219,179,246,195,388,190,401,202
4944,2,218,176,244,191,389,189,404,199
4945,2,214,174,239,189,388,188,404,198
4946,2,213,172,236,186,390,186,406,196
4947,2,210,167,236,183,391,184,407,194
4948,2,215,170,239,184,391,183,407,194
4949,2,208,165,233,179,393,181,409,192
4950,2,207,162,231,176,395,178,411,189
4951,2,209,162,234,176,397,179,412,189
4952,2,203,159,229,170,395,176,411,186
4953,1,400,175,412,185
4954,1,400,175,412,185
4955,1,402,175,415,186
4956,1,401,176,413,186
4957,1,404,176,417,187
4958,1,405,177,417,187
4959,1,407,180,419,190
4960,1,407,181,419,191
4961,1,415,185,427,195
4962,1,410,186,423,196
4963,1,411,188,424,198
4964,1,412,192,425,202
4965,1,413,191,426,201
4966,1,414,193,427,203
4967,1,416,195,429,205
4968,1,417,198,430,208
4969,1,416,200,429,210
4970,1,417,201,430,211
4971,1,417,203,430,213
4972,1,420,205,433,215
4973,1,420,205,433,215
4974,1,422,206,435,216
4975,1,421,207,434,217
4976,1,423,208,436,218
4977,1,423,210,436,220
4978,1,425,210,439,220
4979,1,150,152,176,167
4981,1,151,154,177,169
4983,1,146,153,168,166
4985,1,142,155,165,169
4987,1,135,155,162,171
