0,1,361,137,374,147
1,1,360,136,373,146
2,1,361,138,374,148
3,1,361,131,374,141
4,1,361,130,374,140
5,1,362,131,375,141
6,1,362,122,375,132
7,1,363,118,376,128
8,1,363,114,376,124
9,1,363,106,376,116
10,1,363,102,376,112
11,1,363,97,376,107
12,1,362,89,375,99
13,1,362,89,375,99
14,1,361,84,374,94
15,1,360,78,373,88
16,1,359,79,372,89
17,1,359,74,372,84
18,1,357,72,370,82
19,1,356,72,369,82
20,1,356,69,369,79
21,1,355,72,368,82
22,1,355,74,368,84
23,1,354,74,367,84
24,1,355,83,368,93
25,1,355,87,368,97
26,1,355,90,368,100
27,1,355,99,368,109
28,1,354,102,367,112
29,1,353,107,366,117
30,1,352,114,365,124
31,1,351,118,364,128
32,1,349,123,362,133
33,1,348,128,361,138
34,1,346,130,359,140
35,1,344,135,357,145
36,1,343,138,356,148
37,1,342,141,355,151
38,1,340,145,353,155
39,1,340,148,353,158
40,1,339,152,352,162
41,1,339,153,352,163
42,1,338,155,351,165
43,1,338,157,351,167
44,1,336,157,349,167
45,1,336,157,349,167
46,1,336,158,349,168
47,1,335,156,348,166
48,1,335,155,348,165
49,1,335,154,348,164
50,1,335,151,348,161
51,1,335,151,348,161
52,1,336,150,349,160
53,1,336,149,349,159
54,1,337,148,350,158
55,1,337,147,350,157
56,1,338,145,351,155
57,1,338,144,351,154
58,1,339,144,352,154
59,1,340,145,353,155
60,1,341,143,354,153
61,1,342,144,355,154
62,1,343,142,356,152
63,1,344,143,357,153
64,1,345,145,358,155
65,1,346,141,359,151
66,1,347,140,360,150
67,1,348,143,361,153
68,1,350,142,363,152
69,1,350,144,363,154
70,1,352,146,365,156
71,1,352,146,365,156
72,1,354,147,367,157
73,1,354,147,367,157
74,1,356,147,369,157
75,1,355,149,368,159
76,1,358,151,371,161
77,1,358,147,371,157
78,1,360,149,373,159
79,1,360,151,374,161
80,1,360,147,374,158
81,1,361,147,375,158
82,1,362,148,376,159
83,1,363,144,376,154
84,1,363,145,377,156
85,1,365,142,379,152
86,1,365,140,378,150
87,1,366,141,379,151
88,1,368,139,378,149
89,1,370,139,380,149
90,1,369,136,379,146
91,1,371,134,381,144
92,1,370,134,380,144
93,1,371,130,381,140
94,1,370,125,380,135
95,1,371,123,381,133
96,1,371,119,381,129
97,1,371,112,381,122
98,1,372,109,382,119
99,1,371,103,381,113
100,1,372,96,382,106
101,1,371,95,381,105
102,1,372,88,382,98
103,1,372,83,382,93
104,1,373,85,383,95
105,1,372,77,382,87
106,1,371,73,381,83
107,1,370,75,380,85
108,1,369,68,379,78
109,1,368,66,378,76
110,1,367,67,377,77
111,1,366,62,376,72
112,1,365,60,375,70
113,1,364,63,374,73
114,1,363,60,374,71
115,1,362,59,372,69
116,1,361,61,371,71
117,1,361,58,371,68
118,1,360,59,370,69
119,1,360,64,370,74
120,1,359,60,369,70
121,1,359,63,369,73
122,1,359,69,369,79
123,1,359,67,369,77
124,1,359,72,369,82
125,1,359,77,369,87
126,1,360,73,370,83
127,1,359,77,369,87
128,1,361,80,371,90
129,1,363,79,373,89
130,1,364,85,374,95
131,1,365,87,375,97
132,1,366,91,376,101
133,1,368,96,378,106
134,1,370,95,380,105
135,1,372,98,382,108
136,1,373,104,383,114
137,1,373,101,383,111
138,1,375,105,385,115
139,1,376,110,386,120
140,1,376,108,386,118
141,1,377,109,387,119
142,1,378,113,388,123
143,1,378,111,388,121
144,1,378,114,388,124
145,1,378,117,388,127
146,1,377,113,387,123
147,1,377,118,387,128
148,1,377,116,387,126
149,1,377,119,387,129
150,1,378,119,388,129
151,1,377,118,387,128
152,1,377,121,387,131
153,1,377,120,387,130
154,1,376,121,386,131
155,1,376,122,386,132
156,1,377,122,387,132
157,1,376,122,386,132
158,1,377,123,387,133
159,1,377,122,387,132
160,1,376,124,386,134
161,1,376,124,386,134
162,1,376,124,386,134
163,1,376,128,386,138
164,1,377,126,387,136
165,1,377,125,387,135
166,1,377,129,387,139
167,1,377,127,387,137
168,1,377,127,387,137
169,1,377,131,387,141
170,1,377,129,387,139
171,1,378,130,388,140
172,1,378,134,388,144
173,1,379,133,389,143
174,1,380,137,390,147
175,1,381,140,391,150
176,1,381,141,391,151
177,1,381,147,391,157
178,1,381,148,391,158
179,1,382,154,392,164
180,1,383,159,393,169
181,1,384,161,394,171
182,1,385,168,395,178
183,1,386,173,396,183
184,1,386,174,396,184
185,1,386,180,396,190
186,1,387,188,397,198
187,1,387,187,397,197
188,1,388,194,398,204
189,1,389,202,399,212
190,1,389,201,399,211
191,1,390,204,400,214
192,1,390,208,400,218
193,1,391,209,400,218
194,1,390,210,400,220
195,1,391,211,401,221
196,1,392,212,402,222
197,1,393,213,403,223
198,1,393,209,403,219
199,1,394,209,404,219
200,1,394,210,404,220
201,1,395,205,405,215
202,1,396,205,406,215
203,1,397,202,407,212
204,1,397,197,407,207
205,1,398,199,408,209
206,1,398,194,408,204
207,1,399,192,409,202
208,1,399,194,409,204
209,1,400,190,410,200
210,1,400,189,410,199
211,1,401,190,411,200
212,1,401,186,411,196
213,1,401,186,411,196
214,1,402,187,412,197
215,1,402,181,412,191
216,1,403,183,413,193
217,1,403,184,413,194
218,1,405,178,415,188
219,1,405,180,415,190
220,1,406,178,416,188
221,1,406,175,416,185
222,1,407,180,417,190
223,1,408,177,418,187
224,1,408,176,418,186
225,1,409,179,419,189
226,1,410,177,420,187
227,1,410,178,420,188
228,1,410,180,420,190
229,1,411,177,421,187
230,1,411,180,421,190
231,1,411,181,421,191
232,1,411,179,421,189
233,1,411,181,421,191
234,1,411,180,421,190
235,1,411,176,421,186
236,1,412,177,422,187
237,1,412,174,422,184
238,1,412,169,422,179
239,1,412,172,422,182
240,1,413,167,423,177
241,1,413,162,423,172
242,1,414,164,424,174
243,1,415,160,425,170
244,1,415,157,425,167
245,1,416,159,426,169
246,1,417,156,427,166
247,1,418,156,428,166
248,1,418,158,428,168
249,1,418,157,428,167
250,1,419,162,429,172
251,1,419,164,429,174
252,1,419,166,429,176
253,1,420,170,430,180
254,1,420,171,430,181
255,1,420,174,430,184
256,1,420,179,430,189
257,1,419,178,429,188
258,1,419,182,429,192
259,1,419,187,429,197
260,1,418,187,428,197
261,1,417,188,427,198
262,1,417,194,427,204
263,1,416,195,426,205
264,1,415,196,425,206
265,1,415,200,425,210
266,1,415,203,425,213
267,1,414,204,424,214
268,1,413,207,423,217
269,1,413,208,423,218
270,1,411,212,421,222
271,1,411,214,421,224
272,1,410,213,420,223
273,1,410,217,420,227
274,1,409,218,419,228
275,1,409,214,419,224
276,1,408,218,418,228
277,1,408,222,418,232
278,1,406,216,416,226
279,1,406,214,416,224
280,1,405,215,415,225
281,1,405,213,415,223
282,1,404,210,414,220
283,1,404,207,414,217
284,1,403,203,413,213
285,1,403,203,413,213
286,1,402,199,412,209
287,1,402,195,412,205
288,1,402,195,412,205
289,1,402,190,412,200
290,1,402,187,412,197
291,1,402,182,412,192
292,1,402,175,412,185
293,1,402,177,412,187
294,1,401,170,411,180
295,1,402,161,412,171
296,1,402,164,412,174
297,1,403,160,413,170
298,1,402,152,412,162
299,1,402,154,412,164
300,1,403,151,413,161
301,1,403,147,413,157
302,1,402,146,412,156
303,1,403,145,413,155
304,1,402,141,412,151
305,1,401,139,411,149
306,1,401,135,411,145
307,1,400,134,410,144
308,1,399,132,409,142
309,1,398,130,408,140
310,1,395,131,405,141
311,1,395,130,405,140
312,1,392,132,402,142
313,1,391,134,401,144
314,1,389,135,399,145
315,1,388,135,398,145
316,1,385,141,395,151
317,1,384,141,394,151
318,1,382,140,392,150
319,1,381,150,391,160
320,1,380,150,390,160
321,1,379,149,389,159
322,1,378,153,388,163
323,1,376,158,386,168
324,1,375,161,385,171
325,1,374,165,384,175
326,1,373,171,383,181
327,1,372,176,382,186
328,1,372,178,382,188
329,1,371,186,381,196
330,1,369,194,379,204
331,1,368,207,378,217
332,1,367,210,377,220
333,1,367,215,377,225
334,1,365,219,375,229
335,1,365,221,375,231
336,1,364,224,374,234
337,1,363,226,373,236
338,1,362,229,372,239
339,1,361,227,371,237
340,1,360,227,370,237
341,1,359,226,369,236
342,1,358,225,368,235
343,1,357,224,367,234
344,1,356,219,366,229
345,1,355,218,365,228
346,1,355,215,365,225
347,1,353,211,363,221
348,1,352,211,362,221
349,1,351,211,361,221
350,1,351,203,361,213
351,1,350,198,360,208
352,1,349,199,359,209
353,1,348,197,358,207
354,1,347,195,357,205
355,1,345,194,355,204
356,1,344,192,354,202
357,1,343,192,353,202
358,1,342,192,352,202
359,1,342,191,352,201
360,1,340,188,350,198
361,1,338,185,348,195
362,1,337,188,347,198
363,1,336,189,346,199
364,1,335,188,345,198
365,1,333,193,343,203
366,1,332,192,342,202
367,1,329,195,339,205
368,1,328,199,338,209
369,1,326,202,336,212
370,1,325,207,335,217
371,1,323,209,333,219
372,1,322,213,332,223
373,1,319,216,329,226
374,1,318,221,328,231
375,1,316,226,326,236
376,1,314,223,324,233
377,1,313,230,323,240
378,1,311,238,321,248
379,1,309,234,319,244
380,1,307,237,317,247
381,1,305,244,315,254
382,1,303,245,313,255
383,1,302,244,312,254
384,1,301,249,311,259
385,1,300,253,310,263
386,1,298,253,308,263
387,1,297,256,307,266
388,1,296,259,306,269
389,1,295,258,305,268
390,1,294,261,304,271
391,1,294,262,304,272
392,1,293,263,303,273
393,1,293,264,303,274
394,1,293,263,303,273
395,1,293,262,303,272
396,1,292,263,302,273
397,1,293,261,303,271
398,1,293,260,303,270
399,1,293,261,303,271
400,1,294,257,304,267
401,1,294,256,304,266
402,1,295,257,305,267
403,1,294,253,304,263
404,1,295,254,305,264
405,1,295,254,305,264
406,1,295,248,305,258
407,1,296,251,306,261
408,1,297,250,307,260
409,1,297,246,307,256
410,1,297,246,307,256
411,1,297,247,307,257
412,1,297,247,307,257
413,1,297,242,307,252
414,1,297,240,307,250
415,1,298,239,308,249
416,1,299,235,309,245
417,1,300,234,310,244
418,1,301,231,311,241
419,1,301,219,311,229
420,1,301,216,311,226
421,1,302,213,312,223
422,1,302,200,312,211
423,1,302,192,312,203
424,1,303,190,313,201
425,1,303,179,313,189
426,1,304,172,314,183
427,1,305,154,315,165
428,1,305,148,315,159
429,1,305,145,315,156
430,1,306,136,316,147
431,1,306,130,316,141
432,1,306,127,316,138
433,1,306,121,316,132
434,1,306,115,316,126
435,1,306,112,316,123
436,1,306,109,316,120
437,1,307,102,317,113
438,1,306,103,316,114
439,1,306,99,316,110
440,1,307,91,317,102
441,1,307,92,317,103
442,1,307,93,317,104
443,1,306,85,316,96
444,1,306,87,316,98
445,1,306,90,316,101
446,1,306,84,316,95
447,1,307,81,317,92
448,1,306,85,316,96
449,1,305,80,315,91
450,1,305,74,315,85
451,1,305,77,315,88
452,1,305,71,315,82
453,1,305,71,315,82
454,1,305,73,315,84
455,1,304,66,314,77
456,1,305,68,315,79
457,1,304,74,314,85
458,1,305,72,315,83
459,1,305,79,315,90
460,1,305,85,315,96
461,1,306,84,316,95
462,1,306,91,316,102
463,1,307,98,317,109
464,1,308,98,318,109
465,1,308,100,318,111
466,1,308,110,318,121
467,1,308,111,318,122
468,1,309,118,319,129
469,1,309,126,319,137
470,1,309,127,319,138
471,1,309,133,319,144
472,1,308,143,318,154
473,1,308,144,318,155
474,1,308,151,318,162
475,1,308,159,318,170
476,1,306,160,316,171
477,1,306,163,316,174
478,1,306,172,316,183
479,1,305,173,315,184
480,1,305,178,315,189
481,1,304,185,314,196
482,1,303,183,313,194
483,1,303,185,313,196
484,1,303,195,313,206
485,1,302,193,312,204
486,1,301,189,311,200
487,1,300,195,310,206
488,1,301,199,311,210
489,1,300,197,310,208
490,1,300,201,310,212
491,1,300,205,310,216
492,1,298,202,308,213
493,1,298,207,308,218
494,1,298,209,308,220
495,1,298,207,308,218
496,1,297,210,307,221
497,1,297,208,307,219
498,1,295,207,305,218
499,1,295,208,305,219
500,1,295,205,305,216
501,1,295,204,305,215
502,1,294,201,304,212
503,1,295,200,305,211
504,1,293,203,303,214
505,1,293,199,303,210
506,1,293,194,303,205
507,1,293,194,303,205
508,1,294,190,304,201
509,1,294,186,304,197
510,1,294,187,304,198
511,1,295,184,305,195
512,1,296,181,306,192
513,1,296,183,306,194
514,1,297,180,307,191
515,1,298,179,308,190
516,1,299,182,309,193
517,1,300,179,310,190
518,1,302,180,312,191
519,1,303,181,313,192
520,1,305,181,315,192
521,1,306,182,316,193
522,1,307,184,317,195
523,1,308,186,318,197
524,1,309,187,319,198
525,1,310,188,320,199
526,1,312,192,322,203
527,1,313,195,323,206
528,1,314,195,324,206
529,1,316,197,326,208
530,1,317,199,327,210
531,1,318,200,328,211
532,1,319,203,329,214
533,1,319,205,330,217
534,1,320,206,331,218
535,1,321,206,332,218
536,1,322,209,333,221
537,1,323,211,333,222
538,1,323,211,333,222
539,1,325,222,336,234
540,1,326,221,337,233
541,1,327,226,338,238
542,1,328,232,339,244
543,1,329,231,340,243
544,1,330,235,341,248
545,1,331,238,343,251
546,1,332,236,344,249
547,1,334,240,345,252
548,1,335,245,346,257
549,1,336,244,347,256
550,1,338,246,349,258
551,1,338,252,349,264
552,1,340,251,351,263
553,1,341,255,352,267
554,1,342,256,353,268
555,1,342,256,352,267
556,1,343,260,353,272
557,1,343,257,353,268
558,1,344,258,354,269
559,1,344,262,354,273
560,1,344,259,354,270
561,1,344,261,354,272
562,1,344,264,354,275
563,1,344,261,355,273
564,1,347,263,356,272
565,1,347,263,357,273
566,1,347,262,357,272
567,1,348,265,358,275
568,1,350,265,360,276
569,1,351,265,361,276
570,1,352,266,362,277
571,1,353,266,363,277
572,1,358,263,368,274
573,1,359,264,369,275
574,1,360,267,370,278
575,1,360,263,370,274
578,1,366,260,380,271
579,1,366,261,380,272
580,1,367,260,381,271
581,1,370,258,382,268
582,1,371,262,383,272
583,1,372,260,384,270
584,1,372,257,384,267
585,1,375,258,388,268
586,1,375,258,388,268
587,1,374,254,388,265
588,1,376,255,389,265
589,1,377,256,390,266
590,1,377,251,390,261
591,1,377,252,390,262
592,1,377,250,390,260
593,1,377,249,390,259
594,1,376,251,389,261
595,1,376,248,389,258
596,1,376,247,389,257
597,1,375,249,388,259
598,1,375,246,388,256
599,1,375,244,388,254
600,1,373,244,386,254
601,1,373,243,387,254
602,1,372,242,385,252
603,1,371,239,385,249
604,1,371,239,385,249
605,1,371,242,384,252
606,1,371,234,384,244
607,1,371,234,384,244
608,1,371,237,385,247
609,1,370,233,383,243
610,1,370,231,383,241
611,1,369,231,382,241
612,1,369,227,382,237
613,1,369,228,382,238
614,1,368,227,381,237
615,1,368,223,381,233
616,1,368,224,381,234
617,1,368,222,381,232
618,1,367,217,380,227
619,1,367,219,380,229
620,1,368,216,381,226
621,1,368,213,381,223
622,1,368,214,381,224
623,1,367,211,380,221
624,1,367,209,380,219
625,1,368,209,381,219
626,1,367,203,380,213
627,1,368,200,381,210
628,1,367,198,380,208
629,1,367,194,380,204
630,1,368,191,381,201
631,1,366,187,380,198
632,1,366,181,379,191
633,1,366,181,379,191
634,1,365,179,378,189
635,1,365,171,378,181
636,1,364,172,377,182
637,1,363,168,377,178
638,1,362,162,375,172
639,1,362,164,375,174
640,1,361,158,374,168
641,1,361,155,374,165
642,1,360,154,373,164
643,1,359,150,373,160
644,1,359,147,373,158
645,1,358,148,372,159
646,1,358,145,372,156
647,1,358,142,372,153
648,1,358,142,372,153
649,1,358,137,372,148
650,1,358,138,372,149
651,1,359,138,373,149
652,1,359,134,373,145
653,1,359,137,373,148
654,1,359,134,373,145
655,1,359,133,373,144
656,1,359,135,373,146
657,1,360,131,374,142
658,1,360,131,374,142
659,1,361,132,375,143
660,1,361,128,375,138
661,1,361,130,374,140
662,1,361,134,374,144
663,1,361,130,374,140
664,1,361,132,374,142
665,1,362,137,375,147
666,1,362,134,375,144
667,1,362,132,375,142
668,1,362,137,376,148
669,1,361,134,375,144
670,1,361,131,375,142
671,1,361,135,375,146
672,1,360,135,374,146
673,1,360,130,374,141
674,1,361,133,376,144
675,1,361,133,376,144
676,1,361,133,376,145
677,1,362,138,377,149
678,1,362,138,377,149
679,1,363,137,378,148
680,1,363,143,378,154
681,1,364,147,379,158
682,1,365,147,380,158
683,1,367,153,381,164
684,1,368,156,382,167
685,1,369,157,383,168
686,1,370,158,384,169
687,1,371,160,385,171
688,1,371,163,386,175
689,1,372,164,387,176
690,1,374,166,389,178
691,1,375,169,390,180
692,1,377,169,392,180
693,1,377,168,392,179
694,1,378,171,392,182
695,1,379,172,393,183
696,1,380,173,395,184
697,1,381,176,395,187
698,1,382,176,396,187
699,1,383,177,396,187
700,1,384,179,398,189
701,1,384,181,398,192
702,1,385,182,399,193
703,1,387,188,400,198
704,1,387,188,400,198
705,1,386,189,400,200
706,1,388,195,401,205
707,1,388,197,402,208
708,1,389,198,403,209
709,1,389,206,403,217
710,1,389,211,403,222
711,1,389,209,403,220
712,1,389,216,403,227
713,1,389,223,403,234
714,1,388,218,403,230
715,1,389,222,403,233
716,1,389,227,403,238
717,1,389,227,403,238
718,1,388,230,403,241
719,1,388,234,403,246
720,1,387,234,403,246
721,1,388,242,403,254
722,1,388,244,404,256
723,1,388,242,404,254
724,1,388,243,404,255
725,1,387,250,403,262
726,1,388,248,403,260
727,1,387,248,403,260
728,1,388,254,404,266
729,1,387,253,404,266
730,1,388,253,404,266
731,1,388,257,404,269
732,1,388,256,404,268
733,1,387,257,403,269
734,1,388,260,403,272
735,1,388,258,403,270
736,1,388,258,403,270
737,1,388,262,404,274
738,1,389,260,403,271
739,1,388,262,402,273
740,1,388,268,403,279
741,1,388,262,403,273
742,1,388,260,402,271
743,1,388,267,402,277
744,1,388,265,402,276
745,1,388,265,402,276
746,1,388,264,402,275
747,1,388,259,402,270
748,1,389,261,403,272
749,1,389,259,403,270
750,1,389,254,403,265
751,1,389,256,403,267
752,1,390,254,404,265
753,1,390,247,404,258
754,1,391,249,404,259
755,1,391,245,405,255
756,1,391,239,405,249
757,1,392,238,406,249
758,1,392,238,406,249
759,1,394,236,408,246
760,1,394,231,407,241
761,1,395,232,408,242
762,1,396,232,409,242
763,1,397,227,411,238
764,1,397,224,411,235
765,1,398,227,412,238
766,1,398,225,412,235
767,1,400,224,413,234
768,1,399,223,414,234
769,1,400,222,415,233
770,1,402,226,415,236
771,1,403,228,417,239
772,1,403,227,417,238
773,1,404,231,418,242
774,1,405,237,420,248
775,1,405,237,420,248
776,1,407,241,421,252
777,1,409,255,423,266
778,1,410,262,424,273
779,1,410,260,425,271
780,1,412,270,426,281
781,1,412,272,427,283
782,1,412,277,427,289
783,1,414,281,428,291
784,1,415,288,429,298
785,1,416,291,430,302
786,1,416,294,430,304
787,1,416,295,430,306
788,1,417,291,432,302
789,1,419,286,434,297
790,1,420,275,435,287
791,1,421,273,435,284
792,1,421,260,435,271
793,1,422,256,436,267
794,1,423,255,437,266
795,1,424,248,438,259
796,1,426,233,439,243
797,1,428,230,441,240
798,1,428,229,441,239
799,1,429,224,443,234
800,1,430,220,444,231
801,1,431,219,445,230
802,1,431,215,445,226
803,1,432,209,445,219
804,1,433,210,447,221
805,1,434,211,448,221
806,1,435,203,449,214
807,1,435,205,449,216
808,1,437,210,451,221
809,1,437,204,451,215
810,1,437,205,451,216
811,1,438,210,452,221
812,1,439,206,453,217
813,1,440,206,455,217
814,1,441,211,453,221
815,1,441,209,453,219
816,1,442,212,454,222
817,1,442,214,454,224
818,1,442,217,454,227
819,1,442,218,454,228
820,1,443,215,456,226
821,1,443,221,456,231
822,1,443,221,455,231
823,1,444,220,456,230
824,1,443,225,455,235
825,1,443,225,455,235
826,1,442,224,454,234
827,1,441,226,453,236
828,1,440,228,452,238
829,1,440,228,452,238
830,1,439,229,451,239
831,1,439,232,451,242
832,1,437,231,449,241
833,1,437,235,449,245
834,1,435,239,447,249
835,1,435,237,448,248
836,1,435,237,447,247
837,1,435,243,447,253
838,1,435,243,447,253
839,1,434,245,446,255
840,1,434,248,446,258
841,1,433,248,445,258
842,1,433,249,445,259
843,1,434,252,446,262
844,1,434,251,446,261
845,1,434,252,446,262
846,1,435,252,447,262
847,1,435,249,447,259
848,1,435,250,447,260
849,1,435,247,447,257
850,1,435,241,447,251
851,1,436,237,448,247
852,1,436,232,448,242
853,1,436,227,448,237
854,1,435,224,448,235
855,1,434,216,447,226
856,1,433,209,446,220
857,1,434,204,446,214
858,1,431,195,444,206
859,1,432,194,445,205
860,1,431,188,444,199
861,1,430,183,443,194
862,1,429,180,442,191
863,1,430,176,442,186
864,1,430,175,443,186
865,1,430,172,443,183
866,1,431,169,444,180
867,1,430,167,443,178
868,1,431,167,444,178
869,1,431,165,444,176
870,1,432,163,445,174
871,1,433,160,446,171
872,1,433,159,446,170
873,1,433,158,446,169
874,1,434,159,446,169
875,1,434,157,447,168
876,1,435,156,447,166
877,1,436,156,449,167
878,1,436,159,449,170
879,1,438,159,450,169
880,1,438,154,451,165
881,1,439,155,451,165
882,1,440,156,453,166
883,1,441,156,454,166
884,1,441,158,453,168
885,1,443,159,456,169
886,1,444,160,456,170
887,1,444,161,457,171
888,1,445,160,458,171
889,1,446,161,458,171
890,1,448,165,460,175
891,1,448,165,460,175
892,1,450,165,462,175
893,1,450,167,462,177
894,1,452,167,464,177
895,1,451,166,463,176
896,1,453,168,465,178
897,1,453,164,465,174
898,1,455,164,467,174
899,1,455,165,467,175
900,1,456,162,468,172
901,1,458,162,470,172
902,1,459,163,471,173
903,1,460,158,472,168
904,1,460,159,472,169
905,1,463,162,475,172
906,1,462,157,474,167
907,1,464,158,476,168
908,1,464,158,476,168
909,1,466,158,478,168
910,1,465,160,477,170
911,1,467,160,479,170
912,1,467,158,479,168
913,1,467,163,479,173
914,1,467,164,479,174
915,1,467,158,479,168
916,1,468,161,480,171
917,1,467,165,479,175
918,1,468,164,480,174
919,1,467,170,479,180
920,1,467,178,479,188
921,1,466,179,478,189
922,1,467,185,479,195
923,1,465,195,477,205
924,1,466,199,478,209
925,1,465,207,477,217
926,1,464,216,476,226
927,1,463,223,475,233
928,1,462,233,474,243
929,1,461,242,473,252
930,1,460,248,472,258
931,1,458,256,470,266
932,1,457,265,469,275
933,1,458,270,468,280
934,1,455,275,465,285
935,1,455,281,465,291
936,1,452,286,462,296
937,1,452,291,462,301
938,1,449,294,459,304
939,1,448,299,458,309
940,1,445,300,455,310
941,1,444,304,454,314
942,1,442,309,452,319
943,1,440,308,450,318
944,1,439,307,449,317
945,1,436,313,446,323
946,1,435,312,445,322
1044,1,344,145,354,155
1045,1,344,147,354,157
1046,1,343,142,353,152
1047,1,342,145,352,155
1048,1,341,147,351,157
1049,1,341,141,351,151
1050,1,340,140,350,150
1051,1,340,141,350,151
1052,1,339,138,349,148
1053,1,338,142,348,152
1054,1,337,137,347,147
1055,1,336,137,346,147
1056,1,335,138,345,148
1057,1,334,133,344,143
1058,1,333,132,344,143
1059,1,332,133,343,144
1060,1,332,126,342,136
1061,1,330,124,341,135
1062,1,329,127,339,137
1063,1,328,124,339,135
1064,1,327,122,337,132
1065,1,326,123,337,134
1066,1,325,121,336,132
1067,1,325,122,335,132
1068,1,324,123,334,133
1069,1,323,122,333,132
1070,1,322,121,332,131
1071,1,321,121,331,131
1072,1,321,120,331,130
1073,1,320,121,330,131
1074,1,320,121,330,131
1075,1,320,121,330,131
1076,1,319,120,330,131
1077,1,319,120,329,130
1078,1,319,120,329,130
1079,1,317,117,328,128
1080,1,318,115,328,125
1081,1,317,118,327,128
1082,1,317,116,327,126
1083,1,317,114,327,124
1084,1,316,117,326,127
1085,1,316,115,326,125
1086,1,315,114,325,124
1087,1,315,116,326,127
1088,1,313,114,323,124
1089,1,313,113,323,123
1090,1,312,114,322,124
1091,1,311,111,321,121
1092,1,311,113,321,123
1093,1,310,113,320,123
1094,1,309,108,319,118
1095,1,309,111,319,121
1096,1,307,109,317,119
1097,1,307,109,317,119
1098,1,306,108,316,118
1099,1,305,107,315,117
1100,1,304,108,314,118
1101,1,304,108,314,118
1102,1,303,108,313,118
1103,1,303,109,313,119
1104,1,302,109,312,119
1105,1,302,108,312,118
1106,1,301,108,311,118
1107,1,301,107,311,117
1108,1,300,105,310,115
1109,1,299,104,310,115
1110,1,299,103,309,114
1111,1,297,100,308,111
1112,1,297,98,308,109
1113,1,296,96,307,107
1114,1,294,91,305,102
1115,1,293,89,304,100
1116,1,293,86,303,96
1117,1,292,81,302,91
1118,1,290,77,300,87
1119,1,289,70,299,80
1120,1,288,66,298,76
1121,1,286,66,296,76
1122,1,285,59,295,69
1123,1,283,51,293,61
1124,1,280,52,290,62
1125,1,279,49,289,59
1126,1,277,44,287,54
1127,1,276,47,286,57
1128,1,274,45,284,55
1129,1,272,41,282,51
1130,1,272,42,282,52
1131,1,269,38,280,49
1132,1,267,36,277,46
1133,1,266,35,276,45
1134,1,264,32,274,42
1135,1,263,30,273,40
1136,1,263,28,273,38
1137,1,261,25,272,36
1138,1,260,25,271,36
1139,1,258,25,269,36
1140,1,257,22,268,33
1141,1,256,21,267,32
1142,1,256,22,267,33
1143,1,255,19,266,30
1144,1,254,17,265,28
1145,1,253,20,264,31
1146,1,252,15,263,26
1147,1,251,13,262,24
1148,1,249,16,260,27
1149,1,248,11,259,22
1150,1,247,9,258,20
1151,1,245,12,256,23
1152,1,244,8,256,20
1153,1,244,10,256,22
1154,1,242,15,254,27
1155,1,242,7,254,19
1156,1,241,5,253,17
1157,1,241,9,253,21
1158,1,242,6,254,18
1159,1,243,1,255,13
1160,1,244,5,256,17
1161,1,245,4,257,16
1162,1,245,1,257,13
1163,1,246,-1,258,11
1164,1,245,0,257,12
1165,1,245,-3,257,9
1166,1,245,-4,257,8
1167,1,245,-4,257,8
1168,1,245,-4,257,8
1169,1,245,-4,257,8
1171,1,244,-6,256,6
1172,1,244,-6,257,7
1190,1,226,2,243,13
1191,1,226,10,242,21
1192,1,225,12,242,23
1193,1,224,20,240,31
1194,1,224,30,239,40
1195,1,224,36,240,46
1196,1,222,44,237,54
1197,1,222,56,237,66
1198,1,222,65,237,75
1199,1,221,69,236,79
1200,1,221,79,236,89
1201,1,220,90,235,100
1202,1,220,96,235,106
1203,1,219,104,235,114
1204,1,219,115,234,125
1205,1,218,119,233,129
1206,1,217,124,233,134
1207,1,217,133,233,143
1208,1,217,137,233,147
1209,1,217,144,233,154
1210,1,216,151,231,161
1211,1,216,153,232,163
1212,1,215,160,230,170
1213,1,216,165,231,175
1214,1,215,167,230,177
1215,1,217,173,232,183
1216,1,216,178,232,188
1217,1,217,179,232,189
1218,1,217,186,232,196
1219,1,218,189,233,199
1220,1,218,191,234,201
1221,1,219,198,235,208
1222,1,221,200,237,210
1223,1,221,203,236,213
1224,1,223,210,238,220
1225,1,223,208,238,218
1226,1,226,208,241,218
1227,1,227,210,242,220
1228,1,230,205,245,215
1229,1,231,206,247,216
1230,1,233,205,249,215
1231,1,238,197,251,207
1232,1,240,196,253,206
1233,1,243,196,256,206
1234,1,244,188,257,198
1235,1,247,184,260,194
1236,1,248,183,261,193
1237,1,251,177,264,187
1238,1,252,173,265,183
1239,1,254,171,267,181
1240,1,255,166,268,176
1241,1,256,161,269,171
1242,1,257,158,270,168
1243,1,258,153,271,163
1244,1,259,150,272,160
1245,1,260,148,273,158
1246,1,261,143,274,153
1247,1,262,141,275,151
1248,1,264,135,277,145
1249,1,264,130,277,140
1250,1,266,130,279,140
1251,1,267,124,280,134
1252,1,268,120,281,130
1253,1,270,118,283,128
1254,1,271,111,284,121
1255,1,271,108,284,118
1256,1,273,108,286,118
1257,1,274,101,287,111
1258,1,275,98,288,108
1259,1,276,96,289,106
1260,1,277,93,290,103
1261,1,278,95,291,105
1262,1,279,92,292,102
1263,1,279,86,292,96
1264,1,280,88,293,98
1265,1,281,86,294,96
1266,1,282,83,296,93
1267,1,283,85,296,95
1268,1,284,85,298,96
1269,1,285,81,298,91
1270,1,286,84,299,94
1271,1,288,84,301,94
1272,1,288,78,302,88
1273,1,289,80,303,90
1274,1,289,81,303,91
1275,1,289,75,302,85
1276,1,290,76,303,86
1277,1,290,77,304,88
1278,1,290,73,303,83
1279,1,291,74,304,84
1280,1,290,74,303,84
1281,1,290,72,303,82
1282,1,290,73,304,84
1283,1,290,73,303,83
1284,1,290,72,304,82
1285,1,290,73,303,83
1286,1,290,75,303,85
1287,1,290,76,301,86
1288,1,290,78,301,88
1289,1,290,84,301,94
1290,1,291,83,302,93
1291,1,291,85,302,95
1292,1,292,93,303,103
1293,1,292,95,303,105
1294,1,293,95,304,105
1295,1,294,99,305,109
1296,1,294,104,305,114
1297,1,295,106,306,116
1298,1,295,111,306,121
1299,1,296,115,307,125
1300,1,295,116,306,126
1301,1,296,123,307,133
1302,1,295,124,306,134
1303,1,296,129,307,139
1304,1,296,133,307,143
1305,1,296,129,307,139
1306,1,296,135,307,145
1307,1,296,140,307,150
1308,1,296,137,307,147
1309,1,296,137,307,147
1310,1,296,140,307,150
1311,1,296,139,307,149
1312,1,297,141,308,151
1313,1,296,139,307,149
1314,1,296,133,307,143
1315,1,296,138,307,148
1316,1,295,138,306,148
1317,1,295,132,306,142
1318,1,295,134,306,144
1319,1,295,133,306,143
1320,1,295,129,306,139
1321,1,294,130,305,140
1322,1,294,127,305,137
1323,1,294,129,305,139
1324,1,294,126,305,136
1325,1,294,123,305,133
1326,1,294,128,305,138
1327,1,294,127,305,137
1328,1,294,124,305,134
1329,1,295,130,306,140
1330,1,295,130,306,140
1331,1,294,129,305,139
1332,1,296,133,307,143
1333,1,295,132,306,142
1334,1,295,133,306,143
1335,1,296,137,307,147
1336,1,296,135,307,145
1337,1,296,135,307,145
1338,1,296,136,307,146
1339,1,296,136,307,146
1340,1,295,139,306,149
1341,1,295,140,306,150
1342,1,294,138,305,148
1343,1,294,137,305,147
1344,1,293,138,304,148
1345,1,292,138,303,148
1346,1,292,134,303,144
1347,1,290,132,301,142
1348,1,290,134,301,144
1349,1,289,132,300,142
1350,1,288,132,299,142
1351,1,287,136,298,146
1352,1,287,135,298,145
1353,1,288,132,299,142
1354,1,289,132,300,142
1355,1,289,134,300,144
1356,1,290,134,301,144
1357,1,290,133,301,143
1358,1,292,134,303,144
1359,1,293,126,304,136
1360,1,295,120,306,130
1361,1,296,125,307,135
1362,1,299,122,310,132
1363,1,299,116,310,126
1364,1,301,116,312,126
1365,1,303,112,314,122
1366,1,304,105,315,115
1367,1,306,109,317,119
1368,1,308,104,319,114
1369,1,310,97,321,107
1370,1,312,96,323,106
1371,1,315,94,326,104
1372,1,317,92,328,102
1373,1,319,92,330,102
1374,1,320,90,331,100
1375,1,323,91,334,101
1376,1,325,90,336,100
1377,1,328,89,339,99
1378,1,329,93,340,103
1379,1,331,94,342,104
1380,1,334,95,345,105
1381,1,335,100,346,110
1382,1,335,99,346,109
1383,1,336,100,347,110
1384,1,336,108,347,118
1385,1,337,111,348,121
1386,1,336,114,347,124
1387,1,335,121,346,131
1388,1,335,125,346,135
1389,1,334,128,345,138
1390,1,333,134,344,144
1391,1,332,136,343,146
1392,1,331,140,342,150
1393,1,330,146,341,156
1394,1,330,146,341,156
1395,1,329,148,340,158
1396,1,329,153,340,163
1397,1,330,151,341,161
1398,1,329,153,340,163
1399,1,330,155,341,165
1400,1,331,152,342,162
1401,1,331,152,342,162
1402,1,331,155,342,165
1403,1,332,154,343,164
1404,1,332,153,343,163
1405,1,333,152,344,162
1406,1,333,157,344,167
1407,1,333,155,344,165
1408,1,333,154,344,164
1409,1,333,159,344,169
1410,1,333,159,344,169
1411,1,333,157,344,167
1412,1,333,159,344,169
1413,1,333,159,344,169
1414,1,333,159,344,169
1415,1,332,160,343,170
1416,1,333,160,344,170
1417,1,332,159,343,169
1418,1,332,160,343,170
1419,1,332,160,343,170
1420,1,332,162,343,172
1421,1,331,162,342,172
1422,1,332,160,343,170
1423,1,331,161,342,171
1424,1,331,163,342,173
1425,1,330,164,341,174
1426,1,329,164,340,174
1427,1,330,161,341,171
1428,1,329,164,340,174
1429,1,328,163,339,173
1430,1,328,162,339,172
1431,1,328,164,339,174
1432,1,327,165,338,175
1433,1,327,162,338,172
1434,1,327,164,338,174
1435,1,327,163,338,173
1436,1,326,159,337,169
1437,1,325,162,336,172
1438,1,325,163,336,173
1439,1,325,163,336,173
1440,1,325,162,336,172
1441,1,325,165,336,175
1442,1,324,164,335,174
1443,1,324,165,335,175
1444,1,323,167,334,177
1445,1,323,166,334,176
1446,1,323,166,334,176
1447,1,323,169,334,179
1448,1,323,170,334,180
1449,1,322,170,333,180
1450,1,323,170,334,180
1451,1,322,173,333,183
1452,1,323,173,334,183
1453,1,322,173,333,183
1454,1,322,176,333,186
1455,1,323,174,334,184
1456,1,323,173,334,183
1457,1,323,177,334,187
1458,1,323,175,334,185
1459,1,323,174,334,184
1460,1,323,178,334,188
1461,1,323,178,334,188
1462,1,323,176,334,186
1463,1,324,175,335,185
1464,1,323,175,334,185
1465,1,324,173,335,183
1466,1,323,173,334,183
1467,1,324,174,335,184
1468,1,324,171,335,181
1469,1,324,166,335,176
1470,1,324,169,335,179
1471,1,324,169,335,179
1472,1,324,166,335,176
1473,1,324,167,335,177
1474,1,324,167,335,177
1475,1,324,167,335,177
1476,1,325,164,336,174
1477,1,325,163,336,173
1478,1,326,165,337,175
1479,1,326,165,337,175
1480,1,326,163,337,173
1481,1,326,163,337,173
1482,1,327,165,338,175
1483,1,326,163,337,173
1484,1,326,164,337,174
1485,1,326,163,337,173
1486,1,326,162,337,172
1487,1,326,168,337,178
1488,1,326,163,337,173
1489,1,325,156,336,166
1490,1,325,160,336,170
1491,1,325,164,336,174
1492,1,324,161,335,171
1493,1,324,164,335,174
1494,1,324,164,335,174
1495,1,323,162,334,172
1496,1,324,163,335,173
1497,1,323,159,334,169
1498,1,323,160,334,170
1499,1,323,158,334,168
1500,1,322,153,333,163
1501,1,322,154,333,164
1502,1,320,151,331,161
1503,1,320,149,331,159
1504,1,319,149,330,159
1505,1,319,148,330,158
1506,1,319,145,330,155
1507,1,318,141,329,151
1508,1,318,145,329,155
1509,1,318,143,329,153
1510,1,317,135,328,145
1511,1,317,136,328,146
1512,1,318,138,329,148
1513,1,317,131,328,141
1514,1,317,127,328,137
1515,1,318,126,329,136
1516,1,317,121,328,131
1517,1,317,121,328,131
1518,1,317,117,328,127
1519,1,317,113,328,123
1520,1,318,115,329,125
1521,1,317,114,328,124
1522,1,318,111,329,121
1523,1,318,111,329,121
1524,1,318,111,329,121
1525,1,318,108,329,118
1526,1,317,108,328,118
1527,1,318,109,329,119
1528,1,317,109,328,119
1529,1,318,112,329,122
1530,1,318,112,329,122
1531,1,317,116,328,126
1532,1,317,120,328,130
1533,1,318,121,329,131
1534,1,318,124,329,134
1535,1,318,131,329,141
1536,1,317,133,328,143
1537,1,317,137,328,147
1538,1,317,142,328,152
1539,1,317,148,328,158
1540,1,316,149,327,159
1541,1,316,152,327,162
1542,1,316,157,327,167
1543,1,315,160,326,170
1544,1,316,163,327,173
1545,1,316,167,327,177
1546,1,315,168,326,178
1547,1,315,171,326,181
1548,1,315,173,326,183
1549,1,314,175,325,185
1550,1,314,174,325,184
1551,1,314,177,325,187
1552,1,314,180,325,190
1553,1,314,177,325,187
1554,1,314,179,325,189
1555,1,314,179,325,189
1556,1,314,176,325,186
1557,1,315,180,326,190
1558,1,315,179,326,189
1559,1,315,176,326,186
1560,1,315,180,326,190
1561,1,316,178,327,188
1562,1,317,173,328,183
1563,1,317,176,328,186
1564,1,318,178,329,188
1565,1,319,172,330,182
1566,1,319,172,330,182
1567,1,320,173,331,183
1568,1,320,169,331,179
1569,1,320,170,331,180
1570,1,321,172,332,182
1571,1,321,170,332,180
1572,1,321,168,333,179
1573,1,321,169,333,180
1574,1,320,168,332,179
1575,1,321,166,333,177
1576,1,321,168,333,179
1577,1,321,164,333,175
1578,1,321,163,333,174
1579,1,321,167,333,178
1580,1,321,164,333,175
1581,1,321,162,333,173
1582,1,321,163,333,174
1583,1,321,161,333,172
1584,1,322,158,334,169
1585,1,322,159,334,170
1586,1,322,159,334,170
1587,1,322,156,334,167
1588,1,322,158,335,169
1589,1,322,156,335,168
1590,1,322,155,335,167
1591,1,322,155,335,167
1592,1,322,154,335,166
1593,1,323,152,336,164
1594,1,322,151,335,163
1595,1,323,152,336,164
1596,1,324,151,337,163
1597,1,324,150,338,162
1598,1,325,152,338,164
1599,1,326,149,339,161
1600,1,326,150,340,162
1601,1,327,152,341,165
1602,1,328,147,342,159
1603,1,328,147,342,160
1604,1,330,150,344,163
1605,1,330,146,344,158
1606,1,331,146,345,158
1607,1,333,148,347,161
1608,1,334,144,348,157
1609,1,334,140,348,153
1610,1,336,142,350,155
1611,1,336,142,350,155
1612,1,336,138,350,151
1613,1,337,139,351,152
1614,1,338,142,352,155
1615,1,339,136,353,149
1616,1,339,135,353,148
1617,1,341,138,355,151
1618,1,341,135,355,148
1619,1,342,134,356,147
1620,1,342,137,356,150
1621,1,342,133,356,146
1622,1,343,133,357,146
1623,1,344,137,358,150
1624,1,344,133,358,146
1625,1,344,132,358,145
1626,1,344,135,358,148
1627,1,344,135,358,148
1628,1,344,134,358,147
1629,1,344,135,358,148
1630,1,344,134,362,148
1631,1,344,135,362,149
1632,1,344,135,362,149
1633,1,344,137,362,151
1634,1,343,139,361,153
1635,1,344,138,362,152
1636,1,343,137,361,151
1637,1,344,143,362,157
1638,1,344,142,363,156
1639,1,344,141,363,155
1640,1,344,145,363,159
1641,1,344,147,363,162
1642,1,344,146,363,160
1643,1,344,149,363,164
1644,1,345,151,364,166
1645,1,345,150,364,165
1646,1,345,155,364,169
1647,1,345,160,364,175
1648,1,345,157,364,171
1649,1,344,158,362,172
1650,1,344,157,362,171
1651,1,345,150,363,164
1652,1,345,149,363,163
1653,1,346,149,364,163
1654,1,346,141,364,155
1655,1,346,140,364,154
1656,1,346,136,364,150
1657,1,345,129,363,143
1658,1,345,129,363,143
1659,1,345,126,363,140
1660,1,345,122,363,136
1661,1,344,125,362,139
1662,1,343,126,361,140
1663,1,342,123,360,137
1664,1,342,124,360,138
1665,1,341,127,359,141
1666,1,341,125,359,139
1667,1,341,124,359,138
1668,1,340,127,358,141
1669,1,339,126,357,140
1670,1,339,126,357,140
1671,1,338,129,356,143
1672,1,337,126,355,140
1673,1,337,128,355,142
1674,1,336,129,354,143
1675,1,337,126,355,140
1676,1,336,123,354,137
1677,1,336,128,354,142
1678,1,336,122,354,136
1679,1,336,116,354,130
1680,1,336,118,354,132
1681,1,336,119,354,133
1682,1,336,116,354,130
1683,1,337,118,355,132
1684,1,336,115,354,129
1685,1,337,115,355,129
1686,1,336,117,354,131
1687,1,336,114,354,128
1688,1,335,112,353,126
1689,1,336,113,353,127
1690,1,336,116,353,129
1691,1,336,117,353,130
1692,1,336,115,352,127
1693,1,336,121,352,133
1694,1,335,124,351,136
1695,1,334,120,350,132
1696,1,334,119,350,131
1697,1,334,124,350,136
1698,1,334,123,350,135
1699,1,333,121,349,133
1700,1,333,127,349,139
1701,1,332,126,348,138
1702,1,331,124,347,136
1703,1,331,128,347,140
1704,1,330,129,346,141
1705,1,331,128,347,141
1706,1,330,132,346,145
1707,1,331,135,347,148
1708,1,330,134,347,147
1709,1,330,133,346,146
1710,1,330,136,346,149
1711,1,329,136,345,149
1712,1,328,135,345,148
1713,1,328,138,344,151
1714,1,327,139,344,152
1715,1,327,138,344,151
1716,1,327,144,344,157
1717,1,326,143,343,156
1718,1,326,140,343,153
1719,1,325,146,342,159
1720,1,325,145,342,158
1721,1,324,141,341,154
1722,1,324,148,341,161
1723,1,324,149,341,162
1724,1,323,145,340,158
1725,1,323,151,340,164
1726,1,322,151,339,164
1727,1,323,154,339,167
1728,1,322,159,338,172
1729,1,321,162,337,175
1730,1,321,165,337,177
1731,1,319,169,335,182
1732,1,319,174,335,187
1733,1,319,176,335,189
1734,1,319,178,335,191
1735,1,318,180,334,193
1736,1,318,181,334,193
1737,1,316,187,332,200
1738,1,315,184,331,196
1739,1,315,187,331,200
1740,1,315,195,331,207
1741,1,314,195,330,208
1742,1,313,196,329,209
1743,1,312,196,328,209
1744,1,310,197,326,210
1745,1,310,199,326,212
1746,1,309,201,326,214
1747,1,308,201,325,214
1748,1,307,204,324,217
1749,1,306,203,323,216
1750,1,306,204,323,217
1751,1,305,209,321,222
1752,1,305,208,321,221
1753,1,303,209,320,222
1754,1,304,213,320,226
1755,1,302,212,319,225
1756,1,302,216,319,229
1757,1,302,218,319,231
1758,1,301,218,318,231
1759,1,301,224,318,236
1760,1,300,227,317,239
1761,1,299,224,316,236
1762,1,299,229,316,241
1763,1,299,233,316,245
1764,1,298,228,315,240
1765,1,298,230,315,242
1766,1,298,231,315,243
1767,1,297,231,314,243
1768,1,297,232,314,244
1769,1,296,231,313,243
1770,1,296,231,313,243
1771,1,295,230,312,242
1772,1,296,231,313,243
1773,1,295,231,312,243
1774,1,295,231,312,243
1775,1,294,230,311,242
1776,1,294,231,311,243
1777,1,293,229,310,241
1778,1,293,229,310,241
1779,1,293,227,310,239
1780,1,293,225,310,237
1781,1,293,227,310,239
1782,1,292,226,309,238
1783,1,291,222,308,234
1784,1,291,222,308,234
1785,1,290,222,307,234
1786,1,290,219,307,231
1787,1,290,220,307,232
1788,1,289,217,305,229
1789,1,288,208,304,219
1790,1,287,206,304,218
1791,1,287,202,303,214
1792,1,286,197,303,209
1793,1,286,196,303,208
1794,1,285,193,301,205
1795,1,284,191,300,203
1796,1,283,193,299,204
1797,1,282,187,299,199
1798,1,281,186,297,197
1799,1,281,188,294,200
1800,1,280,182,293,194
1801,1,279,177,292,189
1802,1,278,178,291,190
1803,1,278,177,291,189
1804,1,276,175,289,187
1805,1,275,174,288,186
1806,1,274,175,287,187
1807,1,274,174,287,186
1808,1,273,173,286,185
1809,1,273,175,285,186
1810,1,272,173,285,185
1811,1,271,175,284,187
1812,1,271,179,284,191
1813,1,270,178,283,190
1814,1,270,181,283,193
1815,1,268,184,281,196
1816,1,269,184,282,196
1817,1,267,187,280,199
1818,1,267,191,280,203
1819,1,266,192,279,204
1820,1,267,194,280,206
1821,1,265,199,279,212
1822,1,266,201,279,213
1823,1,265,205,279,218
1824,1,265,206,279,219
1825,1,265,206,279,219
1826,1,265,209,279,222
1827,1,264,211,278,224
1828,1,265,211,278,223
1829,1,265,216,279,229
1830,1,265,217,279,230
1831,1,265,217,279,230
1832,1,265,223,278,235
1833,1,266,222,280,235
1834,1,265,220,279,233
1835,1,266,224,279,236
1836,1,266,226,279,238
1837,1,267,229,281,242
1838,1,267,229,281,242
1839,1,268,232,282,244
1840,1,269,237,282,249
1841,1,268,237,281,249
1842,1,269,238,282,250
1843,1,269,243,283,256
1844,1,271,244,285,256
1845,1,271,246,285,259
1936,1,406,217,419,228
1937,1,406,211,419,222
1938,1,407,206,421,218
1939,1,407,198,421,210
1940,1,408,192,422,204
1941,1,408,189,422,201
1942,1,409,180,423,192
1943,1,410,172,424,184
1944,1,411,175,424,186
1945,1,412,170,426,181
1946,1,412,161,425,172
1947,1,412,158,425,169
1948,1,412,155,426,167
1949,1,412,155,425,166
1950,1,412,154,425,165
1951,1,413,151,426,162
1952,1,412,153,425,164
1953,1,413,155,426,166
1954,1,413,152,426,163
1955,1,412,153,425,164
1956,1,412,160,425,171
1957,1,413,157,425,168
1958,1,413,158,426,169
1959,1,413,165,425,175
1960,1,414,169,426,179
1961,1,414,163,427,174
1962,1,414,165,426,175
1963,1,415,172,427,182
1964,1,415,168,427,178
1965,1,416,168,428,178
1966,1,417,168,429,178
1967,1,417,166,429,176
1968,1,419,170,431,180
1969,1,419,169,431,179
1970,1,421,169,433,179
1971,1,421,170,433,180
1972,1,422,170,434,180
1973,1,423,169,435,179
1974,1,424,170,436,180
1975,1,425,168,437,178
1976,1,426,167,438,177
1977,1,427,170,439,180
1978,1,427,168,439,178
1979,1,428,164,440,174
1980,1,429,165,441,175
1981,1,429,168,441,178
1982,1,430,166,442,176
1983,1,430,167,442,177
1984,1,431,169,443,179
1985,1,431,172,443,182
1986,1,432,174,444,184
1987,1,432,177,444,187
1988,1,433,181,445,191
1989,1,433,187,445,197
1990,1,434,191,446,201
1991,1,434,192,446,202
1992,1,433,198,445,208
1993,1,433,203,445,213
1994,1,433,205,445,215
1995,1,434,212,446,222
1996,1,434,213,446,223
1997,1,434,217,446,227
1998,1,434,224,446,234
1999,1,434,226,446,236
2000,1,434,232,446,242
2001,1,433,237,445,247
2002,1,433,241,445,251
2003,1,434,245,446,255
2004,1,434,250,446,260
2005,1,435,251,447,261
2006,1,435,253,447,263
2007,1,436,255,448,265
2008,1,436,256,448,266
2009,1,437,259,450,270
2010,1,438,261,450,271
2011,1,439,262,451,272
2012,1,441,264,454,275
2013,1,442,264,455,275
2014,1,443,267,455,277
2015,1,443,271,455,281
2016,1,445,269,457,279
2017,1,445,265,457,275
2018,1,446,272,458,282
2019,1,447,274,459,284
2020,1,447,269,459,279
2021,1,448,273,460,283
2022,1,448,271,460,282
2023,1,447,263,459,273
2024,1,447,264,460,275
2025,1,447,260,459,270
2026,1,446,249,459,260
2027,1,445,246,458,257
2028,1,444,239,457,250
2029,1,443,231,456,242
2030,1,442,228,455,239
2031,1,440,224,453,235
2032,1,439,220,452,231
2033,1,437,218,450,229
2034,1,436,215,449,226
2035,1,434,215,447,226
2036,1,433,215,446,226
2037,1,430,217,443,228
2038,1,428,219,441,230
2039,1,425,220,438,231
2040,1,424,226,436,236
2041,1,421,226,433,236
2042,1,419,229,431,239
2043,1,417,234,429,244
2044,1,413,234,425,244
2045,1,411,238,423,248
2046,1,408,242,420,252
2047,1,406,243,418,253
2048,1,404,247,416,257
2049,1,402,250,414,260
2050,1,399,250,411,260
2051,1,397,253,410,264
2052,1,394,253,406,264
2053,1,391,255,404,266
2054,1,389,256,402,267
2055,1,387,254,400,265
2056,1,384,258,397,269
2057,1,382,256,395,267
2058,1,379,256,392,267
2059,1,376,259,389,270
2060,1,373,256,386,267
2061,1,371,256,385,268
2062,1,368,259,380,269
2063,1,365,255,377,265
2064,1,363,255,376,266
2065,1,361,256,374,267
2066,1,359,252,372,263
2067,1,357,252,370,263
2068,1,355,253,368,264
2069,1,352,248,365,259
2070,1,351,248,363,259
2071,1,349,246,361,256
2072,1,347,240,360,251
2073,1,345,238,358,249
2074,1,344,236,357,247
2075,1,342,231,355,242
2076,1,340,229,353,240
2077,1,339,228,352,239
2078,1,337,225,350,236
2079,1,336,223,349,234
2080,1,333,220,345,231
2081,1,332,216,345,227
2082,1,330,217,343,228
2083,1,329,215,341,225
2084,1,326,211,338,222
2085,1,325,214,337,224
2086,1,323,215,335,225
2087,1,322,213,334,224
2088,1,320,216,332,226
2089,1,318,217,330,227
2090,1,317,214,329,224
2091,1,315,215,327,225
2092,1,314,215,326,225
2093,1,312,213,324,224
2094,1,311,215,324,226
2095,1,310,212,323,223
2096,1,309,214,322,225
2097,1,308,215,321,226
2098,1,308,212,321,223
2099,1,307,212,320,223
2100,1,307,212,320,223
2101,1,307,210,320,221
2102,1,305,208,318,219
2103,1,305,211,318,222
2104,1,304,210,316,221
2105,1,305,207,318,218
2106,1,304,208,316,218
2107,1,304,208,316,218
2108,1,303,207,315,217
2109,1,304,208,316,218
2110,1,303,207,315,217
2111,1,302,206,314,216
2112,1,302,206,314,216
2113,1,301,204,313,214
2114,1,300,203,312,213
2115,1,300,208,312,218
2116,1,298,204,310,214
2117,1,297,203,309,213
2118,1,296,203,308,213
2119,1,296,201,308,211
2120,1,294,201,306,211
2121,1,293,200,305,210
2122,1,291,198,303,208
2123,1,291,198,303,208
2124,1,289,197,301,207
2125,1,288,195,300,205
2126,1,286,196,298,206
2127,1,285,194,297,204
2128,1,283,191,296,202
2129,1,282,192,294,203
2130,1,280,191,293,202
2131,1,279,189,291,199
2132,1,277,190,289,200
2133,1,276,193,288,203
2134,1,275,189,287,199
2135,1,273,187,285,197
2136,1,272,189,284,199
2137,1,270,189,282,199
2138,1,269,184,281,194
2139,1,267,182,279,192
2140,1,267,184,279,194
2141,1,264,182,276,193
2142,1,263,177,275,187
2143,1,262,178,274,188
2144,1,261,176,273,186
2145,1,259,172,271,182
2146,1,258,173,270,183
2147,1,257,171,269,181
2148,1,256,168,268,178
2149,1,254,171,266,181
2150,1,253,169,265,179
2151,1,251,165,263,175
2152,1,250,168,262,178
2153,1,249,168,261,178
2154,1,248,166,260,176
2155,1,247,171,259,181
2156,1,245,168,257,178
2157,1,245,168,257,178
2158,1,244,172,256,182
2159,1,242,172,254,182
2160,1,241,171,253,181
2161,1,239,173,251,183
2162,1,238,174,250,184
2163,1,237,174,249,184
2164,1,235,178,247,188
2165,1,233,177,245,187
2166,1,232,175,244,185
2167,1,230,179,242,190
2168,1,229,181,242,192
2169,1,228,178,241,189
2341,1,197,126,207,136
2342,1,198,122,208,132
2343,1,197,124,207,134
2344,1,199,125,209,135
2345,1,200,124,210,134
2346,1,201,126,211,136
2347,1,203,125,213,135
2348,1,203,126,213,136
2349,1,205,125,215,135
2350,1,205,126,215,136
2351,1,208,129,218,139
2352,1,208,129,218,139
2353,1,210,129,220,139
2354,1,211,133,221,143
2355,1,213,131,223,141
2356,1,213,132,223,142
2357,1,215,137,225,147
2358,1,214,134,224,144
2359,1,216,136,226,146
2360,1,217,139,227,149
2361,1,217,137,227,147
2362,1,219,143,229,153
2363,1,218,144,228,154
2364,1,219,144,229,154
2365,1,219,149,229,159
2366,1,220,151,230,161
2367,1,219,150,229,160
2368,1,222,155,232,165
2369,1,221,154,231,164
2370,1,222,155,232,165
2371,1,222,158,232,168
2372,1,223,157,233,167
2373,1,224,159,234,169
2374,1,225,161,235,171
2375,1,226,158,236,168
2376,1,226,160,236,170
2377,1,227,160,237,170
2378,1,228,158,238,168
2379,1,229,159,239,169
2380,1,230,159,240,169
2381,1,231,156,241,166
2382,1,231,157,241,167
2383,1,232,157,242,167
2384,1,232,153,242,163
2385,1,233,156,243,166
2386,1,234,155,244,165
2387,1,235,155,245,165
2388,1,235,156,245,166
2389,1,236,156,246,166
2390,1,236,159,246,169
2391,1,236,161,246,171
2392,1,236,161,246,171
2393,1,237,167,247,177
2394,1,238,169,248,179
2395,1,238,171,248,181
2396,1,239,174,249,184
2397,1,240,176,250,186
2398,1,240,176,250,186
2399,1,240,180,250,190
2400,1,241,181,251,191
2401,1,241,181,251,191
2402,1,242,185,252,195
2403,1,243,186,253,196
2404,1,243,187,253,197
2405,1,244,189,254,199
2406,1,245,189,255,199
2407,1,245,190,255,200
2408,1,245,192,255,202
2409,1,245,195,255,205
2410,1,245,195,255,205
2411,1,246,197,256,207
2412,1,245,199,255,209
2413,1,245,200,255,210
2414,1,244,202,254,212
2415,1,246,203,256,213
2416,1,246,206,256,216
2417,1,246,207,256,217
2418,1,245,206,255,216
2419,1,246,207,256,217
2420,1,246,208,256,218
2421,1,246,208,256,218
2422,1,245,207,255,217
2423,1,246,209,256,219
2424,1,246,209,256,219
2425,1,247,206,257,216
2426,1,248,207,258,217
2427,1,248,207,258,217
2428,1,249,202,259,212
2429,1,250,205,260,215
2430,1,251,205,261,215
2431,1,252,200,262,210
2432,1,253,202,263,212
2433,1,254,202,264,212
2434,1,255,198,265,208
2435,1,255,197,265,207
2436,1,256,202,266,212
2437,1,255,201,265,211
2438,1,256,199,266,209
2439,1,256,198,266,208
2440,1,256,198,266,208
2441,1,256,200,266,210
2442,1,255,198,265,208
2443,1,256,195,266,205
2444,1,255,195,265,205
2445,1,255,193,266,204
2446,1,255,190,265,200
2447,1,255,189,265,199
2448,1,254,186,264,196
2449,1,254,184,264,194
2450,1,253,184,263,194
2451,1,253,179,263,189
2452,1,253,181,263,191
2453,1,251,179,261,189
2454,1,251,172,261,182
2455,1,250,172,260,182
2456,1,250,171,260,181
2457,1,249,168,259,178
2458,1,249,171,259,181
2459,1,248,168,258,178
2460,1,247,166,257,176
2461,1,246,169,256,179
2462,1,245,167,255,177
2463,1,244,166,254,176
2464,1,242,167,252,177
2465,1,241,163,251,173
2466,1,240,165,250,175
2467,1,239,164,249,174
2468,1,238,162,248,172
2469,1,237,164,247,174
2470,1,236,160,246,170
2471,1,235,160,245,170
2472,1,234,160,244,170
2473,1,233,156,243,166
2474,1,232,155,242,165
2475,1,232,156,242,166
2476,1,231,153,241,163
2477,1,231,154,241,164
2478,1,230,152,240,162
2479,1,229,150,239,160
2480,1,228,152,238,162
2481,1,228,151,238,161
2482,1,226,147,236,157
2483,1,226,147,236,157
2484,1,226,149,236,159
2485,1,225,148,235,158
2486,1,225,149,235,159
2487,1,225,149,235,159
2488,1,224,150,234,160
2489,1,224,152,234,162
2490,1,223,152,233,162
2491,1,223,152,233,162
2492,1,223,155,233,165
2493,1,223,155,233,165
2494,1,223,154,233,164
2495,1,224,154,234,164
2496,1,224,155,234,165
2497,1,224,155,234,165
2498,1,224,154,234,164
2499,1,224,153,234,163
2500,1,224,155,234,165
2501,1,224,154,234,164
2502,1,224,152,234,162
2503,1,224,157,234,167
2504,1,224,157,234,167
2505,1,224,154,234,164
2506,1,225,158,235,168
2507,1,225,162,235,172
2508,1,225,160,235,170
2509,1,225,158,235,168
2510,1,226,161,236,171
2511,1,225,164,235,174
2512,1,225,162,235,172
2513,1,225,165,235,175
2514,1,226,168,236,178
2515,1,226,165,236,175
2516,1,226,169,236,179
2517,1,226,170,236,180
2518,1,226,166,236,176
2519,1,225,166,235,176
2520,1,225,172,235,182
2521,1,225,170,235,180
2522,1,225,165,235,175
2523,1,225,167,235,177
2524,1,226,170,236,180
2525,1,225,168,235,178
2526,1,225,169,235,179
2527,1,224,173,234,183
2528,1,224,170,234,180
2529,1,224,173,234,183
2530,1,224,178,234,188
2531,1,224,181,234,191
2532,1,223,178,233,188
2533,1,224,179,234,189
2534,1,222,180,232,190
2535,1,223,179,233,189
2536,1,222,182,232,192
2537,1,222,181,232,191
2538,1,223,180,233,190
2539,1,224,183,234,193
2540,1,225,184,235,194
2541,1,225,181,235,191
2542,1,227,181,237,191
2543,1,227,185,237,195
2544,1,229,184,239,194
2545,1,229,183,239,193
2546,1,231,184,241,194
2547,1,232,185,242,195
2548,1,234,182,244,192
2549,1,235,183,245,193
2550,1,237,189,247,199
2551,1,238,184,248,194
2552,1,241,184,251,194
2553,1,243,189,253,199
2554,1,244,185,254,195
2555,1,247,181,257,191
2556,1,249,185,259,195
2557,1,251,184,261,194
2558,1,252,183,262,193
2559,1,254,187,264,197
2560,1,255,186,265,196
2561,1,256,182,266,192
2562,1,258,184,268,194
2563,1,258,184,268,194
2564,1,259,184,269,194
2565,1,259,184,269,194
2566,1,260,183,270,193
2567,1,259,186,269,196
2568,1,260,182,270,192
2569,1,259,180,269,190
2570,1,261,184,271,194
2571,1,259,182,269,192
2572,1,260,180,270,190
2573,1,259,179,269,189
2574,1,259,178,269,188
2575,1,259,175,269,185
2576,1,259,174,269,184
2577,1,260,174,270,184
2578,1,259,172,269,182
2579,1,260,173,270,183
2580,1,260,172,270,182
2581,1,262,171,272,181
2582,1,262,171,272,181
2583,1,263,171,273,181
2584,1,264,169,274,179
2585,1,265,167,275,177
2586,1,267,168,277,178
2587,1,268,165,278,175
2588,1,270,161,280,171
2589,1,270,161,280,171
2590,1,272,161,282,171
2591,1,273,159,283,169
2592,1,275,161,285,171
2593,1,276,158,286,168
2594,1,278,154,288,164
2595,1,279,154,289,164
2596,1,279,155,289,165
2597,1,281,152,291,162
2598,1,281,154,291,164
2599,1,283,152,293,162
2600,1,284,149,294,159
2601,1,286,151,296,161
2602,1,285,151,295,161
2603,1,288,151,298,161
2604,1,288,154,298,164
2605,1,290,154,300,164
2606,1,291,158,301,168
2607,1,292,161,302,171
2608,1,292,160,302,170
2609,1,294,163,304,173
2610,1,294,168,304,178
2611,1,295,166,305,176
2612,1,295,168,305,178
2613,1,296,173,306,183
2614,1,296,170,306,180
2615,1,296,172,306,182
2616,1,296,176,306,186
2617,1,296,172,306,182
2618,1,296,175,306,185
2619,1,296,178,306,188
2620,1,296,175,306,185
2621,1,295,177,305,187
2622,1,294,179,304,189
2623,1,293,177,303,187
2624,1,293,178,303,188
2625,1,293,178,303,188
2626,1,293,178,303,188
2627,1,292,179,302,189
2628,1,292,181,302,191
2629,1,291,183,301,193
2630,1,291,183,301,193
2631,1,291,185,301,195
2632,1,291,190,301,200
2633,1,291,191,301,201
2634,1,291,190,301,200
2635,1,292,195,302,205
2636,1,292,198,302,208
2637,1,293,196,303,206
2638,1,293,200,303,210
2639,1,294,205,304,215
2640,1,295,205,305,215
2641,1,296,208,306,218
2642,1,297,210,307,220
2643,1,298,210,308,220
2644,1,300,213,310,223
2645,1,300,218,310,228
2646,1,302,219,312,229
2647,1,303,221,313,231
2648,1,305,227,315,237
2649,1,306,229,316,239
2650,1,308,235,318,245
2651,1,310,240,320,250
2652,1,311,243,321,253
2653,1,313,249,323,259
2654,1,315,252,326,263
2655,1,317,251,328,262
2656,1,319,258,329,268
2657,1,321,261,331,271
2658,1,324,262,334,272
2659,1,326,266,336,276
2660,1,329,267,339,277
2661,1,331,267,341,277
2662,1,334,271,344,281
2663,1,337,273,347,283
2664,1,340,274,350,284
2665,1,343,276,353,286
2666,1,346,276,356,286
2667,1,349,274,359,284
2668,1,351,276,361,286
2669,1,354,275,364,285
2670,1,356,275,366,285
2671,1,359,272,369,282
2672,1,362,272,372,282
2673,1,364,271,374,281
2674,1,366,269,376,279
2782,1,361,137,371,147
2783,1,361,138,371,148
2784,1,361,137,371,147
2785,1,360,137,370,147
2786,1,360,141,370,151
2787,1,360,140,370,150
2788,1,359,141,369,151
2789,1,359,143,369,153
2790,1,358,144,368,154
2791,1,358,146,368,156
3067,1,321,143,331,153
3068,1,323,140,333,150
3069,1,325,145,335,155
3070,1,327,144,337,154
3071,1,329,142,339,152
3072,1,330,147,340,157
3073,1,332,143,342,153
3074,1,335,142,345,152
3075,1,340,143,350,153
3076,1,343,142,353,152
3077,1,345,145,355,155
3078,1,350,144,360,154
3079,1,352,148,362,158
3080,1,359,148,369,158
3081,1,363,145,374,156
3082,1,365,145,376,156
3083,1,370,146,381,157
3084,1,376,147,387,158
3085,1,377,149,388,160
3086,1,379,147,390,158
3087,1,380,149,391,160
3088,1,382,148,392,158
3089,1,383,145,394,156
3090,1,384,148,395,159
3091,1,384,146,395,157
3092,1,385,146,396,157
3093,1,387,149,398,160
3094,1,387,146,398,157
3095,1,388,147,399,158
3096,1,389,147,400,158
3097,1,389,146,400,157
3098,1,389,149,400,160
3099,1,390,148,401,159
3100,1,390,148,401,159
3101,1,391,151,402,162
3102,1,391,154,402,165
3103,1,391,158,402,169
3104,1,391,161,402,172
3105,1,392,166,403,177
3106,1,392,173,403,184
3107,1,393,177,404,188
3108,1,392,183,404,195
3109,1,393,190,404,201
3110,1,394,195,405,206
3111,1,395,204,407,214
3112,1,395,208,407,218
3113,1,396,212,408,222
3114,1,397,218,409,228
3115,1,398,220,410,230
3116,1,399,225,411,235
3117,1,400,227,412,237
3118,1,401,228,413,238
3119,1,402,229,414,239
3120,1,403,229,415,239
3121,1,404,232,416,242
3122,1,405,231,417,241
3123,1,407,230,419,240
3124,1,407,229,419,239
3125,1,409,230,421,240
3126,1,409,227,421,237
3127,1,411,227,423,237
3128,1,412,227,424,237
3129,1,413,223,425,233
3130,1,415,223,428,234
3131,1,415,219,428,230
3132,1,416,219,429,230
3133,1,418,220,431,231
3134,1,419,214,431,224
3135,1,420,216,432,226
3136,1,421,215,433,225
3137,1,421,210,433,220
3138,1,422,212,434,222
3139,1,422,210,435,221
3140,1,423,207,436,218
3141,1,424,208,437,219
3142,1,424,207,437,217
3143,1,424,200,437,210
3144,1,424,201,437,212
3145,1,424,199,436,209
3146,1,424,193,436,203
3147,1,424,194,436,204
3148,1,425,192,437,202
3149,1,424,189,436,199
3150,1,424,190,436,200
3151,1,424,187,436,197
3152,1,424,185,437,195
3153,1,424,186,436,196
3154,1,423,184,435,194
3155,1,423,182,435,192
3156,1,422,182,434,192
3157,1,423,184,435,194
3158,1,422,182,434,192
3159,1,422,184,435,194
3160,1,421,187,433,197
3161,1,421,187,433,197
3162,1,420,188,432,198
3163,1,420,191,432,201
3164,1,419,192,431,202
3165,1,419,194,432,204
3166,1,418,195,431,205
3167,1,417,196,430,207
3168,1,416,198,429,209
3169,1,416,198,429,209
3170,1,415,200,428,211
3171,1,414,201,427,212
3172,1,413,203,426,214
3173,1,412,206,425,217
3174,1,412,207,425,218
3175,1,410,208,423,219
3176,1,410,209,423,219
3177,1,408,210,420,220
3178,1,407,212,419,222
3179,1,406,215,419,225
3180,1,405,216,417,226
3181,1,403,218,415,228
3182,1,403,219,415,229
3183,1,401,218,414,229
3184,1,400,221,412,231
3185,1,398,221,411,232
3186,1,398,222,411,233
3187,1,397,224,409,234
3188,1,396,224,409,235
3189,1,394,225,407,236
3190,1,394,228,406,238
3191,1,393,229,405,239
3192,1,392,229,404,239
3193,1,391,229,404,240
3194,1,390,230,403,240
3195,1,390,229,403,240
3196,1,389,230,402,241
3197,1,389,232,402,243
3198,1,388,232,401,243
3199,1,388,234,401,245
3200,1,388,234,401,245
3201,1,388,234,401,245
3202,1,387,237,400,248
3203,1,387,235,400,246
3204,1,387,237,400,248
3205,1,387,237,400,248
3206,1,387,233,400,244
3207,1,387,235,400,246
3208,1,387,232,400,243
3209,1,388,230,400,240
3210,1,388,229,400,239
3211,1,389,224,401,234
3258,1,393,218,407,228
3259,1,392,218,406,228
3260,1,392,220,407,230
3261,1,391,222,405,232
3262,1,391,223,406,234
3263,1,391,225,406,235
3264,1,391,227,406,238
3265,1,391,228,406,238
3266,1,391,229,406,240
3267,1,391,230,406,241
3268,1,391,228,406,239
3269,1,391,230,406,240
3270,1,391,232,406,243
3271,1,391,230,406,241
3272,1,391,232,406,242
3273,1,390,232,405,243
3274,1,390,228,405,239
3275,1,390,230,405,241
3276,1,390,229,405,239
3277,1,389,228,404,239
3278,1,389,232,403,242
3279,1,388,231,402,241
3280,1,387,229,401,239
3281,1,387,232,401,242
3282,1,386,231,400,241
3283,1,385,232,399,242
3284,1,384,231,398,241
3285,1,383,234,397,244
3286,1,382,234,396,244
3287,1,381,234,395,244
3288,1,380,235,394,245
3289,1,378,235,392,245
3290,1,378,236,392,246
3291,1,376,237,390,247
3292,1,376,239,390,249
3293,1,374,242,388,252
3294,1,374,238,388,248
3295,1,373,241,387,251
3296,1,374,244,388,254
3297,1,373,243,387,253
3360,1,304,199,317,210
3361,1,303,198,316,209
3362,1,302,196,315,207
3363,1,302,194,315,205
3364,1,301,192,314,203
3365,1,301,191,314,202
3366,1,300,191,313,202
3367,1,300,188,313,199
3368,1,300,184,313,195
3369,1,300,184,313,195
3370,1,300,185,313,196
3371,1,300,181,313,192
3372,1,300,181,313,192
3373,1,301,182,314,193
3374,1,301,176,314,187
3375,1,302,177,314,187
3376,1,303,178,315,188
3377,1,303,170,315,180
3378,1,304,166,316,176
3379,1,305,168,317,178
3380,1,305,168,317,178
3381,1,306,165,318,175
3382,1,307,162,319,172
3383,1,308,160,320,170
3384,1,308,159,320,169
3385,1,309,159,321,169
3386,1,310,154,322,164
3387,1,310,153,322,163
3388,1,311,152,323,162
3389,1,312,152,324,162
3390,1,312,150,324,160
3391,1,313,148,325,158
3392,1,314,145,326,155
3393,1,314,146,326,156
3394,1,316,146,328,156
3395,1,316,144,328,154
3396,1,316,145,328,155
3397,1,316,142,328,152
3398,1,317,144,329,154
3399,1,317,141,329,151
3400,1,317,137,330,148
3401,1,317,142,329,152
3402,1,318,139,330,149
3403,1,317,132,329,142
3404,1,317,136,329,146
3405,1,316,134,328,144
3406,1,315,132,327,142
3407,1,315,134,327,144
3408,1,315,130,327,140
3409,1,314,130,326,140
3410,1,313,134,325,144
3411,1,312,130,324,140
3412,1,311,129,323,139
3413,1,311,132,323,142
3414,1,309,131,321,141
3415,1,309,130,321,140
3416,1,308,132,320,142
3417,1,307,127,319,137
3418,1,305,130,317,140
3419,1,304,134,316,144
3420,1,302,128,314,138
3421,1,303,128,315,138
3422,1,301,131,313,141
3423,1,300,127,312,137
3424,1,299,126,311,136
3425,1,299,133,311,143
3426,1,297,128,309,138
3427,1,296,127,308,137
3428,1,294,132,306,142
3429,1,294,129,306,139
3430,1,293,128,305,138
3431,1,293,132,305,142
3432,1,292,129,304,139
3433,1,291,128,303,138
3434,1,290,134,302,144
3435,1,289,130,301,140
3436,1,289,130,301,140
3437,1,288,137,300,147
3438,1,288,136,300,146
3439,1,288,134,300,144
3440,1,288,140,300,150
3441,1,288,141,300,151
3442,1,287,142,299,152
3443,1,287,145,299,155
3444,1,288,142,300,152
3445,1,287,146,299,156
3446,1,287,147,299,157
3447,1,288,146,300,156
3448,1,288,149,300,159
3449,1,288,149,300,159
3450,1,289,148,301,158
3451,1,289,152,301,162
3981,1,291,187,301,198
3982,1,292,187,302,198
3983,1,294,185,304,196
3984,1,296,188,306,199
3985,1,297,190,307,201
3986,1,300,188,310,199
3987,1,301,189,311,200
3988,1,304,188,314,199
3989,1,304,189,314,201
3990,1,308,190,318,201
3991,1,309,187,319,198
3992,1,311,188,321,199
3993,1,313,190,323,201
3994,1,315,188,325,199
3995,1,316,185,326,196
3996,1,318,188,328,199
3997,1,320,188,330,199
3998,1,322,184,332,195
3999,1,324,188,334,199
4000,1,325,189,335,200
4001,1,326,184,336,195
4002,1,328,188,338,199
4003,1,331,187,341,199
4004,1,332,190,342,201
4005,1,334,188,344,199
4006,1,335,187,345,198
4007,1,336,191,346,202
4008,1,337,191,347,202
4009,1,338,188,348,199
4010,1,339,192,349,203
4011,1,342,188,353,200
4012,1,343,188,353,199
4013,1,344,187,354,198
4014,1,345,183,355,194
4015,1,347,182,357,193
4016,1,348,182,358,193
4017,1,349,177,359,188
4018,1,350,177,360,188
4019,1,351,174,361,185
4020,1,352,172,362,183
4021,1,353,172,363,183
4022,1,354,169,364,180
4023,1,355,168,365,179
4024,1,355,165,365,176
4025,1,356,161,366,172
4026,1,357,158,367,169
4027,1,358,149,368,160
4028,1,360,140,370,151
4029,1,360,138,370,149
4030,1,361,134,371,145
4031,1,361,131,371,142
4032,1,361,129,371,140
4033,1,361,127,371,138
4034,1,361,127,371,138
4035,1,361,122,371,133
4036,1,361,119,371,130
4037,1,361,121,371,132
4038,1,361,119,371,130
4039,1,361,118,371,129
4040,1,361,124,371,135
4041,1,361,123,371,134
4042,1,361,125,371,136
4043,1,363,130,373,141
4044,1,362,130,372,141
4045,1,364,133,374,144
4046,1,364,137,374,148
4047,1,365,142,375,153
4048,1,365,144,376,156
4049,1,367,147,377,158
4050,1,368,153,378,164
4051,1,369,152,379,163
4052,1,370,158,380,169
4053,1,371,166,381,177
4054,1,372,163,382,174
4055,1,374,167,384,178
4056,1,374,171,384,182
4057,1,375,171,385,182
4058,1,377,173,387,184
4059,1,378,178,388,189
4060,1,379,179,389,190
4061,1,381,183,391,194
4062,1,382,186,392,197
4063,1,384,185,394,196
4064,1,385,190,395,201
4065,1,386,192,397,204
4066,1,388,189,398,200
4067,1,390,192,400,203
4068,1,391,196,401,207
4069,1,392,194,404,207
4070,1,394,196,406,209
4071,1,395,196,407,209
4072,1,397,196,409,209
4073,1,399,200,411,213
4074,1,400,199,412,212
4075,1,402,200,414,213
4076,1,403,204,415,217
4077,1,405,204,417,217
4078,1,406,206,418,219
4079,1,410,212,420,222
4080,1,412,213,422,223
4081,1,414,214,424,224
4082,1,416,215,426,225
4083,1,417,214,427,224
4084,1,419,216,429,226
4085,1,421,217,431,227
4086,1,422,217,432,227
4087,1,424,220,434,230
4088,1,425,222,435,232
4089,1,427,220,437,230
4090,1,428,221,438,231
4091,1,430,223,440,233
4092,1,430,221,440,231
4093,1,432,217,442,227
4094,1,434,220,444,230
4095,1,435,217,445,227
4096,1,437,216,447,226
4097,1,438,218,448,228
4098,1,438,217,448,227
4099,1,440,220,450,230
4100,1,441,221,451,231
4101,1,442,220,452,230
4102,1,443,221,453,231
4103,1,444,220,455,231
4104,1,444,221,454,231
4105,1,445,225,455,235
4106,1,447,224,457,234
4107,1,447,223,458,234
4108,1,448,228,459,239
4109,1,447,227,458,238
4110,1,448,228,459,239
4111,1,449,231,460,242
4112,1,449,229,460,240
4113,1,450,229,461,240
4114,1,449,232,461,244
4115,1,449,231,461,243
4116,1,449,230,461,242
4117,1,450,227,462,239
4118,1,449,225,460,236
4119,1,449,225,460,236
4120,1,448,221,459,232
4121,1,448,220,459,231
4176,1,438,224,452,237
4177,1,437,233,453,245
4178,1,437,231,453,243
4179,1,437,232,452,242
4180,1,438,239,453,249
4181,1,435,239,451,251
4182,1,435,239,451,251
4183,1,434,247,450,259
4184,1,434,248,450,260
4185,1,434,252,449,263
4186,1,434,253,449,264
4187,1,434,258,448,268
4188,1,434,259,448,270
4189,1,432,262,451,275
4190,1,431,262,451,275
4191,1,431,263,450,276
4192,1,431,271,449,281
4193,1,431,271,449,281
4194,1,431,277,449,287
4195,1,431,282,449,292
4196,1,433,287,450,298
4197,1,433,294,449,305
4211,1,439,415,457,427
4212,1,439,422,458,435
4213,1,439,422,458,435
4214,1,439,428,456,440
4215,1,439,436,456,448
4216,1,439,438,457,450
4217,1,438,436,456,448
4218,1,439,443,456,455
4229,1,430,429,446,444
4230,1,429,425,446,440
4231,1,428,424,445,439
4232,1,427,422,445,438
4233,1,428,419,445,434
4234,1,426,421,443,436
4235,1,425,420,442,435
4236,1,425,419,442,434
4237,1,423,420,439,433
4238,1,422,420,438,433
4239,1,421,421,437,434
4240,1,423,414,438,426
4241,1,422,413,438,426
4242,1,417,413,432,426
4243,1,416,408,431,421
4244,1,415,407,430,420
4245,1,416,409,430,421
4246,1,412,404,427,417
4247,1,415,402,430,415
4818,1,362,243,372,255
4819,1,364,239,374,251
4820,1,367,231,377,243
4821,1,369,228,379,240
4822,1,372,226,382,238
4823,1,374,218,384,230
4824,1,376,212,386,224
4825,1,379,206,389,218
4826,1,381,198,391,210
4827,1,384,194,394,206
4828,1,386,187,396,199
4829,1,389,179,399,191
4830,1,391,174,401,186
4831,1,394,169,404,181
4832,1,396,165,406,177
4833,1,399,161,409,173
4834,1,401,154,411,166
4835,1,403,154,413,166
4836,1,406,152,416,164
4837,1,408,147,418,159
4838,1,410,145,420,157
4839,1,411,145,421,158
4840,1,413,141,423,153
4841,1,414,139,424,151
4842,1,417,140,427,152
4843,1,418,140,428,152
4844,1,420,136,430,148
4845,1,421,136,431,148
4846,1,423,139,433,151
4847,1,423,135,433,147
4848,1,424,134,434,146
4849,1,426,135,436,147
4850,1,426,133,436,145
4851,1,426,133,436,145
4852,1,426,134,436,146
4853,1,426,134,436,146
4854,1,426,132,436,144
4855,1,427,132,437,144
4856,1,425,136,436,149
4857,1,426,134,437,147
4858,1,425,134,436,147
4859,1,424,135,435,148
4860,1,424,139,434,151
4861,1,424,141,435,154
4862,1,423,139,433,152
4863,1,423,145,433,158
4864,1,423,150,433,162
4865,1,424,149,434,161
4866,1,423,154,434,167
4867,1,423,159,433,172
4868,1,424,164,434,177
4869,1,424,168,434,181
4870,1,425,168,435,180
4871,1,426,175,436,187
4872,1,426,178,436,190
4873,1,425,178,435,190
4874,1,427,184,437,196
4875,1,427,182,437,195
4876,1,428,186,438,198
4877,1,428,187,439,200
4878,1,429,188,439,200
4879,1,429,192,439,205
4880,1,429,189,439,202
4881,1,430,189,440,201
4882,1,430,193,441,206
4883,1,431,192,441,205
4884,1,431,191,441,203
4885,1,431,195,442,208
4886,1,431,194,441,206
4887,1,431,193,441,205
4888,1,431,196,441,209
4889,1,432,195,442,207
4890,1,431,197,441,209
4891,1,431,197,442,210
4892,1,430,199,441,212
4893,1,430,201,440,213
4894,1,429,199,439,212
4895,1,429,203,439,215
4896,1,429,204,439,216
4897,1,428,205,439,218
4898,1,428,208,439,221
4899,1,427,207,438,220
4900,1,427,207,438,220
4901,1,425,211,435,223
4902,1,425,213,435,225
4903,1,425,213,435,225
4904,1,424,216,434,228
4905,1,423,217,433,229
4906,1,423,218,433,230
4907,1,422,221,432,233
4908,1,422,224,432,236
4909,1,421,224,431,236
4910,1,421,225,431,237
4911,1,420,224,430,236
4912,1,419,222,429,234
4913,1,419,220,430,233
4914,1,419,214,429,227
4915,1,420,209,430,222
4916,1,419,201,429,214
4917,1,420,196,431,209
4918,1,419,189,430,202
4919,1,420,183,431,196
4920,1,421,179,432,192
4921,1,421,175,432,188
4922,1,422,169,433,182
4923,1,423,165,433,177
4924,1,423,163,433,175
4925,1,424,163,434,175
4926,1,425,163,435,175
4927,1,425,160,435,172
4928,1,426,161,436,173
4929,1,426,160,436,172
4930,1,426,160,436,172
4931,1,427,160,437,174
4932,1,428,159,438,173
4933,1,428,160,438,174
4997,1,411,212,421,222
4998,1,409,215,419,225
4999,1,406,217,416,227
5000,1,404,214,414,224
5001,1,400,216,410,226
5002,1,398,216,408,226
5003,1,395,212,405,222
5004,1,393,214,403,224
5005,1,390,213,400,223
5006,1,387,209,397,219
5007,1,385,211,395,221
5008,1,383,208,393,218
5009,1,380,206,390,216
5010,1,378,208,388,218
5011,1,376,206,386,216
5012,1,374,206,384,216
5013,1,372,207,382,217
5014,1,371,207,381,217
5015,1,369,207,379,217
5016,1,368,205,378,215
5017,1,367,205,377,215
5018,1,366,207,376,217
5019,1,366,204,376,214
5020,1,365,205,375,215
5021,1,365,203,375,213
5022,1,365,200,375,210
5023,1,365,204,375,214
5024,1,365,201,375,211
5025,1,364,196,374,206
5026,1,365,200,375,210
5027,1,364,200,374,210
5028,1,365,198,375,208
5029,1,365,199,375,209
5030,1,366,200,376,210
5031,1,366,199,376,209
5032,1,366,201,376,211
5033,1,366,201,376,211
5034,1,366,199,376,209
5035,1,366,202,376,212
5036,1,366,203,376,213
5037,1,366,205,376,215
5038,1,367,208,377,218
5039,1,367,209,377,219
5040,1,367,213,377,223
5041,1,367,216,377,226
5042,1,367,220,377,230
5043,1,366,223,376,233
5044,1,366,227,376,237
5045,1,366,230,376,240
5046,1,366,234,376,244
5047,1,367,233,377,243
5048,1,367,237,377,247
5049,1,368,240,378,250
5050,1,367,239,377,249
5051,1,368,241,378,251
5052,1,368,243,378,253
5053,1,368,242,378,252
5054,1,368,241,378,251
5055,1,369,242,379,252
5056,1,369,241,379,251
5057,1,369,243,379,253
5058,1,370,242,380,252
5059,1,369,241,379,251
5060,1,370,243,380,253
5061,1,369,239,379,249
5062,1,370,240,380,250
5063,1,370,242,380,252
5064,1,371,234,381,244
5065,1,372,232,382,242
5066,1,372,233,382,243
5067,1,372,229,382,239
5068,1,372,226,382,236
5069,1,372,227,382,237
5070,1,372,224,382,234
5071,1,372,217,382,227
5072,1,373,215,383,225
5073,1,373,209,383,219
5074,1,373,200,383,210
5075,1,373,197,383,207
5076,1,372,189,382,199
5077,1,372,182,382,192
5078,1,372,180,382,190
5079,1,371,171,381,181
5080,1,371,165,381,175
5081,1,372,161,382,171
5082,1,372,154,382,164
5083,1,372,152,382,162
5084,1,372,148,382,158
5085,1,373,140,383,150
5086,1,373,139,383,149
5087,1,374,140,384,150
5088,1,373,132,383,142
5089,1,373,132,383,142
5090,1,373,133,383,143
5091,1,371,125,381,135
5092,1,372,125,382,135
5093,1,371,127,381,137
5094,1,370,123,380,133
5095,1,370,125,380,135
5096,1,370,127,380,137
5097,1,369,127,379,137
5098,1,369,130,379,140
5099,1,368,131,378,141
5100,1,369,133,379,143
5101,1,368,135,378,145
5102,1,368,138,378,148
5103,1,368,138,378,148
5104,1,368,143,378,153
5105,1,367,144,377,154
5106,1,367,143,377,153
5107,1,368,146,378,156
5108,1,367,144,377,154
5109,1,367,145,377,155
5110,1,368,147,378,157
5111,1,368,140,378,150
5112,1,367,140,377,150
5113,1,368,140,378,150
5114,1,368,139,378,149
5115,1,368,138,378,148
5116,1,369,136,379,146
5117,1,368,137,379,148
5118,1,369,137,380,148
5119,1,369,136,380,147
5120,1,369,135,379,145
5121,1,370,140,381,151
5122,1,371,141,382,152
5123,1,371,139,382,150
5124,1,372,143,383,154
5125,1,373,145,384,156
5126,1,373,142,384,153
5127,1,375,143,386,154
5128,1,376,146,387,157
5129,1,376,145,386,155
5130,1,378,148,388,158
5131,1,379,149,389,159
5132,1,380,145,390,155
5133,1,382,148,392,158
5134,1,383,152,393,162
5135,1,385,149,395,159
5136,1,387,148,397,158
5137,1,389,149,399,159
5138,1,390,148,400,158
5139,1,392,145,402,155
5140,1,394,148,404,158
5141,1,395,148,405,158
5142,1,396,145,406,155
5143,1,397,148,407,158
5144,1,397,152,407,162
5145,1,398,152,408,162
5146,1,398,152,408,162
5147,1,399,155,409,165
5148,1,399,156,409,166
5149,1,399,156,409,166
5150,1,398,160,408,170
5151,1,398,161,408,171
5152,1,397,162,407,172
5153,1,396,166,406,176
5154,1,396,166,406,176
5155,1,395,168,405,178
5156,1,395,171,405,181
5157,1,394,170,404,180
5158,1,394,170,404,180
5159,1,393,173,403,183
5160,1,392,171,402,181
5161,1,391,167,401,177
5162,1,391,171,401,181
5163,1,391,172,401,182
5164,1,389,169,399,179
5165,1,391,170,403,180
5166,1,390,171,402,181
5167,1,390,170,402,180
5168,1,386,167,402,177
5169,1,386,167,402,177
5170,1,385,168,401,178
5171,1,385,167,401,177
5172,1,385,167,401,177
5173,1,385,169,401,179
5174,1,385,167,401,177
5175,1,385,166,401,176
5176,1,385,167,401,177
5177,1,385,167,401,177
5178,1,386,165,402,175
5179,1,385,164,401,174
5180,1,386,168,402,178
5181,1,386,168,403,178
5182,1,387,169,403,179
5183,1,389,172,405,182
5184,1,390,174,406,184
5185,1,391,173,408,183
5186,1,392,175,409,186
5187,1,394,177,410,187
5188,1,396,178,413,189
5189,1,397,182,414,193
5190,1,400,186,417,197
5191,1,402,187,418,197
5192,1,404,189,420,199
5193,1,407,194,423,204
5194,1,408,194,424,204
5195,1,411,196,427,206
5196,1,412,197,428,207
5197,1,415,197,431,207
5198,1,417,199,433,209
5199,1,420,202,436,212
5200,1,422,198,438,208
5201,1,424,198,441,208
5202,1,427,200,443,210
5203,1,429,197,445,207
5204,1,431,196,447,206
5205,1,434,197,450,207
5206,1,437,192,453,202
5207,1,441,192,451,202
5208,1,443,188,453,198
5209,1,445,184,455,194
5210,1,447,182,457,192
5211,1,449,179,459,189
5212,1,451,178,461,188
5213,1,453,177,463,187
5214,1,455,177,465,187
5215,1,456,173,466,183
5216,1,457,173,467,183
5217,1,458,173,468,183
5218,1,458,168,469,179
5219,1,460,170,471,181
5220,1,460,171,471,182
5655,1,108,56,119,68
5656,1,109,50,120,62
5657,1,109,48,120,60
5658,1,109,43,120,55
5659,1,108,42,119,54
5660,1,107,38,118,50
5661,1,105,35,116,47
5662,1,105,36,116,48
5663,1,103,37,114,49
5664,1,102,32,113,44
5665,1,100,33,111,45
5666,1,100,37,111,49
5667,1,98,37,109,49
5668,1,97,42,108,54
5669,1,96,43,108,56
5670,1,94,45,106,58
5671,1,93,48,104,60
5672,1,93,52,105,65
5673,1,92,57,104,70
5674,1,92,58,104,71
5675,1,92,64,104,77
5676,1,92,70,104,83
5677,1,92,72,104,85
5678,1,93,77,105,90
5679,1,92,83,104,96
5680,1,92,86,104,99
5681,1,92,87,104,100
5682,1,93,92,105,105
5683,1,94,95,106,108
5684,1,94,96,106,109
5685,1,95,100,107,113
5686,1,96,100,107,112
5687,1,95,102,107,116
5688,1,95,105,107,119
5689,1,95,106,108,120
5690,1,96,110,109,124
5691,1,96,111,109,125
5692,1,96,108,109,122
5693,1,98,113,110,127
5694,1,98,112,111,126
5695,1,98,111,111,125
5696,1,99,117,112,131
5697,1,99,115,112,129
5698,1,99,112,112,126
5699,1,100,114,113,128
5700,1,102,118,114,132
5701,1,102,113,115,127
5702,1,102,111,115,125
5703,1,104,114,116,127
5704,1,104,116,117,130
5705,1,104,114,116,128
5706,1,104,113,116,127
5707,1,105,114,117,128
5708,1,106,113,118,127
5709,1,107,116,119,130
5710,1,110,117,120,130
5711,1,110,116,120,129
5712,1,111,114,121,127
5713,1,112,116,122,129
5714,1,113,116,123,129
5715,1,113,111,123,124
5716,1,114,113,124,126
5717,1,114,114,124,127
5718,1,115,108,125,121
5719,1,115,106,125,119
5720,1,115,105,125,118
5721,1,115,99,125,112
5722,1,115,96,125,109
5723,1,115,94,125,107
5724,1,114,88,124,101
5725,1,114,86,124,99
5726,1,115,82,125,95
5727,1,113,75,123,88
5728,1,113,75,123,88
5729,1,113,71,123,84
5730,1,112,68,122,81
5731,1,110,68,120,81
5732,1,109,67,119,80
5733,1,108,62,118,75
5734,1,106,64,116,77
5735,1,105,67,115,80
5736,1,104,64,114,77
5737,1,104,65,114,78
5738,1,104,69,114,82
5739,1,103,67,113,80
5740,1,102,70,112,83
5741,1,102,72,112,85
5742,1,101,72,111,85
5743,1,101,76,111,89
5744,1,101,69,111,82
5745,1,100,68,110,81
5746,1,101,72,111,85
5747,1,100,71,110,84
5748,1,100,70,110,83
5749,1,99,71,109,84
5750,1,100,73,110,86
5751,1,99,73,109,86
5752,1,99,73,109,86
5753,1,99,75,109,88
5754,1,99,79,109,92
5755,1,99,78,109,91
5756,1,100,79,110,92
5757,1,100,85,110,98
5758,1,99,81,109,94
5759,1,100,83,110,96
5760,1,100,89,110,102
5761,1,101,87,111,100
5762,1,101,89,111,102
5763,1,102,95,112,108
5764,1,103,95,113,108
5765,1,105,95,115,108
5766,1,106,96,116,109
5767,1,108,93,118,106
5768,1,109,95,119,108
5769,1,110,92,120,105
5770,1,112,89,122,102
5771,1,114,90,124,103
5772,1,115,86,125,99
5773,1,116,85,126,98
5774,1,118,84,128,97
5775,1,119,80,129,93
5776,1,121,82,131,95
5777,1,121,81,131,94
5778,1,123,77,133,90
5779,1,124,80,134,93
5780,1,125,80,135,93
5781,1,126,77,136,90
5782,1,127,78,137,91
5783,1,128,78,138,91
5784,1,128,79,138,92
5785,1,129,78,139,91
5786,1,129,78,139,91
5787,1,129,78,139,91
5788,1,130,79,140,92
5789,1,130,77,140,90
5790,1,131,76,141,89
5791,1,132,76,142,89
5792,1,132,75,142,88
5793,1,133,75,143,88
5794,1,134,75,144,88
5795,1,134,73,144,86
5796,1,135,76,145,89
5797,1,135,75,145,88
5798,1,134,74,144,87
5799,1,135,77,145,90
