120,1,359,277,371,289
121,1,361,277,373,289
122,1,362,278,374,290
123,1,364,278,376,290
124,1,366,278,378,290
125,1,367,278,379,290
126,1,367,277,379,289
127,1,369,278,381,290
128,1,370,278,382,290
129,1,371,279,383,291
130,1,373,280,385,292
131,1,374,281,386,293
132,1,375,281,387,293
133,1,377,283,389,295
134,1,377,283,389,295
135,1,378,284,390,296
136,1,380,285,392,297
137,1,381,286,393,298
138,1,383,286,395,298
139,1,384,288,397,300
140,1,385,288,398,301
141,1,385,289,398,302
142,1,386,289,400,303
143,1,388,289,402,303
144,1,389,288,403,302
145,1,390,288,404,302
146,1,390,288,404,302
147,1,390,288,404,302
148,1,391,288,405,302
149,1,392,289,406,303
150,1,392,289,406,303
192,1,415,283,429,297
193,1,415,282,429,296
194,1,415,281,429,295
195,1,415,280,429,294
196,1,414,277,428,291
197,1,414,275,428,289
198,1,413,273,427,287
199,1,412,269,426,283
200,1,411,266,425,280
201,1,411,264,425,278
202,1,409,258,423,272
203,1,409,255,423,269
204,1,408,251,422,265
205,1,406,244,421,259
206,1,404,240,420,256
207,1,403,236,420,253
208,1,400,229,418,246
209,1,400,226,417,243
210,1,399,222,415,239
228,1,350,90,367,104
229,1,346,80,364,95
230,1,340,71,358,86
231,1,336,62,354,77
232,1,332,60,350,75
233,1,328,53,346,68
234,1,325,44,343,59
235,1,322,44,341,59
236,1,318,36,337,52
237,1,314,29,333,45
238,1,311,30,330,46
239,1,308,24,327,40
240,1,305,19,324,35
241,1,300,14,319,30
242,1,298,13,318,29
243,1,296,16,316,32
244,1,295,10,315,26
245,1,292,9,312,26
246,1,291,12,311,29
247,1,288,7,309,24
248,1,287,8,308,25
249,1,286,10,307,27
250,1,284,6,305,23
251,1,282,8,303,25
252,1,281,8,302,26
253,1,279,4,300,22
254,1,278,8,299,25
255,1,277,5,298,22
256,1,276,1,297,18
257,1,275,4,296,21
258,1,274,0,295,17
259,1,274,-1,295,17
260,1,273,0,295,18
261,1,272,-5,294,13
262,1,271,-4,292,14
263,1,272,-6,293,12
264,1,272,-6,293,12
275,1,260,0,285,17
276,1,264,3,283,19
277,1,262,4,281,20
278,1,260,7,279,23
279,1,259,9,278,25
280,1,257,11,276,27
281,1,256,14,275,30
282,1,255,15,274,31
283,1,254,16,273,32
284,1,254,19,273,35
285,1,253,19,272,35
286,1,252,17,271,36
287,1,252,17,271,36
288,1,252,17,271,36
289,1,251,19,270,38
290,1,251,19,270,38
291,1,251,18,270,37
292,1,252,19,271,37
293,1,253,19,271,37
294,1,254,20,272,37
295,1,255,20,272,37
296,1,255,20,272,37
297,1,254,20,271,37
298,1,255,20,272,37
299,1,256,20,273,37
300,1,257,20,274,37
301,1,258,20,275,37
302,1,259,21,276,38
303,1,259,21,276,38
304,1,260,22,277,39
305,1,262,23,279,40
306,1,263,24,280,41
307,1,265,26,282,43
308,1,266,27,283,44
309,1,266,27,283,44
310,1,268,29,285,46
311,1,269,30,286,47
312,1,270,30,287,47
313,1,272,32,289,49
314,1,273,33,290,50
315,1,273,33,290,50
316,1,275,35,291,52
317,1,275,36,291,52
318,1,276,37,291,53
319,1,277,39,292,54
320,1,277,40,292,55
321,1,278,40,293,55
322,1,278,42,293,57
323,1,278,44,293,59
324,1,277,45,292,60
325,1,277,47,292,62
326,1,277,48,292,63
327,1,276,48,291,63
328,1,275,51,290,66
329,1,275,52,290,67
330,1,274,54,289,69
331,1,272,58,289,72
332,1,271,59,288,73
333,1,270,61,285,76
334,1,270,64,285,79
335,1,269,66,284,81
336,1,268,67,283,82
337,1,268,71,283,86
338,1,267,72,282,87
339,1,267,73,281,87
340,1,268,78,283,93
341,1,268,79,282,93
342,1,268,81,282,95
343,1,268,86,282,100
344,1,269,85,283,99
345,1,269,86,283,100
346,1,271,94,285,108
347,1,272,92,286,106
348,1,274,95,288,109
349,1,277,99,291,113
350,1,280,97,294,111
351,1,282,100,296,114
352,1,286,103,300,117
353,1,288,103,302,117
354,1,291,106,305,120
355,1,294,106,308,120
356,1,297,106,311,120
357,1,299,109,313,123
358,1,301,109,315,123
359,1,304,111,318,125
360,1,306,112,320,126
361,1,307,112,321,126
362,1,308,113,321,126
363,1,309,113,322,126
364,1,310,112,323,125
365,1,311,112,324,125
366,1,311,111,324,124
367,1,312,109,325,122
368,1,312,107,325,120
369,1,313,106,326,119
370,1,313,103,326,116
371,1,312,102,325,115
372,1,312,100,325,113
373,1,311,97,324,110
374,1,311,96,324,109
375,1,310,94,323,107
376,1,309,91,322,104
377,1,309,90,322,103
378,1,308,88,321,101
379,1,308,90,321,103
380,1,308,88,321,101
381,1,307,86,320,99
382,1,308,88,321,101
383,1,307,85,319,97
384,1,307,85,320,98
385,1,306,87,318,99
386,1,307,85,320,98
387,1,308,88,318,98
388,1,310,89,320,99
389,1,308,86,318,96
390,1,310,89,320,99
391,1,309,88,319,98
392,1,310,88,320,98
393,1,309,92,319,102
394,1,311,91,321,101
395,1,310,90,320,100
396,1,312,93,322,103
397,1,312,91,322,101
398,1,312,92,322,102
399,1,313,94,323,104
400,1,313,93,323,103
401,1,314,95,324,105
402,1,313,95,323,105
403,1,315,95,325,105
404,1,313,97,323,107
405,1,315,98,325,108
406,1,313,100,323,110
407,1,316,103,326,113
408,1,314,105,324,115
409,1,317,110,327,120
410,1,314,112,324,122
411,1,316,115,326,125
412,1,313,119,323,129
413,1,316,122,326,132
414,1,313,124,323,134
415,1,314,128,324,138
416,1,312,131,322,141
417,1,312,133,322,143
418,1,312,137,322,147
419,1,310,139,320,149
420,1,310,140,320,150
421,1,309,145,319,155
422,1,309,147,319,157
423,1,306,147,316,157
424,1,307,152,317,162
425,1,305,153,315,163
489,1,333,249,348,260
490,1,334,249,349,260
491,1,335,251,349,261
492,1,336,254,350,264
493,1,338,255,351,266
494,1,338,256,351,267
495,1,339,257,352,268
496,1,340,257,353,268
497,1,341,259,353,270
498,1,342,260,355,271
499,1,343,260,356,271
500,1,343,262,356,273
501,1,345,263,358,274
502,1,346,264,360,276
503,1,347,268,361,280
504,1,347,265,361,277
505,1,349,270,362,282
506,1,349,270,362,282
507,1,351,269,364,281
508,1,352,273,365,285
509,1,353,272,366,284
510,1,352,268,366,281
511,1,354,269,368,282
512,1,354,263,368,276
513,1,354,260,368,273
514,1,355,257,369,270
515,1,356,250,370,263
516,1,357,247,370,259
517,1,357,241,370,253
518,1,358,235,371,247
519,1,357,231,370,243
520,1,358,226,370,239
521,1,359,223,373,233
522,1,360,218,374,228
573,1,333,182,347,194
574,1,333,181,347,193
575,1,333,179,348,192
576,1,333,180,348,193
577,1,333,178,348,190
578,1,334,178,348,190
579,1,334,177,349,190
580,1,335,175,350,188
581,1,335,175,349,187
582,1,336,173,350,185
583,1,337,170,349,180
584,1,337,170,349,180
585,1,338,168,350,178
586,1,339,166,351,176
587,1,339,166,351,176
606,1,343,157,356,169
607,1,342,157,355,169
608,1,341,159,354,171
609,1,339,161,352,173
610,1,339,165,352,177
611,1,337,168,350,180
612,1,337,170,349,181
613,1,336,174,348,185
614,1,335,181,347,192
615,1,335,186,347,197
616,1,334,191,346,202
617,1,333,197,345,208
618,1,333,203,346,215
619,1,332,208,345,220
620,1,332,213,345,225
621,1,332,219,345,231
622,1,332,223,345,235
623,1,331,226,344,238
624,1,332,230,344,242
625,1,331,231,343,243
626,1,332,235,344,246
627,1,332,236,345,248
628,1,333,238,345,249
629,1,333,239,345,250
630,1,333,239,345,250
631,1,334,242,345,252
632,1,335,243,346,254
633,1,336,244,347,255
634,1,338,246,350,257
635,1,338,246,349,256
636,1,340,246,351,256
637,1,341,248,352,258
638,1,343,247,354,257
639,1,344,248,355,258
640,1,346,249,357,259
641,1,347,249,358,259
642,1,349,249,360,259
643,1,351,250,362,260
644,1,351,252,362,262
645,1,354,250,365,260
646,1,355,252,366,262
647,1,356,253,367,263
648,1,358,253,369,263
649,1,360,255,371,265
650,1,360,255,372,266
651,1,363,257,374,267
652,1,364,258,375,268
653,1,366,258,377,269
654,1,367,261,378,271
948,1,379,271,392,284
949,1,379,271,392,284
950,1,379,271,392,284
951,1,379,270,392,283
952,1,379,270,392,283
953,1,380,271,393,284
954,1,380,271,393,284
955,1,381,272,394,284
956,1,382,272,394,285
957,1,382,273,395,285
958,1,383,274,395,286
959,1,383,274,395,286
960,1,382,275,394,287
961,1,383,276,395,288
962,1,383,277,395,289
963,1,384,278,396,290
964,1,384,279,396,291
965,1,384,279,396,291
966,1,383,279,395,291
967,1,383,280,395,292
968,1,383,281,395,293
969,1,383,281,395,293
970,1,383,282,395,294
971,1,384,282,396,294
972,1,384,282,396,294
973,1,384,282,396,295
974,1,384,283,397,295
975,1,384,283,397,296
976,1,384,283,397,296
977,1,383,283,396,296
978,1,383,282,396,295
979,1,382,282,395,295
980,1,382,282,395,295
981,1,381,282,394,295
982,1,382,282,395,295
983,1,382,282,395,295
984,1,383,281,396,294
985,1,382,281,395,294
986,1,382,280,395,293
987,1,381,280,394,293
988,1,380,279,393,292
989,1,380,278,393,291
990,1,380,278,393,291
991,1,380,277,393,290
992,1,380,277,393,290
993,1,379,277,392,290
994,1,379,277,392,290
995,1,379,277,392,290
996,1,378,277,391,290
997,1,378,277,391,290
998,1,379,277,392,290
999,1,379,277,392,290
1000,1,379,278,392,291
1001,1,378,278,392,292
1002,1,378,279,391,292
1003,1,377,279,391,293
1004,1,378,279,392,293
1005,1,378,279,392,293
1006,1,377,279,391,293
1007,1,377,279,391,293
1008,1,376,278,390,292
1009,1,376,277,390,291
1010,1,376,277,390,291
1011,1,377,276,391,290
1012,1,376,275,390,289
1013,1,376,275,390,289
1014,1,375,275,389,289
1015,1,374,275,388,289
1016,1,374,275,388,289
1017,1,373,275,387,289
1018,1,373,275,387,289
1019,1,373,275,387,289
1020,1,372,275,386,289
1021,1,371,274,386,289
1022,1,370,273,386,289
1023,1,369,271,386,288
1024,1,368,270,386,288
1025,1,367,271,385,289
1026,1,367,271,385,289
1027,1,366,271,384,289
1028,1,366,271,384,289
1029,1,365,271,383,289
1030,1,365,271,383,289
1031,1,364,271,382,289
1032,1,364,271,382,289
1033,1,362,271,381,290
1034,1,362,272,381,291
1035,1,361,272,381,292
1036,1,360,272,381,293
1037,1,360,272,381,293
1038,1,359,272,380,293
1039,1,359,272,380,293
1040,1,359,273,380,294
1041,1,358,273,379,294
1042,1,358,274,379,295
1043,1,358,275,379,295
1044,1,358,275,378,296
1045,1,358,277,378,297
1046,1,358,277,378,297
1047,1,357,278,377,298
1048,1,357,279,377,299
1049,1,357,279,377,299
1050,1,356,280,376,300
1051,1,356,280,376,300
1052,1,356,280,376,300
1053,1,356,280,376,300
1054,1,356,280,376,300
1055,1,355,280,376,301
1056,1,355,279,376,301
1057,1,354,279,376,301
1058,1,353,280,375,302
1059,1,353,280,375,302
1060,1,352,280,374,302
1061,1,351,280,373,302
1062,1,351,280,373,302
1063,1,349,280,371,302
1064,1,347,280,369,302
1065,1,346,280,368,302
1066,1,343,280,365,302
1067,1,343,280,365,302
1068,1,342,279,364,301
1069,1,339,278,362,301
1070,1,340,283,361,301
1071,1,337,282,358,300
1072,1,336,279,357,297
1073,1,334,280,354,298
1074,1,332,278,353,296
1075,1,330,276,351,294
1076,1,327,276,348,294
1077,1,324,275,344,292
1078,1,321,273,341,290
1079,1,321,273,341,290
1080,1,317,271,335,287
1081,1,312,265,336,282
1082,1,309,265,331,281
1083,1,307,263,329,279
1084,1,302,261,325,277
1085,1,302,260,324,275
1086,1,296,257,319,273
1087,1,295,257,318,273
1088,1,290,254,310,268
1089,1,286,257,303,269
1184,1,284,211,308,226
1185,1,284,212,310,228
1186,1,292,212,313,225
1187,1,293,210,314,223
1188,1,298,209,319,222
1189,1,300,208,321,221
1190,1,304,206,326,220
1191,1,306,206,328,220
1192,1,311,204,334,218
1193,1,313,200,335,214
1194,1,317,200,339,214
1195,1,319,197,342,211
1196,1,323,193,347,208
1197,1,326,193,349,207
1198,1,329,190,353,205
1199,1,332,187,356,202
1200,1,336,188,360,203
1201,1,342,188,364,200
1202,1,345,186,366,198
1203,1,352,181,375,194
1204,1,357,183,378,195
1205,1,359,184,381,196
1206,1,363,177,386,189
1207,1,365,179,387,191
1208,1,369,179,392,192
1209,1,371,174,393,186
1210,1,375,176,399,189
1211,1,377,176,400,188
1212,1,381,172,404,185
1213,1,383,177,406,189
1214,1,386,176,409,189
1215,1,389,168,412,181
1216,1,391,171,414,184
1217,1,394,173,417,186
1218,1,396,169,419,182
1219,1,398,171,421,184
1220,1,400,172,423,185
1221,1,401,168,425,181
1222,1,403,171,427,184
1223,1,405,171,429,184
1224,1,406,167,431,181
1225,1,408,172,432,185
1226,1,409,175,433,188
1227,1,411,177,435,190
1228,1,415,185,436,197
1229,1,416,190,437,202
1230,1,417,192,438,204
1231,1,419,199,440,211
1232,1,420,204,442,216
1233,1,420,207,443,220
1234,1,422,211,444,224
1235,1,422,214,444,227
1236,1,425,218,444,232
1237,1,425,220,444,234
1238,1,426,222,445,236
1246,1,432,239,449,255
1247,1,433,240,449,257
1248,1,433,242,450,258
1249,1,435,244,451,260
1250,1,435,244,451,260
1251,1,436,245,452,261
1252,1,436,246,453,262
1253,1,437,247,453,264
1254,1,437,248,454,265
1255,1,438,250,455,267
1256,1,438,253,455,265
1257,1,440,256,456,267
1258,1,440,255,456,266
1259,1,442,256,458,267
1260,1,442,256,458,267
1261,1,444,258,460,269
1262,1,444,257,459,268
1263,1,446,257,464,269
1264,1,446,257,464,269
1265,1,448,259,464,271
1266,1,448,258,464,270
1267,1,450,256,467,268
1268,1,450,257,466,269
1269,1,452,258,469,270
1270,1,453,257,470,269
1271,1,453,258,470,270
1272,1,455,257,472,269
1273,1,455,256,472,268
1274,1,457,258,474,270
1275,1,457,257,474,269
1276,1,459,259,477,271
1277,1,458,259,476,272
1278,1,460,259,478,272
1279,1,460,262,478,275
1280,1,462,261,481,274
1281,1,461,261,479,274
1282,1,464,262,483,275
1283,1,463,262,482,275
1284,1,466,263,485,276
1285,1,465,262,483,275
1286,1,467,263,485,276
1287,1,467,263,485,276
1288,1,469,264,487,277
1289,1,468,264,486,277
1290,1,469,265,488,278
1291,1,468,265,487,279
1292,1,469,266,488,280
1293,1,472,268,489,280
1294,1,473,268,490,280
1295,1,473,268,490,280
1296,1,473,269,490,281
1297,1,474,271,491,283
1298,1,473,269,490,281
1299,1,474,270,492,282
1300,1,473,271,490,283
1301,1,474,271,491,283
1302,1,473,273,490,285
1303,1,474,275,491,287
1304,1,473,274,490,286
1305,1,473,275,490,287
1306,1,472,276,489,288
1307,1,473,276,490,288
1308,1,471,277,487,289
1309,1,471,276,488,288
1310,1,469,276,485,288
1311,1,469,278,485,289
1312,1,468,277,484,288
1313,1,467,279,483,290
1314,1,465,279,481,290
1315,1,464,280,480,291
1316,1,463,281,478,292
1317,1,462,281,477,291
1318,1,460,281,475,292
1319,1,459,281,474,291
1320,1,457,282,471,292
1321,1,456,282,470,292
1322,1,454,282,468,292
1323,1,453,281,467,291
1324,1,451,280,466,290
1325,1,450,280,465,290
1326,1,448,278,462,288
1327,1,446,277,460,287
1328,1,445,279,459,289
1329,1,443,277,457,287
1330,1,441,277,455,287
1331,1,440,277,454,287
1332,1,438,274,452,284
1333,1,436,276,450,286
1334,1,433,272,447,284
1335,1,432,269,445,280
1336,1,430,272,443,283
1337,1,428,271,440,281
1338,1,426,271,438,281
1339,1,424,273,436,283
1340,1,422,271,434,281
1341,1,420,272,432,282
1342,1,417,273,429,283
1343,1,415,270,427,280
1660,1,391,286,405,300
1661,1,390,286,404,300
1662,1,389,287,403,301
1663,1,387,287,401,301
1664,1,385,287,399,301
1665,1,383,287,397,301
1666,1,382,286,396,300
1667,1,378,285,393,300
1668,1,377,285,392,300
1669,1,375,284,390,299
1670,1,372,283,388,299
1671,1,371,283,388,299
1672,1,370,282,387,299
1673,1,368,282,385,299
1674,1,367,282,384,299
1675,1,366,281,383,298
1676,1,365,281,382,298
1677,1,364,281,381,298
1678,1,364,280,381,297
1679,1,363,279,380,296
1680,1,362,279,379,296
1681,1,362,278,379,295
1682,1,361,277,378,294
1683,1,361,276,378,293
1684,1,360,276,377,293
1685,1,361,274,378,291
1686,1,361,274,378,291
1687,1,362,273,379,290
1688,1,362,271,379,288
1689,1,361,270,378,287
1690,1,361,269,378,286
1691,1,361,268,378,285
1692,1,362,268,379,285
1693,1,363,268,380,285
1694,1,365,268,382,285
1695,1,365,268,382,285
1696,1,366,268,383,285
1697,1,367,268,384,285
1698,1,368,267,385,284
1699,1,369,267,386,284
1700,1,371,266,388,283
1701,1,371,266,389,284
1702,1,372,265,390,284
1703,1,372,265,391,284
1704,1,373,265,392,284
1705,1,373,264,392,283
1706,1,374,264,393,283
1707,1,374,264,393,283
1708,1,375,264,394,283
1709,1,375,264,394,283
1710,1,375,265,394,284
1711,1,375,265,394,284
1712,1,375,266,394,285
1713,1,375,267,394,286
1714,1,375,271,394,287
1715,1,375,274,394,290
1716,1,375,271,394,287
1717,1,375,274,394,290
1718,1,375,274,395,291
1719,1,375,271,394,287
1720,1,374,276,394,293
1721,1,373,274,393,291
1722,1,373,270,394,288
1723,1,372,273,393,291
1724,1,372,270,393,288
1725,1,372,268,393,285
1726,1,372,275,395,290
1727,1,372,272,394,287
1728,1,370,267,394,283
1729,1,371,269,394,284
1730,1,369,266,393,282
1731,1,369,266,392,281
1732,1,368,266,392,282
1733,1,366,261,390,277
1734,1,366,261,390,277
1735,1,365,261,388,276
1736,1,364,256,387,271
1737,1,363,257,385,272
1738,1,363,254,384,268
1739,1,362,250,384,264
1740,1,361,252,381,266
1741,1,360,247,380,260
1742,1,360,246,379,259
1743,1,359,248,378,260
1744,1,358,243,376,255
1745,1,352,241,379,256
1746,1,352,242,377,256
1747,1,349,238,376,253
1748,1,348,237,376,252
1749,1,346,238,372,253
1750,1,345,236,371,251
1751,1,343,238,368,252
1752,1,340,232,367,247
1753,1,338,232,365,247
1754,1,338,234,365,249
1755,1,333,224,362,246
1756,1,332,230,361,248
1775,1,277,214,312,237
1776,1,276,214,311,237
1777,1,274,207,310,231
1778,1,273,210,311,228
1779,1,267,204,304,228
1780,1,265,203,302,220
1781,1,257,199,297,223
1782,1,253,195,296,221
1783,1,251,193,294,219
1784,1,246,189,293,216
1785,1,238,187,290,210
1786,1,233,182,283,205
1787,1,226,182,281,207
1788,1,225,177,276,202
1789,1,219,171,274,198
1790,1,214,172,269,199
1791,1,209,167,263,193
1792,1,202,160,259,188
1793,1,196,158,255,187
1794,1,188,152,248,182
1795,1,181,147,243,178
1796,1,172,143,237,175
1797,1,163,137,231,171
1798,1,152,129,222,164
1799,1,142,123,216,160
1800,1,130,117,206,155
1801,1,118,110,198,150
1802,1,104,107,187,140
1803,1,90,97,178,132
1804,1,71,87,165,124
1805,1,54,76,152,115
1806,1,31,60,136,102
1807,1,10,47,122,92
1808,1,-20,30,101,78
1809,1,-49,6,82,58
1810,1,-49,6,61,43
2346,1,316,0,333,12
2347,1,316,2,333,15
2348,1,320,5,337,18
2349,1,321,7,338,20
2350,1,323,11,340,24
2351,1,324,15,340,28
2352,1,326,17,342,29
2353,1,328,22,344,34
2354,1,329,25,345,37
2355,1,332,29,348,41
2356,1,332,31,348,43
2357,1,335,35,351,47
2358,1,334,40,349,52
2359,1,337,41,352,53
2360,1,336,47,351,59
2361,1,340,52,355,64
2362,1,337,52,352,63
2363,1,340,59,355,70
2364,1,338,61,353,72
2365,1,339,61,354,72
2366,1,337,65,352,76
2367,1,338,69,353,80
2368,1,335,69,350,80
2369,1,335,73,349,84
2370,1,334,76,349,87
2371,1,333,78,347,89
2372,1,332,80,346,91
2373,1,330,84,344,95
2374,1,329,87,343,98
2375,1,327,89,341,100
2376,1,327,94,341,104
2377,1,324,96,338,107
2405,1,306,229,322,241
2406,1,303,233,321,245
2407,1,307,238,320,248
2408,1,305,242,319,253
2409,1,308,245,323,259
2410,1,306,250,322,260
2411,1,307,252,324,265
2422,1,310,288,323,302
2444,1,318,344,335,360
2445,1,321,347,333,360
2446,1,320,346,332,359
2447,1,322,348,334,361
2448,1,319,347,332,361
2449,1,322,346,335,360
2455,1,324,348,337,361
2456,1,324,348,337,361
2457,1,325,347,338,360
2458,1,325,347,338,360
2459,1,325,346,338,359
2460,1,326,346,339,359
2461,1,326,345,339,358
2462,1,327,345,340,358
2463,1,328,344,341,357
2464,1,329,344,342,357
2465,1,330,342,343,355
2466,1,330,341,343,354
2467,1,329,340,342,353
2468,1,330,339,343,351
2469,1,332,338,344,350
2470,1,333,338,344,349
2506,1,342,250,353,261
2507,1,342,249,353,260
2508,1,341,247,352,258
2509,1,341,246,352,257
2510,1,340,243,351,254
2511,1,340,243,351,254
2512,1,340,242,351,253
2731,1,343,231,354,241
2732,1,342,229,353,239
2733,1,340,230,351,240
2734,1,339,232,350,242
2735,1,337,229,348,239
2736,1,337,232,348,242
2737,1,335,234,346,244
2738,1,334,232,345,242
2739,1,334,235,345,245
2740,1,333,235,344,245
2741,1,333,233,344,243
2742,1,332,237,343,247
2743,1,333,236,345,246
2744,1,332,234,344,245
2745,1,333,239,345,250
2746,1,333,237,345,248
2747,1,333,236,345,247
2748,1,333,238,345,249
2749,1,334,235,346,246
2750,1,335,237,346,247
2751,1,336,240,347,250
2752,1,337,237,348,247
2753,1,337,238,348,248
2754,1,338,241,350,252
2755,1,338,239,348,249
2756,1,339,240,349,250
2757,1,339,240,349,250
2758,1,341,241,351,251
2759,1,340,244,350,254
2760,1,341,242,351,252
2761,1,341,242,351,252
2762,1,342,244,352,254
2763,1,341,241,351,251
2764,1,343,243,353,253
2765,1,342,244,354,254
2766,1,343,243,355,253
2767,1,342,246,354,256
2768,1,342,244,355,254
2769,1,342,242,355,252
2770,1,342,244,355,254
2966,1,334,262,349,273
2967,1,338,261,353,272
2968,1,336,262,352,273
2969,1,339,261,354,272
2970,1,338,260,354,272
2971,1,339,261,354,272
2972,1,339,260,356,272
2973,1,340,261,357,273
2974,1,341,261,358,274
2975,1,341,261,358,274
2976,1,343,263,360,276
2977,1,341,261,359,275
2978,1,345,262,359,274
2979,1,344,265,359,278
2980,1,347,268,359,280
2981,1,345,267,357,279
2982,1,348,270,360,282
2983,1,345,271,357,283
2984,1,349,271,361,283
2985,1,346,273,358,285
2986,1,349,275,361,287
2987,1,347,275,359,287
2988,1,349,275,361,287
2989,1,347,275,359,287
2990,1,349,274,361,286
2991,1,348,276,360,288
2992,1,348,276,360,288
2993,1,348,274,360,286
2994,1,347,275,360,288
2995,1,347,275,360,288
2996,1,346,272,359,285
2997,1,347,274,360,287
2998,1,345,275,358,288
2999,1,346,273,359,286
3000,1,343,274,356,287
3001,1,343,274,356,287
3002,1,342,271,355,284
3003,1,343,273,356,286
3004,1,340,270,355,288
3005,1,340,270,357,287
3006,1,339,270,356,287
3007,1,338,270,355,287
3008,1,337,269,354,286
3009,1,337,269,354,286
3010,1,336,267,353,284
3011,1,336,266,353,283
3012,1,336,265,353,282
3013,1,336,263,353,280
3014,1,336,262,353,279
3015,1,335,260,352,277
3016,1,335,258,352,275
3017,1,335,257,352,274
3018,1,335,256,352,273
3019,1,335,254,352,271
3020,1,335,252,352,269
3021,1,334,251,351,268
3022,1,335,249,352,266
3023,1,335,249,352,266
3024,1,336,249,353,266
3025,1,336,249,353,266
3026,1,335,248,352,265
3027,1,335,248,352,265
3028,1,335,247,352,264
3029,1,335,248,352,265
3030,1,336,248,353,265
3031,1,337,249,354,266
3032,1,338,250,355,267
3033,1,338,250,355,267
3034,1,340,252,356,269
3035,1,341,254,356,269
3036,1,341,255,356,270
3037,1,344,257,358,271
3038,1,346,259,360,273
3039,1,347,260,361,274
3040,1,349,263,363,277
3041,1,350,264,364,278
3042,1,350,266,364,280
3043,1,352,269,366,283
3044,1,353,271,368,285
3045,1,355,272,369,287
3046,1,357,277,372,291
3047,1,358,279,373,294
3048,1,359,282,373,296
3049,1,361,287,375,301
3050,1,363,291,377,305
3051,1,364,294,378,308
3052,1,367,300,380,313
3053,1,369,303,382,316
3054,1,370,305,383,318
3055,1,373,310,385,322
3056,1,375,313,387,325
3057,1,376,315,388,327
3059,1,379,320,396,334
3060,1,382,323,400,338
3061,1,382,324,400,339
3062,1,389,324,403,340
3063,1,388,326,402,342
3064,1,392,328,406,344
3065,1,392,326,405,341
3071,1,404,322,416,336
3092,1,445,260,460,271
3093,1,447,259,461,269
3094,1,450,259,465,270
3095,1,451,258,465,269
3096,1,456,256,469,268
3097,1,461,255,474,267
3098,1,461,254,474,266
3099,1,465,257,478,269
3100,1,465,257,478,269
3101,1,470,256,485,270
3102,1,469,258,484,272
3103,1,475,260,488,273
3104,1,475,261,487,273
3105,1,479,262,492,275
3106,1,481,263,493,275
3107,1,482,263,494,275
3108,1,484,266,497,279
3109,1,484,266,496,278
3110,1,489,267,503,279
3111,1,489,267,503,279
3112,1,492,267,506,279
3113,1,494,264,506,276
3114,1,498,264,510,276
3115,1,499,265,512,275
3116,1,504,263,517,273
3117,1,505,260,518,272
3118,1,509,258,523,271
3119,1,508,256,521,268
3120,1,515,255,527,266
3121,1,514,253,529,264
3122,1,517,250,533,262
3123,1,517,249,531,259
3124,1,521,246,537,259
3125,1,524,245,539,257
3126,1,525,243,538,257
3127,1,527,242,539,255
3128,1,529,241,542,255
3129,1,534,243,548,254
3130,1,533,241,547,252
3131,1,537,245,551,256
3132,1,535,245,549,256
3133,1,539,244,553,255
3134,1,536,245,550,256
3162,1,558,265,570,277
3163,1,558,267,570,279
3164,1,557,270,569,282
3165,1,557,272,569,284
3166,1,555,276,566,287
3167,1,554,277,565,288
3168,1,552,279,563,289
3169,1,550,281,560,291
3170,1,550,283,560,293
3171,1,549,284,559,294
3178,1,535,287,548,302
3179,1,533,285,546,301
3180,1,533,286,545,299
3181,1,530,285,540,297
3183,1,530,285,540,297
3310,1,7,76,26,95
3311,1,5,75,24,94
3312,1,3,75,22,94
3313,1,1,71,20,90
3390,1,1,124,17,143
3391,1,3,126,21,144
3392,1,8,130,25,147
3393,1,13,133,31,151
3394,1,19,135,36,152
3395,1,24,137,41,154
3396,1,30,138,47,155
3397,1,35,140,52,157
3398,1,40,143,56,159
3399,1,47,144,63,160
3400,1,52,147,67,162
3401,1,58,148,75,165
3402,1,63,150,79,166
3403,1,70,152,86,168
3404,1,74,152,90,168
3405,1,81,154,97,170
3406,1,85,155,101,171
3407,1,91,156,107,172
3408,1,95,156,111,172
3409,1,101,157,117,173
3410,1,104,158,120,174
3411,1,111,158,127,174
3412,1,114,157,130,173
3413,1,120,158,136,174
3414,1,122,159,138,175
3415,1,128,160,143,175
3416,1,130,160,146,176
3417,1,135,161,151,177
3418,1,138,162,154,178
3419,1,143,161,159,177
3420,1,146,162,162,178
3421,1,151,162,167,178
3422,1,155,162,171,178
3423,1,158,162,174,178
3424,1,162,163,177,178
3425,1,165,162,180,177
3426,1,170,164,185,179
3427,1,172,165,187,180
3428,1,178,166,193,181
3429,1,183,165,197,179
3430,1,184,167,199,182
3431,1,190,166,204,180
3432,1,191,167,205,181
3433,1,196,169,210,183
3434,1,196,168,210,182
3435,1,201,170,215,184
3436,1,202,173,215,183
3437,1,207,172,220,182
3438,1,208,176,221,186
3439,1,212,178,225,188
3440,1,214,174,227,184
3441,1,218,177,231,187
3442,1,221,179,234,189
3443,1,224,178,237,188
3444,1,227,181,240,191
3445,1,230,182,243,192
3446,1,234,181,247,191
3447,1,236,183,249,193
3448,1,241,183,254,193
3449,1,244,182,254,192
3450,1,249,182,259,192
3451,1,250,179,260,189
3452,1,255,179,265,190
3453,1,257,177,267,188
3454,1,262,176,272,187
3455,1,264,175,274,185
3456,1,269,172,279,182
3457,1,271,171,281,181
3707,1,447,237,459,249
3708,1,447,237,459,249
3709,1,447,236,459,248
3710,1,446,236,458,248
3711,1,445,235,457,247
3712,1,444,235,456,247
3713,1,443,234,455,246
3714,1,442,234,454,246
3715,1,443,233,455,245
3716,1,443,233,455,245
3717,1,443,231,455,243
3718,1,443,230,455,242
3719,1,443,228,455,240
3720,1,444,226,456,238
3721,1,445,224,457,236
3722,1,445,223,457,235
3723,1,447,222,459,234
3724,1,449,224,461,236
3725,1,450,225,462,237
3726,1,452,226,464,238
3727,1,454,227,466,239
3728,1,455,227,467,239
3729,1,458,226,470,238
3730,1,459,226,471,238
3731,1,461,225,473,237
3793,1,388,155,399,166
3794,1,389,154,400,165
3795,1,392,155,402,165
3796,1,394,150,404,160
3797,1,397,146,407,156
3798,1,399,149,409,159
3799,1,402,146,412,156
3800,1,405,138,415,148
3801,1,408,138,419,149
3802,1,411,137,422,148
3803,1,415,132,426,143
3804,1,418,130,428,140
3805,1,423,127,434,138
3806,1,426,122,436,132
3807,1,431,122,441,132
3808,1,434,117,444,127
3809,1,440,112,450,122
3810,1,443,110,454,121
3811,1,449,106,460,117
3812,1,452,101,463,112
3813,1,458,98,469,109
3814,1,462,95,473,106
3815,1,468,89,480,101
3816,1,473,85,485,97
3817,1,479,82,491,94
3818,1,484,76,496,88
3819,1,491,73,503,85
3820,1,494,66,511,79
3821,1,501,62,518,75
3822,1,507,60,525,74
3823,1,515,55,533,68
3824,1,522,47,540,61
3825,1,529,42,547,56
3826,1,537,36,555,50
3827,1,543,27,561,41
3828,1,549,23,570,38
3829,1,555,15,576,30
3830,1,564,3,586,19
3831,1,570,0,592,16
4377,1,346,0,356,10
4378,1,347,1,357,11
4379,1,345,0,355,10
4380,1,346,1,356,11
4381,1,344,1,354,11
4382,1,345,1,355,11
4383,1,344,3,354,13
4384,1,344,4,354,14
4385,1,344,5,354,15
4386,1,344,6,354,16
4387,1,344,7,354,17
4388,1,343,7,353,17
4389,1,344,11,354,21
4390,1,342,11,352,21
4391,1,343,12,353,22
4392,1,341,14,351,24
4393,1,343,14,353,24
4394,1,340,15,350,25
4395,1,342,17,352,27
4396,1,340,16,350,26
4397,1,342,18,352,28
4398,1,340,19,350,29
4399,1,343,22,353,32
4400,1,340,23,350,33
4401,1,341,23,351,33
4402,1,341,25,351,35
4403,1,341,26,351,36
4404,1,340,26,350,36
4405,1,341,29,351,39
4406,1,341,29,351,39
4407,1,341,31,351,41
4408,1,342,31,352,41
4409,1,341,33,351,43
4410,1,343,37,353,47
4411,1,341,36,351,46
4412,1,343,38,353,48
4413,1,340,39,350,49
4414,1,343,43,353,53
4415,1,340,41,350,51
4416,1,343,41,353,51
4417,1,340,42,350,52
4418,1,341,39,351,49
4419,1,340,39,350,49
4420,1,340,40,350,50
4421,1,339,40,349,50
4422,1,338,41,348,51
4423,1,338,41,348,51
4424,1,336,40,346,50
4425,1,337,41,347,51
4426,1,334,40,344,50
4427,1,335,38,345,48
4428,1,332,40,342,50
4429,1,334,41,344,51
4430,1,330,38,340,48
4431,1,333,41,343,51
4432,1,329,42,339,52
4433,1,330,40,340,50
4434,1,328,42,338,52
4435,1,329,42,339,52
4436,1,327,40,337,50
4437,1,328,43,338,53
4438,1,325,42,335,52
4439,1,325,43,335,53
4440,1,324,43,334,53
4441,1,323,42,333,52
4442,1,323,45,334,56
4443,1,322,43,332,53
4444,1,322,45,333,56
4445,1,320,44,330,54
4446,1,320,44,330,54
4447,1,318,43,328,53
4448,1,319,43,329,53
4449,1,317,44,327,54
4450,1,318,43,328,53
4451,1,316,43,326,53
4452,1,317,45,327,55
4453,1,314,45,324,55
4454,1,316,48,326,58
4455,1,314,49,324,59
4456,1,315,52,325,62
4457,1,314,55,324,65
4458,1,315,57,325,67
4459,1,314,61,324,71
4460,1,314,63,324,73
4461,1,313,67,323,77
4462,1,314,69,324,79
4463,1,313,71,323,81
4464,1,313,76,323,86
4465,1,313,75,323,85
4466,1,312,76,322,86
4467,1,313,79,323,89
4468,1,311,78,321,88
4469,1,312,81,322,91
4470,1,311,81,321,91
4471,1,311,81,321,91
4472,1,311,84,321,94
4473,1,310,84,320,94
4474,1,311,88,321,98
4475,1,310,89,320,99
4476,1,311,90,321,100
4477,1,311,92,321,102
4478,1,311,91,321,101
4479,1,311,94,321,104
4480,1,311,97,321,107
4481,1,310,97,320,107
4482,1,312,100,322,110
4483,1,311,101,321,111
4484,1,312,101,322,111
4485,1,312,103,322,113
4486,1,313,105,323,115
4487,1,313,106,323,116
4488,1,313,108,323,118
4489,1,313,111,323,121
4490,1,313,113,323,123
4491,1,315,116,325,126
4492,1,313,120,323,130
4493,1,314,126,324,136
4494,1,313,130,323,140
4495,1,314,134,324,144
4496,1,313,140,323,150
4497,1,313,143,323,153
4498,1,312,149,322,159
4499,1,313,155,323,165
4500,1,311,159,322,170
4501,1,311,164,322,175
4502,1,310,167,321,178
4503,1,310,171,320,181
4504,1,309,175,319,185
4505,1,308,179,318,189
4506,1,307,184,318,195
4507,1,306,185,317,196
4508,1,306,190,317,201
4509,1,304,195,315,206
4510,1,305,198,316,209
4511,1,302,199,314,211
4512,1,302,200,315,213
4513,1,300,203,313,216
4514,1,301,203,313,215
4515,1,298,202,311,215
4516,1,298,202,311,215
4517,1,295,201,312,211
4518,1,295,198,312,208
4519,1,292,196,309,206
4520,1,290,193,310,203
4521,1,288,189,308,199
4522,1,287,183,307,193
4523,1,285,180,305,190
4524,1,284,176,304,186
4525,1,284,169,301,181
4526,1,282,165,299,176
4527,1,281,162,298,173
4528,1,280,157,297,168
4529,1,279,154,296,165
4530,1,276,151,294,164
4531,1,278,149,295,160
4532,1,276,148,293,159
4533,1,277,148,294,159
4534,1,275,147,292,158
4535,1,276,149,291,159
4536,1,274,150,290,160
4537,1,276,152,291,162
4538,1,274,154,289,164
4539,1,275,157,290,167
4540,1,274,159,289,169
4541,1,276,162,292,172
4542,1,274,164,289,174
4543,1,276,164,291,174
4544,1,275,168,290,178
4545,1,277,169,293,179
4546,1,276,171,292,181
4547,1,278,173,294,183
4548,1,278,175,293,185
4549,1,279,178,294,188
4550,1,279,181,295,192
4551,1,280,183,296,193
4552,1,281,187,297,197
4553,1,281,189,296,199
4554,1,282,192,297,202
4555,1,283,196,299,206
4556,1,284,199,300,209
4557,1,286,203,301,213
4558,1,286,205,301,215
4559,1,287,209,302,219
4560,1,286,208,306,219
4561,1,287,211,306,222
4562,1,289,213,309,224
4563,1,290,213,310,224
4564,1,293,211,312,221
4565,1,294,211,313,222
4566,1,296,208,315,219
4567,1,299,206,319,217
4568,1,300,202,321,214
4569,1,301,200,321,212
4570,1,302,197,323,209
4571,1,304,194,325,206
4572,1,306,192,326,204
4573,1,307,187,328,200
4574,1,309,185,330,198
4575,1,310,183,332,196
4576,1,312,178,334,191
4577,1,314,177,336,190
4578,1,315,175,338,189
4579,1,318,172,338,184
4580,1,320,172,340,184
4581,1,322,169,341,181
4582,1,324,166,344,178
4583,1,326,166,344,177
4584,1,328,163,347,174
4585,1,329,162,348,173
4586,1,332,162,351,174
4587,1,333,159,351,170
4588,1,335,159,353,170
4589,1,337,161,355,172
4590,1,339,157,357,168
4591,1,340,158,358,169
4592,1,342,162,360,173
4593,1,344,160,361,170
4594,1,345,162,362,172
4595,1,347,163,364,173
4596,1,349,161,366,171
4597,1,351,163,368,173
4598,1,352,163,369,173
4599,1,354,165,371,175
4600,1,354,165,371,175
4601,1,356,164,373,174
4602,1,356,163,373,173
4603,1,358,165,375,175
4604,1,358,164,375,174
4605,1,359,164,376,174
4606,1,359,166,376,176
4607,1,359,164,376,174
4608,1,359,164,376,174
4609,1,360,165,377,175
4610,1,361,162,378,172
4611,1,361,163,378,173
4612,1,361,162,378,172
4613,1,361,160,378,170
4614,1,362,163,379,173
4615,1,362,159,379,169
4616,1,362,155,379,165
4617,1,363,156,380,166
4618,1,363,151,380,161
4619,1,363,148,380,158
4620,1,364,150,381,160
4621,1,363,148,380,158
4622,1,363,147,380,157
4623,1,363,144,380,154
4624,1,362,144,379,154
4625,1,362,146,379,156
4626,1,361,142,378,152
4627,1,361,143,378,153
4628,1,360,144,377,154
4629,1,360,140,377,150
4630,1,359,142,376,152
4631,1,359,143,376,153
4632,1,358,138,375,148
4633,1,358,138,375,148
4634,1,359,142,376,152
4635,1,358,139,375,149
4636,1,359,137,376,147
4637,1,359,140,376,150
4638,1,359,140,376,150
4639,1,360,137,377,147
4640,1,361,140,378,150
4641,1,361,140,378,150
4642,1,363,142,380,152
4643,1,363,142,380,152
4644,1,368,144,385,156
4645,1,369,146,386,158
4646,1,371,145,388,157
4647,1,372,148,389,160
4648,1,374,150,389,161
4649,1,376,147,391,158
4650,1,377,151,392,162
4651,1,379,153,394,164
4652,1,379,149,394,159
4653,1,379,149,394,159
4654,1,382,153,396,163
4655,1,383,150,397,160
4656,1,384,154,398,164
4657,1,386,153,400,163
4658,1,386,154,400,164
4659,1,387,156,401,166
4660,1,388,153,402,163
4661,1,388,156,402,166
4662,1,388,158,402,168
4663,1,388,161,402,171
4664,1,388,163,402,173
4665,1,387,161,401,171
4666,1,388,167,402,177
4667,1,387,166,401,176
4668,1,387,165,401,175
4669,1,387,171,401,181
4670,1,387,170,401,180
4671,1,386,167,400,177
4672,1,386,172,400,182
4673,1,385,170,399,180
4674,1,384,173,398,183
4675,1,384,174,398,184
4676,1,383,173,397,183
4677,1,383,177,397,187
4678,1,383,176,397,186
4679,1,381,176,395,186
4680,1,381,180,395,190
4681,1,380,178,394,188
4682,1,378,179,392,189
4683,1,378,183,392,193
4684,1,376,180,390,190
5023,1,259,129,282,147
5024,1,255,120,279,139
5025,1,252,120,276,139
5026,1,247,116,273,136
5027,1,245,110,269,129
5028,1,242,110,266,129
5029,1,238,105,262,124
5030,1,235,98,259,117
5031,1,232,99,256,118
5032,1,228,93,252,112
5033,1,224,87,249,107
5034,1,222,91,247,111
5035,1,218,83,243,103
5036,1,215,76,240,96
5037,1,211,78,236,98
5038,1,207,75,233,96
5039,1,203,70,229,90
5040,1,200,72,225,92
5041,1,196,74,222,94
5042,1,191,68,217,89
5043,1,187,67,214,89
5044,1,180,71,207,92
5045,1,177,66,204,87
5046,1,174,72,201,93
5047,1,170,77,197,98
5048,1,165,72,192,93
5049,1,162,72,189,93
5050,1,158,77,188,101
5051,1,155,73,185,96
5052,1,153,77,181,97
5053,1,150,80,179,101
5054,1,146,76,174,96
5055,1,145,81,171,99
5056,1,142,83,170,103
5057,1,139,80,167,100
5058,1,138,83,165,103
5059,1,136,83,164,103
5060,1,132,80,160,100
5061,1,131,80,158,99
5062,1,130,81,158,101
5063,1,128,85,155,104
5064,1,126,81,153,100
5065,1,125,79,153,99
5066,1,125,81,151,100
5067,1,122,76,149,95
5068,1,121,75,149,95
5069,1,121,80,148,99
5070,1,120,81,147,100
5071,1,118,75,145,94
5072,1,118,75,145,94
5073,1,118,82,145,101
5074,1,116,79,142,98
5075,1,115,75,142,94
5076,1,116,80,142,99
5077,1,116,80,142,99
5078,1,116,72,142,91
5079,1,117,72,144,91
5080,1,116,75,142,94
5081,1,117,74,142,92
5082,1,118,74,143,92
5083,1,118,74,143,92
5084,1,118,71,144,89
5085,1,120,73,145,91
5086,1,120,73,144,90
5087,1,121,70,145,87
5088,1,121,72,146,90
5089,1,121,75,146,93
5090,1,122,72,147,90
5091,1,123,72,146,89
5092,1,124,73,148,90
5093,1,124,70,148,87
5094,1,124,72,148,89
5095,1,125,72,149,89
5096,1,126,70,149,87
5097,1,127,72,150,89
5098,1,128,72,151,89
5099,1,128,71,151,87
5100,1,129,73,152,89
5101,1,129,72,152,88
5102,1,130,73,152,89
5103,1,130,74,153,90
5104,1,130,72,153,88
5105,1,130,74,152,90
5106,1,132,76,154,92
5107,1,132,74,154,90
5108,1,132,78,154,94
5109,1,133,82,154,97
5110,1,132,80,153,95
5111,1,132,86,153,101
5112,1,133,91,153,105
5113,1,132,89,151,103
5114,1,133,94,151,107
5115,1,134,100,152,113
5116,1,133,99,151,112
5117,1,134,106,152,119
5118,1,134,111,153,125
5119,1,135,112,152,124
5120,1,136,119,153,131
5121,1,136,121,152,132
5122,1,136,121,152,132
5123,1,138,132,154,144
