0,1,319,207,352,225
1,1,318,208,350,226
2,1,319,208,351,225
3,1,320,212,351,229
4,1,318,211,352,229
5,1,319,214,351,231
6,1,319,218,350,235
7,1,319,215,350,232
8,1,319,220,349,236
9,1,319,220,352,238
10,1,318,218,351,236
11,1,317,221,352,239
12,1,318,221,351,238
13,1,318,220,351,237
14,1,317,223,350,240
15,1,320,223,351,237
16,1,320,226,350,240
17,1,320,224,350,238
18,1,319,225,351,239
19,1,319,226,350,242
20,1,319,225,350,241
21,1,319,227,350,243
22,1,322,225,350,241
23,1,322,225,357,241
24,1,321,227,357,243
25,1,322,225,357,241
26,1,322,227,357,243
27,1,323,227,357,243
28,1,322,226,356,242
29,1,323,228,359,242
30,1,322,225,359,239
31,1,324,226,361,239
32,1,324,226,360,239
33,1,325,225,360,237
34,1,325,225,359,237
35,1,326,224,364,236
36,1,327,224,360,234
37,1,328,224,361,235
38,1,326,221,362,232
39,1,327,221,362,232
40,1,327,221,362,232
41,1,327,219,364,231
42,1,326,219,365,231
43,1,326,219,367,232
44,1,326,216,366,229
45,1,326,216,367,229
46,1,328,218,368,231
47,1,329,215,369,228
48,1,330,215,369,227
49,1,331,215,370,227
50,1,332,213,370,225
51,1,333,214,371,226
52,1,334,211,372,223
53,1,334,209,376,222
54,1,335,209,376,222
55,1,337,208,377,221
56,1,338,208,377,220
57,1,339,208,379,221
58,1,340,205,381,218
59,1,341,207,381,220
60,1,344,206,382,218
61,1,346,207,382,218
62,1,347,207,384,219
63,1,349,207,385,218
64,1,350,207,386,218
65,1,351,208,385,219
66,1,352,207,386,218
67,1,352,207,386,218
68,1,356,206,393,221
69,1,353,205,389,220
70,1,358,207,396,222
71,1,357,206,397,222
72,1,355,204,396,221
73,1,356,207,397,224
74,1,357,205,398,222
75,1,359,207,396,222
76,1,358,207,397,223
77,1,358,205,398,222
78,1,361,208,398,223
79,1,361,208,397,223
80,1,359,206,399,223
81,1,360,211,399,227
82,1,364,209,398,223
83,1,360,211,398,226
84,1,360,214,398,229
85,1,360,212,400,228
86,1,363,215,398,229
87,1,360,217,399,232
88,1,361,216,398,231
89,1,361,221,397,235
90,1,363,222,399,236
91,1,364,221,399,235
92,1,361,225,399,240
93,1,362,228,398,242
94,1,361,228,398,243
95,1,360,232,399,248
96,1,359,234,399,250
97,1,358,241,396,255
98,1,356,245,396,260
99,1,353,247,396,263
100,1,352,250,396,266
101,1,351,249,395,265
102,1,350,253,391,268
103,1,349,255,390,270
104,1,349,253,390,268
105,1,348,256,389,271
106,1,348,253,389,271
107,1,348,250,390,268
108,1,348,254,389,274
109,1,348,252,389,272
110,1,349,253,389,273
111,1,348,249,389,269
112,1,348,248,389,268
113,1,348,249,389,269
114,1,347,246,389,267
115,1,347,244,387,264
116,1,345,242,387,263
117,1,346,239,386,259
118,1,346,237,384,256
119,1,349,235,384,256
120,1,350,232,383,250
121,1,350,228,382,247
122,1,351,228,381,246
123,1,350,223,378,240
124,1,349,221,376,238
125,1,350,218,384,235
126,1,350,215,383,232
127,1,349,212,379,229
128,1,352,210,375,225
129,1,348,206,380,225
130,1,345,202,381,221
131,1,345,200,382,219
132,1,344,199,382,218
133,1,344,197,382,216
134,1,343,195,380,214
135,1,344,195,381,214
136,1,343,193,380,212
137,1,342,192,378,211
138,1,342,191,378,209
139,1,342,190,377,208
140,1,342,189,376,206
141,1,342,189,375,206
142,1,340,188,374,205
143,1,340,185,373,202
144,1,339,183,375,201
145,1,338,180,374,198
146,1,338,179,373,196
147,1,337,178,372,195
148,1,336,176,372,194
149,1,336,175,370,192
150,1,336,175,370,192
151,1,335,173,369,190
152,1,335,174,368,191
153,1,333,173,368,190
154,1,333,172,367,189
155,1,332,174,366,191
156,1,332,172,366,189
157,1,332,171,366,188
158,1,332,174,366,191
159,1,331,172,365,189
160,1,332,172,365,189
161,1,331,173,365,190
162,1,331,171,365,188
163,1,331,173,364,190
164,1,331,174,364,191
165,1,330,171,364,188
166,1,330,173,364,190
167,1,330,173,365,190
168,1,330,173,365,190
169,1,330,175,365,193
170,1,326,173,361,188
171,1,326,175,362,190
172,1,326,176,361,191
173,1,325,174,362,190
174,1,325,175,361,191
175,1,327,176,360,190
176,1,326,175,361,190
177,1,327,175,362,190
178,1,327,174,361,189
179,1,327,173,362,188
180,1,327,173,360,187
181,1,329,173,362,187
182,1,328,171,361,185
183,1,329,173,365,186
184,1,328,172,364,185
185,1,330,173,366,186
186,1,329,171,366,184
187,1,331,170,367,183
188,1,330,172,366,185
189,1,331,170,368,183
190,1,331,169,367,182
191,1,332,170,368,183
192,1,332,168,368,181
193,1,332,169,369,182
194,1,332,169,368,182
195,1,333,167,369,180
196,1,331,165,367,179
197,1,331,163,367,177
198,1,331,162,367,176
199,1,332,163,368,177
200,1,332,160,368,174
201,1,332,160,368,174
202,1,333,162,369,176
203,1,332,158,368,172
204,1,333,161,369,175
205,1,332,161,368,175
206,1,334,158,370,172
207,1,333,161,369,175
208,1,334,161,370,175
209,1,333,158,369,172
210,1,335,163,369,176
211,1,334,161,369,175
212,1,335,159,371,173
213,1,335,162,370,176
214,1,335,159,371,173
215,1,339,161,370,176
216,1,339,165,370,180
217,1,339,162,370,177
218,1,339,160,369,175
219,1,340,161,371,176
220,1,339,158,370,173
221,1,340,159,371,174
222,1,339,158,370,173
223,1,340,156,371,171
224,1,340,156,371,171
225,1,341,155,372,170
226,1,339,154,371,169
227,1,340,157,374,173
228,1,341,158,371,172
229,1,343,159,372,173
230,1,341,159,372,174
231,1,343,160,373,175
232,1,344,161,371,178
233,1,345,163,372,180
234,1,345,161,372,178
235,1,346,165,373,182
236,1,345,166,373,183
237,1,346,165,373,182
238,1,345,167,373,185
239,1,347,170,373,186
240,1,346,168,372,185
241,1,347,171,373,187
242,1,347,172,373,188
243,1,346,172,373,187
244,1,348,177,373,191
245,1,345,178,373,191
246,1,346,177,374,190
247,1,343,180,373,194
248,1,345,180,376,194
249,1,345,180,375,194
250,1,348,185,375,198
251,1,346,184,373,197
252,1,347,187,376,201
253,1,346,189,374,202
254,1,347,188,376,201
255,1,347,191,375,204
256,1,349,192,376,205
257,1,348,192,376,205
258,1,350,195,377,207
259,1,348,196,379,210
260,1,351,197,379,210
261,1,351,200,379,212
262,1,352,201,379,213
263,1,352,202,379,214
264,1,349,206,371,216
265,1,352,205,377,216
266,1,349,206,372,217
267,1,352,209,374,219
268,1,351,207,373,217
269,1,353,209,375,219
270,1,351,210,373,220
271,1,359,209,383,222
272,1,359,212,381,224
273,1,358,212,384,226
274,1,360,212,382,224
275,1,362,214,384,226
276,1,359,214,382,226
277,1,358,214,379,225
278,1,361,216,382,227
279,1,360,215,382,227
280,1,361,215,382,227
281,1,363,216,384,227
282,1,363,217,383,228
283,1,360,216,384,228
284,1,361,217,384,228
285,1,361,217,384,228
286,1,361,217,385,229
287,1,360,217,385,230
288,1,362,217,384,228
289,1,361,217,384,228
290,1,363,218,384,229
291,1,361,218,384,229
292,1,363,220,385,231
293,1,360,219,385,231
294,1,364,220,385,231
295,1,359,219,386,232
296,1,362,222,385,234
297,1,362,222,385,233
298,1,362,221,387,234
299,1,362,222,385,234
300,1,365,224,387,235
301,1,361,223,386,235
302,1,365,226,387,237
303,1,364,225,386,236
304,1,365,226,388,237
305,1,363,227,387,239
306,1,364,227,388,239
307,1,365,228,388,239
308,1,362,229,388,242
309,1,362,227,389,241
310,1,365,228,390,240
311,1,365,230,389,242
312,1,363,230,391,244
313,1,364,231,390,244
314,1,367,232,392,245
315,1,367,233,390,244
316,1,366,234,390,246
317,1,367,236,391,248
318,1,365,236,390,248
319,1,365,237,392,251
320,1,366,238,390,250
321,1,369,239,392,251
322,1,367,241,391,253
323,1,367,240,392,252
324,1,367,241,391,253
325,1,367,241,391,253
326,1,366,241,391,254
327,1,366,244,391,257
328,1,363,242,390,256
329,1,363,243,390,257
330,1,363,247,389,260
331,1,366,247,389,259
332,1,366,248,389,260
333,1,365,251,388,263
334,1,364,249,388,261
335,1,364,252,388,264
336,1,364,253,389,266
337,1,363,251,388,264
338,1,362,254,389,268
339,1,361,253,389,267
340,1,362,252,388,265
341,1,361,254,388,268
342,1,362,252,388,265
343,1,362,253,387,265
344,1,361,257,388,271
345,1,361,254,387,267
346,1,360,255,387,269
347,1,360,258,387,271
348,1,360,255,386,268
349,1,360,259,385,272
350,1,360,260,384,272
351,1,360,257,385,269
352,1,360,260,385,272
353,1,360,258,385,270
354,1,359,257,384,269
355,1,362,263,383,273
356,1,361,258,383,268
357,1,362,259,383,269
358,1,362,260,383,270
359,1,362,255,383,265
360,1,361,257,383,267
361,1,362,256,383,266
362,1,361,253,382,263
363,1,362,255,383,265
364,1,361,254,382,264
365,1,361,251,382,261
366,1,361,251,382,261
367,1,361,250,382,260
368,1,361,247,382,257
369,1,361,246,382,256
370,1,360,244,381,254
371,1,360,243,381,253
372,1,360,242,382,253
373,1,361,240,380,250
374,1,361,238,380,248
375,1,359,240,378,250
376,1,360,235,379,245
377,1,359,234,378,244
378,1,359,235,378,245
379,1,358,233,377,243
380,1,358,233,377,243
381,1,356,231,375,241
382,1,356,230,375,240
383,1,353,230,374,241
384,1,354,229,373,239
385,1,351,227,372,238
386,1,352,228,372,238
387,1,349,226,371,237
388,1,347,226,369,238
389,1,348,228,368,239
390,1,347,227,366,237
391,1,346,227,365,237
392,1,345,228,365,238
393,1,345,227,364,237
394,1,344,231,363,241
395,1,343,228,362,238
396,1,342,228,361,238
397,1,340,230,359,240
398,1,340,228,359,238
399,1,339,231,359,241
400,1,338,230,357,240
401,1,338,227,357,237
402,1,338,229,357,239
403,1,337,228,356,238
404,1,335,226,355,236
405,1,337,228,356,238
406,1,336,226,355,236
407,1,335,226,354,236
408,1,336,228,355,238
409,1,336,225,355,235
410,1,336,225,355,235
411,1,336,225,355,235
412,1,334,221,353,231
413,1,336,224,355,234
414,1,336,222,355,232
415,1,337,220,356,230
416,1,337,222,356,232
417,1,338,220,357,230
418,1,337,219,356,229
419,1,339,220,358,230
420,1,337,217,360,228
421,1,338,219,360,229
422,1,340,219,361,229
423,1,340,216,361,226
424,1,341,218,362,228
425,1,340,216,361,226
426,1,341,214,362,224
427,1,339,214,363,225
428,1,341,214,364,225
429,1,342,213,364,224
430,1,343,214,364,224
431,1,343,214,364,224
432,1,342,213,365,224
433,1,344,214,365,224
434,1,344,213,365,223
435,1,344,213,366,224
436,1,345,214,366,224
437,1,344,212,366,223
438,1,344,212,366,223
439,1,346,213,367,223
440,1,346,213,368,223
441,1,346,214,367,224
442,1,347,213,368,223
443,1,348,213,369,223
444,1,348,213,369,223
445,1,348,215,369,225
446,1,348,214,369,224
447,1,349,213,370,223
448,1,348,215,370,226
449,1,351,213,372,223
450,1,352,216,374,226
451,1,352,213,373,223
452,1,352,214,373,224
453,1,352,214,373,224
454,1,353,212,375,223
455,1,352,212,374,223
456,1,354,213,377,224
457,1,353,212,376,223
458,1,356,213,378,224
459,1,356,213,378,223
460,1,358,213,382,225
461,1,359,216,380,226
462,1,360,214,383,225
463,1,361,217,382,227
464,1,362,218,383,228
465,1,362,217,383,227
466,1,363,219,384,229
467,1,364,219,385,229
468,1,365,218,387,229
469,1,367,220,389,230
470,1,368,219,389,229
471,1,370,219,391,229
472,1,371,220,392,230
473,1,372,219,393,229
474,1,372,218,395,229
475,1,374,218,396,229
476,1,375,217,398,228
477,1,378,216,399,226
478,1,379,215,400,225
479,1,384,214,404,224
480,1,384,214,404,224
481,1,386,214,406,224
482,1,385,214,405,224
483,1,387,214,408,224
484,1,392,212,412,223
485,1,395,215,413,225
486,1,394,214,412,224
487,1,396,213,414,223
488,1,399,216,417,227
489,1,400,216,418,227
490,1,400,215,418,226
491,1,401,218,420,230
492,1,405,213,424,226
493,1,406,214,426,228
494,1,406,216,426,229
495,1,409,215,428,229
496,1,409,217,428,231
497,1,410,219,429,233
498,1,410,217,430,231
499,1,410,221,429,235
500,1,411,220,428,233
501,1,411,220,428,232
502,1,413,225,429,236
503,1,416,224,436,235
504,1,419,226,437,236
505,1,420,227,438,237
506,1,418,226,439,237
507,1,421,228,439,238
508,1,422,227,440,237
509,1,422,228,441,238
510,1,422,229,442,240
511,1,423,228,443,239
512,1,423,230,442,240
513,1,423,231,441,241
514,1,425,227,443,237
515,1,425,228,444,238
516,1,424,223,442,237
517,1,425,224,443,238
518,1,423,224,442,239
519,1,424,221,443,236
520,1,424,220,443,235
521,1,424,220,443,235
522,1,424,218,443,233
523,1,424,219,443,234
524,1,424,217,443,232
525,1,424,217,443,232
526,1,423,217,443,233
527,1,423,216,443,232
528,1,422,215,443,230
529,1,422,215,443,230
530,1,422,215,443,230
531,1,422,215,441,231
532,1,422,214,441,230
533,1,422,216,441,232
534,1,423,218,440,232
535,1,422,216,439,229
536,1,422,218,438,230
537,1,423,221,439,233
538,1,421,214,434,230
539,1,421,215,433,230
540,1,420,215,433,231
541,1,416,216,429,232
542,1,421,216,434,232
543,1,421,217,434,233
544,1,420,216,433,232
545,1,420,218,433,234
565,1,399,202,421,214
566,1,400,201,421,212
567,1,398,201,419,212
568,1,399,201,417,211
569,1,398,201,418,212
570,1,398,200,418,211
571,1,399,201,418,211
572,1,397,199,418,210
573,1,396,199,418,211
574,1,396,197,417,208
575,1,395,196,415,207
576,1,396,196,415,206
577,1,395,195,415,205
578,1,394,195,414,206
579,1,393,194,412,204
580,1,394,192,413,202
581,1,394,192,413,202
582,1,393,190,412,200
583,1,393,189,412,199
584,1,391,188,412,199
585,1,388,184,412,197
586,1,389,184,413,197
587,1,388,184,412,196
588,1,391,183,413,195
589,1,390,181,413,193
590,1,390,180,412,191
591,1,390,179,409,189
592,1,388,177,409,188
593,1,388,176,408,186
594,1,387,174,407,185
595,1,384,173,402,186
596,1,383,171,401,184
597,1,382,173,400,186
598,1,382,172,400,185
599,1,378,171,398,186
600,1,377,171,397,185
601,1,376,169,396,183
602,1,376,170,395,184
603,1,374,170,394,185
604,1,373,168,393,183
605,1,372,170,392,185
606,1,371,168,392,183
607,1,372,169,390,182
608,1,371,172,388,184
609,1,369,168,391,181
610,1,368,168,390,181
611,1,367,169,388,182
612,1,366,166,389,179
613,1,364,167,386,180
614,1,363,167,385,180
615,1,362,165,384,178
616,1,364,168,383,179
617,1,362,168,382,180
618,1,362,166,381,177
619,1,355,168,378,180
620,1,356,167,377,178
621,1,355,166,375,176
622,1,355,169,374,179
644,1,315,171,330,182
645,1,314,169,328,179
646,1,314,172,328,182
647,1,310,170,324,180
648,1,309,168,323,178
649,1,305,171,321,182
650,1,304,169,319,180
651,1,303,169,317,179
652,1,303,171,317,181
653,1,302,167,316,177
654,1,301,169,315,179
675,1,242,165,265,180
676,1,236,167,259,182
677,1,237,167,260,182
678,1,235,166,258,181
679,1,233,165,256,180
680,1,231,166,254,181
681,1,229,167,252,182
682,1,223,167,246,182
683,1,225,166,248,181
684,1,224,166,246,180
685,1,222,166,244,180
686,1,216,164,242,181
687,1,217,165,241,180
688,1,211,164,237,181
689,1,213,163,238,180
690,1,206,167,232,180
691,1,207,167,232,179
692,1,201,165,227,178
693,1,203,167,225,178
694,1,200,165,221,176
695,1,198,162,220,173
696,1,194,161,215,172
697,1,190,158,215,170
698,1,190,153,218,167
699,1,190,156,216,169
700,1,183,151,208,164
701,1,182,150,206,163
702,1,178,149,204,163
703,1,177,148,202,158
704,1,173,149,198,159
742,1,134,173,153,187
743,1,134,173,153,187
744,1,134,175,153,189
745,1,135,179,154,193
746,1,136,178,154,191
747,1,136,181,154,195
748,1,137,184,156,198
749,1,137,183,157,198
750,1,138,186,158,201
751,1,138,190,158,205
752,1,139,191,159,206
753,1,140,193,160,208
754,1,141,194,162,210
755,1,141,195,162,211
756,1,142,198,164,214
757,1,143,200,164,215
758,1,144,201,165,217
759,1,145,204,166,219
760,1,146,205,166,220
761,1,147,206,168,221
762,1,148,209,168,223
763,1,149,209,169,223
764,1,150,210,171,226
765,1,151,211,172,226
766,1,153,212,174,227
767,1,153,212,175,228
768,1,154,213,176,230
769,1,157,215,179,232
770,1,158,215,180,232
771,1,159,214,181,230
772,1,161,215,185,232
773,1,162,216,186,233
774,1,165,218,188,235
775,1,168,220,189,236
776,1,170,220,192,236
777,1,171,220,193,236
778,1,177,220,199,236
779,1,178,221,200,238
780,1,180,222,201,238
781,1,181,221,203,237
782,1,190,218,212,234
783,1,193,221,213,235
784,1,195,220,214,234
785,1,196,218,216,233
786,1,197,219,217,234
787,1,200,218,219,232
788,1,202,219,221,233
789,1,203,220,222,234
790,1,205,217,224,231
791,1,206,218,225,232
792,1,207,218,227,233
793,1,209,217,231,233
794,1,210,218,233,235
795,1,212,218,234,234
796,1,215,223,234,237
797,1,217,225,233,237
798,1,218,225,234,237
799,1,220,226,242,239
800,1,223,227,245,240
801,1,224,230,246,243
802,1,228,233,248,245
803,1,229,233,249,245
804,1,232,237,253,249
805,1,234,239,254,251
806,1,235,238,257,251
807,1,238,243,259,255
808,1,241,243,262,255
809,1,242,242,264,255
810,1,244,248,265,260
811,1,248,248,268,260
812,1,250,248,271,260
813,1,252,251,275,265
814,1,253,252,276,266
815,1,256,255,280,269
816,1,258,258,281,272
817,1,261,257,285,271
818,1,263,260,286,273
819,1,265,261,291,276
820,1,267,261,291,275
821,1,270,263,295,278
822,1,273,265,296,279
823,1,275,263,300,278
824,1,276,265,303,281
825,1,278,262,306,278
826,1,284,258,308,274
827,1,286,258,309,273
828,1,288,250,314,267
829,1,290,247,316,264
830,1,293,245,320,263
831,1,295,239,321,257
832,1,299,232,324,249
833,1,300,227,327,245
834,1,302,220,327,237
835,1,301,215,324,230
836,1,304,212,325,226
837,1,307,208,329,224
838,1,310,202,331,218
839,1,314,198,335,213
840,1,313,195,334,210
841,1,317,193,336,207
842,1,317,190,335,203
843,1,319,190,338,204
844,1,321,189,337,201
845,1,324,186,340,198
846,1,324,185,340,197
847,1,326,186,347,197
848,1,325,184,348,196
849,1,328,183,351,197
850,1,328,182,353,197
851,1,330,181,353,195
852,1,332,181,356,196
853,1,333,182,357,197
854,1,336,181,358,194
855,1,337,182,358,195
856,1,339,180,362,194
857,1,340,177,362,190
858,1,343,177,366,191
859,1,344,178,363,190
860,1,347,176,367,188
861,1,347,175,368,188
862,1,350,173,370,185
863,1,349,172,369,184
864,1,353,172,371,183
865,1,352,168,370,179
866,1,354,170,372,181
867,1,353,170,371,181
868,1,354,167,375,180
869,1,360,168,376,180
870,1,361,170,377,182
887,1,411,183,429,194
888,1,415,181,432,191
889,1,417,182,435,193
890,1,421,183,437,193
891,1,423,181,442,192
892,1,428,183,446,194
893,1,429,181,446,192
894,1,434,180,451,190
895,1,435,182,452,192
896,1,439,181,457,192
897,1,442,181,459,191
898,1,448,185,465,195
899,1,449,183,465,193
900,1,454,181,470,191
901,1,456,184,472,194
902,1,461,185,477,195
903,1,461,184,479,195
904,1,467,187,483,197
905,1,469,187,486,198
906,1,470,186,491,199
907,1,472,189,492,201
908,1,477,190,495,201
909,1,479,189,499,201
910,1,480,191,500,203
911,1,483,191,505,204
912,1,483,191,506,205
913,1,487,194,509,207
914,1,491,190,512,206
915,1,496,190,515,205
916,1,496,191,517,207
917,1,499,193,521,210
918,1,501,192,521,207
919,1,505,195,525,210
920,1,504,191,526,208
921,1,510,194,530,209
922,1,510,195,530,210
923,1,514,193,535,209
924,1,514,194,535,210
925,1,517,196,538,212
926,1,518,195,538,211
927,1,519,194,541,211
928,1,522,197,542,212
929,1,524,198,542,212
930,1,524,198,543,212
931,1,526,197,546,212
932,1,527,198,547,213
933,1,526,198,546,214
934,1,528,197,548,212
935,1,528,197,547,212
936,1,530,200,550,215
937,1,530,199,550,214
938,1,531,201,551,216
939,1,531,202,551,217
940,1,534,202,553,217
941,1,532,202,552,217
942,1,535,205,553,219
943,1,534,204,552,217
944,1,536,206,553,219
945,1,538,206,556,220
946,1,538,208,555,221
947,1,537,209,555,223
948,1,537,209,556,223
949,1,537,210,555,224
950,1,538,211,555,224
951,1,539,211,557,224
952,1,538,211,556,225
953,1,540,212,558,226
954,1,540,211,557,224
955,1,540,212,559,226
956,1,539,212,557,226
957,1,541,212,559,226
958,1,539,214,556,227
959,1,540,213,558,227
960,1,539,213,557,227
961,1,541,214,559,228
962,1,538,213,557,227
963,1,539,213,557,227
964,1,538,213,557,227
965,1,538,213,557,228
966,1,538,215,556,229
967,1,539,215,557,229
968,1,539,215,556,228
969,1,537,215,556,229
970,1,538,216,555,229
971,1,538,216,555,229
972,1,538,216,556,229
973,1,536,217,554,231
974,1,536,216,555,230
975,1,535,215,553,229
976,1,537,218,553,230
977,1,535,216,550,227
978,1,536,215,551,227
979,1,534,217,550,229
980,1,535,215,551,227
981,1,533,213,549,225
982,1,534,216,548,227
983,1,532,213,548,225
984,1,532,213,547,225
985,1,530,213,546,225
986,1,530,212,546,224
987,1,529,211,545,224
988,1,527,212,544,225
989,1,522,211,538,223
990,1,526,213,542,225
991,1,526,215,541,226
992,1,524,214,540,226
993,1,523,218,538,230
994,1,522,220,537,232
995,1,521,219,538,232
996,1,520,223,536,235
997,1,519,223,535,235
998,1,517,225,533,237
999,1,516,231,532,243
1000,1,514,229,531,242
1001,1,514,232,530,245
1002,1,512,235,529,248
1003,1,512,235,529,248
1004,1,510,238,527,251
1005,1,509,239,526,252
1006,1,507,240,524,253
1007,1,507,242,524,255
1008,1,505,242,523,256
1009,1,504,243,522,257
1010,1,503,246,520,259
1011,1,502,245,519,258
1012,1,500,248,517,261
1013,1,499,251,516,264
1014,1,497,249,515,263
1015,1,496,251,513,264
1016,1,495,252,513,266
1017,1,493,252,511,266
1018,1,492,254,510,268
1019,1,490,254,510,269
1020,1,489,253,509,268
1021,1,486,256,506,271
1022,1,482,256,506,271
1023,1,479,256,504,272
1024,1,476,256,502,272
1025,1,475,258,499,273
1026,1,474,258,497,272
1027,1,472,256,497,271
1028,1,468,258,495,275
1029,1,467,257,496,275
1030,1,466,256,491,274
1031,1,465,258,490,276
1032,1,462,256,486,274
1033,1,461,256,485,274
1034,1,459,257,482,274
1035,1,457,253,481,271
1036,1,456,252,479,269
1037,1,453,252,476,269
1038,1,453,249,475,265
1039,1,446,248,476,262
1040,1,441,246,473,261
1041,1,441,243,472,258
1042,1,438,242,474,258
1043,1,437,240,473,256
1044,1,438,236,474,252
1045,1,434,234,472,251
1046,1,434,230,472,247
1047,1,434,225,459,241
1048,1,428,224,459,238
1049,1,428,218,459,232
1050,1,428,213,459,227
1051,1,419,211,453,225
1052,1,416,203,454,219
1053,1,416,198,454,214
1054,1,414,194,451,214
1055,1,414,188,451,208
1056,1,409,178,442,198
1057,1,408,168,441,188
1058,1,403,164,429,182
1059,1,402,164,429,182
1060,1,396,157,423,176
1061,1,394,153,419,170
1062,1,392,153,419,171
1063,1,386,143,417,162
1064,1,382,144,406,161
1065,1,377,144,403,162
1066,1,376,140,399,156
1067,1,372,138,396,155
1068,1,369,139,391,154
1069,1,367,136,387,150
1070,1,364,137,385,152
1071,1,363,136,385,152
1072,1,357,132,377,147
1073,1,354,134,372,148
1074,1,353,135,371,148
1080,1,326,132,351,145
1081,1,327,132,351,145
1109,1,250,161,276,177
1110,1,253,165,280,182
1111,1,253,168,277,183
1112,1,246,173,276,187
1113,1,247,179,277,193
1114,1,241,182,269,197
1115,1,242,185,270,200
1116,1,244,186,272,201
1117,1,235,185,258,200
1118,1,233,184,259,203
1119,1,232,186,255,202
1120,1,234,187,257,203
1121,1,233,189,256,205
1122,1,226,185,252,199
1123,1,227,187,252,200
1124,1,220,187,246,203
1125,1,218,183,243,200
1126,1,220,184,245,201
1127,1,219,184,245,202
1128,1,214,182,238,198
1129,1,214,182,238,198
1130,1,216,180,240,196
1131,1,209,180,232,194
1132,1,209,179,231,195
1172,1,114,84,136,102
1173,1,112,85,134,103
1174,1,111,86,132,103
1175,1,110,90,129,105
1176,1,109,91,128,107
1177,1,109,91,128,107
1178,1,109,91,128,107
1179,1,105,95,122,109
1180,1,104,96,120,109
1181,1,104,102,121,116
1182,1,102,101,119,115
1183,1,101,104,120,118
1184,1,100,106,120,121
1185,1,101,108,120,122
1186,1,98,113,118,128
1187,1,102,118,118,130
1188,1,101,121,117,133
1189,1,101,126,117,137
1190,1,101,128,117,140
1191,1,100,131,117,144
1192,1,101,136,118,148
1193,1,102,137,118,149
1194,1,102,144,118,156
1195,1,102,147,118,158
1196,1,102,148,117,159
1197,1,102,155,117,166
1198,1,102,156,117,167
1199,1,103,157,119,169
1200,1,106,164,121,175
1201,1,105,165,120,176
1202,1,106,168,120,178
1203,1,106,173,120,183
1204,1,107,174,121,184
1205,1,107,178,121,188
1206,1,107,180,121,190
1207,1,107,181,121,191
1208,1,105,186,119,197
1209,1,108,190,122,200
1210,1,109,190,123,200
1211,1,110,193,124,203
1234,1,115,172,136,189
1235,1,118,168,137,183
1236,1,122,168,134,181
1237,1,122,164,134,177
1238,1,125,161,138,175
1240,1,125,158,146,170
1241,1,128,154,149,166
1242,1,132,151,151,162
1243,1,133,149,154,161
1244,1,137,145,159,157
1245,1,142,144,163,156
1246,1,143,141,163,153
1247,1,146,140,168,152
1248,1,149,141,170,153
1249,1,152,138,172,149
1250,1,154,138,172,148
1251,1,158,139,178,150
1252,1,160,135,181,147
1253,1,163,136,184,148
1254,1,165,136,186,148
1255,1,169,133,188,144
1256,1,171,135,190,146
1257,1,175,134,195,145
1258,1,177,130,197,142
1259,1,180,131,202,144
1260,1,185,130,204,141
1261,1,189,129,207,139
1262,1,192,130,213,142
1263,1,199,130,220,142
1264,1,204,133,224,145
1265,1,209,135,227,145
1266,1,214,138,232,148
1267,1,218,142,237,153
1268,1,222,145,241,156
1269,1,226,152,245,163
1270,1,230,156,249,167
1271,1,235,161,253,171
1272,1,238,168,257,179
1273,1,242,175,261,186
1274,1,246,180,265,191
1275,1,248,186,267,197
1276,1,251,191,269,201
1277,1,255,194,273,204
1278,1,259,200,277,210
1279,1,263,203,281,213
1280,1,267,208,287,219
1281,1,272,211,290,221
1282,1,276,213,294,223
1283,1,280,218,298,228
1284,1,285,220,303,230
1285,1,288,221,307,232
1286,1,291,224,311,235
1287,1,295,224,315,236
1288,1,300,226,320,237
1289,1,309,228,330,240
1290,1,314,230,334,241
1291,1,317,231,338,243
1292,1,321,231,343,243
1293,1,325,233,346,245
1294,1,330,235,351,247
1295,1,333,235,355,248
1296,1,337,239,359,251
1297,1,341,242,363,254
1298,1,344,245,365,257
1299,1,347,248,368,260
1300,1,349,251,371,264
1301,1,354,256,375,268
1302,1,356,257,379,270
1303,1,360,260,384,274
1304,1,364,264,388,278
1305,1,368,266,394,281
1306,1,371,270,397,285
1307,1,377,273,402,287
1308,1,382,274,405,289
1309,1,386,277,410,293
1310,1,390,279,413,294
1311,1,393,280,420,297
1312,1,397,282,421,298
1313,1,401,281,427,298
1314,1,404,282,429,298
1315,1,409,280,435,297
1316,1,415,278,443,296
1317,1,417,274,447,294
1318,1,423,273,449,290
1319,1,425,272,453,290
1320,1,427,269,456,288
1321,1,433,268,456,284
1322,1,436,268,458,283
1323,1,439,265,460,279
1324,1,441,265,461,279
1325,1,443,266,464,281
1326,1,444,262,466,277
1327,1,447,263,468,278
1328,1,449,261,469,275
1329,1,450,257,472,272
1330,1,450,258,471,273
1331,1,453,257,472,270
1332,1,452,254,471,267
1333,1,456,257,473,269
1334,1,456,254,477,266
1335,1,457,252,479,265
1336,1,458,254,479,266
1337,1,456,253,476,264
1338,1,463,247,482,258
1339,1,465,248,483,258
1340,1,466,245,484,255
1341,1,468,245,485,255
1342,1,469,244,488,255
1343,1,469,243,487,254
1344,1,469,243,487,254
1345,1,469,242,488,253
1346,1,469,241,488,252
1347,1,470,241,488,251
1348,1,471,240,489,250
1349,1,469,241,488,252
1350,1,470,241,487,251
1351,1,469,241,487,252
1352,1,469,241,488,252
1353,1,467,241,486,252
1354,1,468,242,486,253
1355,1,467,242,486,253
1356,1,467,242,486,253
1357,1,465,243,484,254
1358,1,466,244,484,254
1359,1,465,244,483,255
1360,1,464,246,482,256
1361,1,462,246,480,257
1362,1,463,246,481,257
1363,1,461,249,479,260
1364,1,461,250,478,260
1365,1,460,250,477,260
1366,1,459,252,477,262
1367,1,457,252,475,262
1368,1,457,254,475,264
1369,1,456,254,473,264
1370,1,456,256,473,266
1371,1,454,258,471,268
1372,1,452,257,470,267
1373,1,451,259,469,270
1374,1,450,259,468,270
1375,1,449,258,467,269
1376,1,448,262,465,272
1377,1,446,260,464,270
1378,1,443,258,462,269
1379,1,443,262,460,272
1380,1,442,260,459,270
1381,1,441,257,458,267
1382,1,441,259,458,269
1383,1,440,256,457,266
1384,1,440,252,457,262
1385,1,440,250,457,260
1386,1,439,245,457,255
1387,1,439,239,457,249
1388,1,439,237,456,247
1389,1,438,230,456,240
1390,1,438,225,455,235
1391,1,438,222,455,232
1392,1,439,216,456,226
1393,1,439,211,456,221
1394,1,440,209,457,219
1395,1,438,204,456,214
1396,1,438,201,456,212
1397,1,440,196,458,206
1398,1,440,196,458,206
1399,1,440,195,457,205
1400,1,440,190,458,200
1401,1,440,192,457,202
1402,1,440,191,457,201
1403,1,439,187,457,198
1404,1,438,189,457,200
1405,1,438,185,458,196
1406,1,438,183,456,194
1407,1,438,185,457,196
1408,1,438,181,457,192
1409,1,438,180,456,191
1410,1,438,182,456,192
1411,1,438,179,455,189
1412,1,437,178,454,188
1413,1,437,178,454,188
1414,1,437,174,454,184
1415,1,435,172,452,182
1416,1,435,169,452,179
1417,1,433,169,451,179
1418,1,430,166,447,176
1419,1,433,165,450,175
1420,1,432,162,450,173
1421,1,432,160,449,170
1422,1,431,160,448,170
1423,1,430,158,448,168
1424,1,430,155,447,165
1425,1,428,157,447,168
1426,1,426,153,447,165
1427,1,428,151,448,163
1428,1,428,154,446,164
1429,1,429,151,446,161
1430,1,428,150,446,160
1431,1,428,150,446,160
1432,1,426,149,444,160
1433,1,426,151,445,162
1434,1,425,152,444,163
1435,1,422,148,445,161
1436,1,422,152,444,165
1437,1,422,152,442,164
1438,1,422,153,441,164
1439,1,422,153,441,164
1440,1,420,153,439,164
1441,1,418,154,438,166
1442,1,419,156,437,166
1443,1,414,152,432,163
1444,1,418,156,435,166
1445,1,413,156,438,166
1446,1,412,155,437,165
1447,1,411,157,436,167
1448,1,411,157,436,167
1449,1,410,156,427,166
1450,1,414,159,431,169
1451,1,412,156,430,166
1452,1,410,157,427,167
1453,1,414,159,431,169
1454,1,411,156,429,166
1455,1,416,159,433,169
1456,1,417,158,434,168
1457,1,414,156,432,167
1458,1,419,159,437,169
1459,1,417,157,434,167
1460,1,422,157,439,167
1461,1,422,157,439,167
1462,1,418,155,437,166
1463,1,425,158,442,168
1464,1,423,158,440,168
1465,1,426,158,443,168
1466,1,423,160,440,170
1467,1,425,163,442,173
1468,1,423,161,449,171
1469,1,428,163,449,174
1470,1,427,163,449,174
1471,1,427,162,449,174
1472,1,427,164,449,175
1473,1,428,163,448,174
1474,1,425,163,447,175
1475,1,426,163,447,174
1476,1,425,161,445,172
1477,1,425,165,445,178
1478,1,423,164,443,177
1479,1,423,163,444,176
1480,1,423,166,442,178
1481,1,423,164,443,177
1482,1,414,163,433,177
1483,1,412,165,433,180
1484,1,412,163,431,177
1485,1,411,165,430,179
1486,1,411,168,430,182
1487,1,409,166,428,180
1488,1,407,167,428,182
1489,1,412,170,432,184
1490,1,407,169,437,185
1491,1,405,169,436,186
1492,1,406,172,436,188
1493,1,404,173,433,188
1494,1,402,175,429,190
1495,1,400,177,426,192
1496,1,399,175,427,191
1497,1,397,177,426,193
1498,1,396,178,427,195
1499,1,395,177,425,194
1500,1,395,179,425,196
1501,1,391,179,423,197
1502,1,393,179,422,195
1503,1,391,184,421,201
1504,1,391,184,423,202
1505,1,391,182,421,199
1506,1,389,187,419,204
1507,1,388,186,421,204
1508,1,388,188,418,205
1509,1,388,192,419,209
1510,1,387,191,416,207
1511,1,387,194,415,209
1512,1,385,197,413,213
1513,1,385,198,413,214
1514,1,383,205,412,221
1515,1,382,212,411,228
1516,1,381,218,409,234
1517,1,380,228,410,245
1518,1,378,236,409,253
1519,1,379,247,409,263
1520,1,376,261,406,278
1521,1,377,267,408,284
1522,1,374,276,407,294
1523,1,376,288,407,305
1524,1,374,293,406,311
1525,1,374,300,407,318
1526,1,376,308,406,325
1527,1,376,311,407,328
1528,1,376,318,408,336
1529,1,375,323,407,341
1530,1,375,324,408,343
1531,1,374,331,408,350
1532,1,375,335,409,354
1533,1,374,333,409,352
1534,1,375,335,410,354
1535,1,372,330,407,349
1536,1,373,322,408,342
1537,1,371,315,406,335
1538,1,372,305,408,325
1539,1,370,295,405,314
1540,1,370,280,405,299
1541,1,371,274,405,293
1542,1,370,268,404,287
1543,1,370,261,403,279
1544,1,371,257,404,275
1545,1,370,252,403,270
1546,1,368,253,402,272
1547,1,367,255,401,274
1548,1,368,257,400,272
1549,1,368,260,398,274
1550,1,369,264,398,278
1551,1,367,264,398,279
1552,1,369,269,398,283
1553,1,369,272,397,285
1554,1,371,273,397,285
1555,1,370,279,395,291
1556,1,372,282,401,296
1557,1,371,285,399,299
1558,1,373,289,400,302
1559,1,371,290,399,303
1560,1,374,294,400,306
1561,1,371,298,398,311
1562,1,374,296,399,308
1563,1,374,297,404,310
1564,1,375,300,404,312
1565,1,373,294,408,309
1566,1,373,294,408,309
1567,1,372,294,407,309
1568,1,374,289,407,302
1569,1,374,289,407,302
1570,1,373,285,408,299
1571,1,378,278,412,289
1572,1,376,272,412,284
1573,1,377,266,414,278
1574,1,375,258,414,271
1575,1,376,252,416,267
1576,1,374,244,416,257
1577,1,375,238,419,252
1578,1,373,232,419,244
1579,1,374,226,421,238
1580,1,379,215,424,230
1581,1,379,209,423,224
1582,1,383,206,425,220
1583,1,383,205,425,219
1584,1,382,201,429,217
1585,1,381,201,432,218
1586,1,385,203,432,219
1587,1,384,201,433,217
1588,1,383,204,432,220
1589,1,389,206,430,223
1590,1,389,207,431,224
1591,1,394,212,430,227
1592,1,393,214,430,229
1593,1,393,215,433,231
1594,1,392,220,436,237
1595,1,393,224,437,241
1596,1,394,224,437,241
1597,1,397,229,438,245
1598,1,393,232,437,249
1599,1,395,236,436,252
1600,1,394,238,437,255
1601,1,400,237,439,257
1602,1,398,241,438,261
1603,1,398,241,439,262
1604,1,397,241,436,259
1605,1,396,240,437,259
1606,1,396,239,438,258
1607,1,397,234,436,255
1608,1,396,231,437,253
1609,1,395,227,435,248
1610,1,395,221,436,243
1611,1,392,217,432,239
1612,1,394,215,433,236
1613,1,390,207,430,229
1655,1,368,1,402,29
1656,1,370,0,403,28
1657,1,370,-2,403,25
1658,1,371,-6,405,22
1683,1,406,0,436,10
1684,1,409,0,438,10
1685,1,409,0,440,16
1686,1,414,0,443,14
1687,1,414,0,443,14
1688,1,416,4,447,20
1689,1,418,2,446,21
1690,1,421,2,450,25
1691,1,421,8,450,31
1692,1,424,10,453,33
1693,1,425,12,453,34
1694,1,429,17,458,40
1695,1,429,17,458,40
1696,1,432,20,461,43
1697,1,434,24,462,46
1698,1,436,23,464,45
1699,1,437,26,465,48
1700,1,438,29,466,51
1701,1,440,31,466,52
1702,1,442,35,469,56
1703,1,443,37,469,58
1704,1,444,40,470,61
1705,1,444,46,470,67
1706,1,444,48,470,69
1707,1,446,50,472,71
1708,1,446,56,472,77
1709,1,447,59,473,79
1710,1,448,61,474,81
1711,1,449,66,475,87
1712,1,448,70,474,90
1713,1,449,74,475,94
1714,1,449,78,475,98
1715,1,449,82,475,103
1716,1,450,85,475,104
1717,1,450,90,473,109
1718,1,451,93,474,111
1719,1,451,94,474,112
1720,1,452,99,475,117
1721,1,451,102,473,119
1722,1,451,103,473,120
1723,1,451,107,472,124
1724,1,451,108,473,125
1725,1,451,108,473,125
1726,1,450,122,469,137
1727,1,454,112,472,129
1728,1,454,111,472,128
1729,1,454,116,471,132
1730,1,454,113,472,130
1731,1,454,113,471,129
1732,1,454,117,471,133
1864,1,428,204,448,219
1865,1,429,206,450,222
1866,1,431,207,451,222
1867,1,433,206,453,221
1868,1,433,210,454,226
1869,1,436,212,457,227
1870,1,437,210,457,225
1871,1,437,216,459,232
1872,1,438,220,460,235
1873,1,439,220,461,235
1874,1,441,229,462,244
1875,1,443,229,465,243
1876,1,445,231,467,245
1877,1,448,238,467,250
1878,1,449,238,469,251
1879,1,450,240,469,252
1880,1,451,244,471,257
1881,1,452,242,472,255
1882,1,452,243,473,257
1883,1,454,243,474,256
1884,1,453,239,474,252
1885,1,455,241,475,254
1886,1,455,239,476,252
1887,1,457,235,477,248
1888,1,456,237,476,250
1889,1,455,233,477,247
1890,1,456,230,477,243
1891,1,456,231,476,244
1892,1,454,227,475,241
1893,1,454,227,474,240
1894,1,454,227,473,239
1895,1,451,224,472,238
1896,1,451,227,472,240
1897,1,450,227,469,239
1898,1,449,223,469,236
1899,1,447,221,467,233
1900,1,446,216,466,229
1901,1,445,209,465,222
1902,1,444,206,464,218
1903,1,442,199,463,213
1904,1,440,192,462,206
1905,1,439,188,460,202
1906,1,438,182,459,195
1907,1,438,176,458,189
1908,1,437,171,456,183
1909,1,436,164,455,176
1950,1,397,142,414,153
1951,1,398,145,414,155
1952,1,397,151,414,162
1953,1,397,155,414,166
1954,1,398,159,414,170
1955,1,396,165,412,175
1956,1,395,166,412,177
1957,1,397,169,412,179
1958,1,397,174,412,184
2074,1,432,284,448,297
2075,1,430,282,447,296
2076,1,428,283,445,297
2077,1,428,282,445,296
2078,1,427,280,443,293
2079,1,426,279,443,293
2080,1,425,276,442,289
2081,1,423,272,441,286
2082,1,421,268,439,283
2083,1,421,263,439,277
2084,1,420,258,438,272
2085,1,419,253,437,268
2086,1,418,247,437,262
2087,1,419,241,437,255
2088,1,417,237,436,252
2089,1,417,231,436,247
2090,1,416,226,436,242
2091,1,417,225,437,241
2092,1,416,222,436,238
2093,1,417,225,436,240
2094,1,417,224,436,240
2095,1,417,225,437,241
2096,1,416,227,436,243
2097,1,417,227,437,243
2098,1,417,227,437,243
2099,1,419,226,438,241
2100,1,417,222,437,238
2101,1,419,220,437,235
2102,1,419,215,438,230
2103,1,419,210,438,226
2104,1,419,206,437,221
2105,1,420,201,439,217
2106,1,421,195,439,209
2107,1,419,189,439,205
2108,1,421,184,439,199
2109,1,421,180,439,195
2110,1,420,178,438,193
2111,1,422,174,438,187
2112,1,422,172,438,185
2113,1,421,168,437,181
2114,1,422,165,438,178
2115,1,421,165,436,177
2116,1,420,162,435,174
2117,1,419,161,434,173
2118,1,419,160,434,172
2119,1,418,156,432,168
2120,1,418,158,432,170
2121,1,417,159,431,171
2232,1,451,215,468,226
2233,1,451,211,468,222
2234,1,453,214,469,225
2235,1,454,210,471,221
2236,1,455,214,470,224
2237,1,457,211,473,221
2238,1,457,209,473,219
2239,1,457,212,474,223
2240,1,458,207,474,218
2241,1,460,206,477,217
2242,1,459,209,476,220
2243,1,461,206,477,216
2244,1,461,201,478,212
2245,1,463,203,480,214
2246,1,464,203,480,213
2247,1,463,200,480,211
2248,1,464,201,481,212
2249,1,462,200,481,212
2250,1,465,199,482,210
2251,1,466,200,482,210
2252,1,467,199,484,210
2253,1,468,198,484,208
2254,1,469,201,485,212
2255,1,468,198,486,209
2256,1,472,199,488,209
2257,1,472,199,489,210
2258,1,473,198,490,209
2259,1,475,199,491,209
2260,1,476,200,493,211
2261,1,477,199,494,210
2262,1,480,199,496,210
2263,1,479,201,496,212
2264,1,482,200,499,211
2265,1,485,201,501,211
2266,1,484,203,502,215
2267,1,486,202,503,213
2268,1,488,205,504,216
2269,1,488,206,506,217
2270,1,491,206,508,217
2271,1,493,209,509,220
2272,1,492,211,509,222
2273,1,495,212,512,223
2274,1,496,216,512,227
2275,1,497,218,514,229
2276,1,498,221,514,231
2277,1,499,225,516,236
2278,1,499,227,515,237
2279,1,500,230,518,242
2280,1,497,235,523,246
2281,1,499,237,523,247
2282,1,499,240,523,250
2283,1,498,243,525,254
2284,1,500,246,524,256
2285,1,500,250,524,260
2286,1,498,253,524,264
2287,1,499,254,523,264
2288,1,499,257,525,268
2289,1,497,260,525,272
2290,1,499,260,524,270
2291,1,497,262,523,273
2292,1,496,264,523,276
2293,1,494,263,522,275
2294,1,493,266,523,279
2295,1,493,266,522,278
2296,1,493,267,523,279
2297,1,492,269,520,281
2298,1,490,267,521,280
2299,1,488,269,520,283
2300,1,490,272,520,285
2301,1,487,270,519,284
2302,1,487,273,519,287
2303,1,486,274,518,288
2304,1,485,273,520,288
2305,1,484,275,517,289
2306,1,485,275,517,289
2307,1,484,275,516,289
2308,1,481,277,515,292
2309,1,481,281,511,296
2310,1,478,280,509,296
2311,1,478,283,508,298
2312,1,479,286,506,302
2313,1,478,286,506,302
2314,1,476,288,504,304
2315,1,474,292,502,309
2316,1,471,292,500,309
2317,1,471,297,496,313
2318,1,468,297,493,313
2319,1,467,299,492,315
2320,1,464,299,490,315
2321,1,464,299,489,315
2322,1,459,299,485,316
2323,1,459,299,485,316
2324,1,456,296,482,312
2325,1,453,294,481,312
2326,1,451,290,479,308
2327,1,449,287,477,305
2328,1,447,286,475,304
2329,1,444,282,473,300
2330,1,442,280,470,298
2331,1,439,279,467,297
2332,1,436,276,466,295
2333,1,432,273,462,292
2334,1,430,271,461,291
2335,1,425,268,456,288
2336,1,424,267,455,287
2337,1,420,265,450,284
2338,1,417,261,449,282
2339,1,414,261,446,281
2340,1,411,257,443,278
2341,1,407,256,439,277
2342,1,404,255,438,277
2343,1,400,251,434,273
2344,1,397,250,431,272
2345,1,395,250,427,270
2346,1,391,246,426,268
2347,1,388,245,423,267
2348,1,385,244,420,266
2349,1,380,241,415,264
2350,1,376,236,412,259
2351,1,371,233,405,255
2352,1,371,231,406,253
2353,1,371,227,405,249
2354,1,371,224,405,246
2355,1,371,224,405,246
2356,1,371,219,406,242
2357,1,371,216,406,238
2358,1,372,217,406,238
2359,1,373,211,407,233
2360,1,374,209,408,230
2361,1,376,207,409,228
2362,1,377,199,410,220
2363,1,379,197,411,217
2364,1,381,195,413,215
2365,1,382,189,414,209
2366,1,384,190,422,208
2367,1,386,188,424,206
2368,1,385,182,423,200
2369,1,386,183,424,201
2370,1,387,180,425,198
2371,1,387,175,426,193
2372,1,390,177,427,195
2373,1,390,170,426,187
2374,1,389,169,426,186
2375,1,389,170,425,187
2376,1,392,168,425,183
2377,1,392,171,425,187
2378,1,394,172,423,186
2379,1,395,166,430,182
2380,1,393,170,430,187
2381,1,391,169,431,187
2382,1,390,169,431,188
2383,1,390,173,428,190
2384,1,379,168,429,187
2385,1,378,170,428,189
2386,1,376,173,426,192
2387,1,379,168,423,185
2388,1,376,170,422,187
2389,1,375,173,418,189
2390,1,373,170,418,187
2391,1,371,172,416,189
2392,1,368,172,415,190
2393,1,362,168,416,188
2394,1,358,171,413,192
2395,1,361,173,407,191
2396,1,354,170,405,190
2397,1,354,173,405,193
2398,1,349,170,405,191
2399,1,347,169,402,190
2400,1,345,173,401,194
2401,1,343,170,401,192
2402,1,341,170,398,192
2403,1,340,173,397,195
2404,1,338,169,394,190
2405,1,337,170,393,191
2406,1,336,173,392,194
2407,1,334,169,390,190
2408,1,333,171,398,193
2409,1,328,172,398,196
2410,1,331,169,397,191
2411,1,328,172,395,195
2412,1,328,172,396,195
2413,1,327,170,395,193
2414,1,326,171,394,194
2415,1,326,171,394,194
2416,1,325,169,393,192
2417,1,324,172,393,195
2418,1,324,171,393,194
2419,1,324,170,393,193
2420,1,324,174,392,197
2421,1,324,172,397,197
2422,1,324,171,397,196
2423,1,325,174,398,199
2424,1,325,173,399,198
2425,1,326,174,402,200
2426,1,327,176,401,201
2427,1,330,175,404,200
2428,1,330,179,405,204
2429,1,333,181,408,206
2430,1,333,178,409,204
2431,1,336,182,413,208
2432,1,339,180,407,207
2433,1,342,180,411,207
2434,1,344,171,413,210
2435,1,347,170,416,209
2436,1,349,174,417,213
2437,1,352,172,422,212
2438,1,355,169,425,209
2439,1,357,173,428,213
2440,1,361,174,431,214
2441,1,363,171,434,211
2442,1,368,174,437,213
2443,1,370,172,439,211
2444,1,374,173,443,212
2445,1,375,174,443,213
2446,1,378,174,446,212
2447,1,386,168,449,215
2448,1,389,168,452,215
2449,1,393,164,455,210
2450,1,396,166,457,211
2451,1,399,164,458,208
2452,1,402,160,461,204
2453,1,404,162,462,205
2454,1,409,162,464,203
2455,1,410,160,465,197
2456,1,412,162,467,199
2457,1,413,162,467,198
2458,1,416,159,469,195
2459,1,418,161,471,197
2460,1,420,160,473,196
2461,1,421,159,474,195
2462,1,422,160,475,196
2463,1,424,156,477,192
2464,1,425,154,478,190
2465,1,427,155,480,191
2466,1,428,151,481,187
2467,1,429,149,482,185
2468,1,430,148,483,184
2469,1,432,145,485,181
2470,1,433,143,486,179
2471,1,434,141,487,177
2472,1,436,138,489,174
2473,1,437,135,490,167
2474,1,438,135,491,167
2475,1,438,131,491,163
2476,1,438,129,492,161
2477,1,439,128,492,160
2478,1,440,124,494,156
2479,1,434,126,485,157
2480,1,434,125,485,156
2481,1,434,121,485,152
2482,1,434,123,485,154
2483,1,434,120,485,151
2484,1,434,115,486,147
2485,1,428,128,474,152
2486,1,427,125,473,149
2487,1,427,123,470,146
2488,1,427,124,469,146
2489,1,422,119,466,144
2490,1,421,119,465,144
2491,1,422,118,466,143
2492,1,413,121,452,144
2493,1,413,122,451,144
2494,1,413,122,449,143
2495,1,413,118,451,141
2496,1,413,118,451,141
2497,1,414,117,452,140
2498,1,413,115,451,137
2499,1,407,117,452,142
2500,1,400,122,445,144
2501,1,400,121,444,143
2502,1,400,124,444,145
2503,1,400,125,444,146
2504,1,399,125,438,148
2505,1,395,127,438,150
2506,1,395,126,438,149
2507,1,389,126,431,149
2508,1,389,132,414,151
2509,1,387,132,413,151
2510,1,386,135,420,153
2511,1,382,132,411,153
2512,1,381,133,409,153
2513,1,380,136,406,155
2514,1,379,135,404,153
2515,1,376,135,402,154
2516,1,376,138,401,156
2517,1,379,140,407,157
2518,1,378,139,407,156
2519,1,377,140,407,158
2520,1,375,143,402,159
2521,1,375,144,400,159
2522,1,373,143,401,160
2523,1,371,142,400,161
2524,1,370,141,398,159
2525,1,370,143,399,162
2526,1,370,145,397,163
2527,1,369,146,396,164
2528,1,369,148,397,166
2529,1,368,147,396,165
2530,1,368,152,395,170
2531,1,368,153,394,170
2532,1,368,151,393,168
2533,1,368,157,394,174
2534,1,368,156,394,173
2535,1,368,152,392,168
2536,1,367,154,392,171
2537,1,366,151,391,167
2538,1,367,150,392,167
2539,1,364,151,391,169
2540,1,363,146,386,166
2541,1,363,147,385,166
2542,1,364,150,389,166
2543,1,363,147,389,163
2544,1,363,149,389,166
2545,1,362,147,387,163
2546,1,362,146,387,162
2547,1,361,148,386,164
2548,1,360,144,385,160
2549,1,360,145,384,160
2550,1,360,148,383,163
2551,1,360,147,382,161
2552,1,359,150,382,165
2553,1,359,151,380,164
2554,1,358,150,379,164
2555,1,358,155,378,168
2556,1,358,154,378,167
2557,1,358,154,379,167
2558,1,357,158,378,171
2559,1,357,157,377,170
2560,1,356,159,376,172
2561,1,356,163,376,176
2562,1,356,164,377,177
2563,1,355,168,373,182
2564,1,354,170,373,185
2565,1,354,172,373,187
2566,1,354,181,373,195
2567,1,354,183,372,197
2568,1,354,185,372,199
2569,1,352,191,372,205
2570,1,352,194,372,208
2571,1,353,200,373,214
2572,1,353,205,374,220
2573,1,353,208,374,223
2574,1,353,212,376,228
2575,1,353,217,375,232
2576,1,355,221,375,235
2577,1,356,227,374,239
2578,1,355,230,376,245
2579,1,356,234,377,248
2580,1,357,239,377,253
2581,1,357,240,378,255
2582,1,358,243,379,258
2583,1,357,246,382,263
2584,1,356,247,383,266
2585,1,357,250,382,268
2586,1,358,254,383,271
2587,1,357,255,384,274
2588,1,356,254,385,275
2589,1,357,255,385,275
2590,1,357,255,386,275
2591,1,361,257,386,273
2592,1,362,258,385,273
2593,1,362,254,388,270
2594,1,362,251,389,268
2595,1,363,252,388,268
2596,1,363,248,390,265
2597,1,364,246,390,263
2598,1,365,245,389,260
2599,1,365,242,389,257
2600,1,366,241,390,256
2601,1,366,243,391,256
2602,1,367,239,391,251
2603,1,366,240,393,254
2604,1,367,241,393,254
2605,1,367,239,393,252
2606,1,368,241,394,255
2607,1,369,243,394,256
2608,1,370,244,394,257
2609,1,370,248,395,261
2610,1,373,249,395,262
2611,1,373,250,395,263
2612,1,374,255,395,268
2613,1,374,254,396,267
2614,1,375,257,397,270
2615,1,375,263,398,276
2616,1,376,264,397,276
2617,1,378,267,397,278
2618,1,377,269,398,282
2619,1,378,270,399,282
2620,1,378,274,399,286
2621,1,379,274,400,286
2622,1,380,275,400,287
2623,1,380,276,402,289
2624,1,380,276,404,290
2625,1,381,277,404,291
2626,1,383,277,403,289
2627,1,384,277,405,290
2628,1,385,278,407,291
2629,1,386,274,408,287
2630,1,388,274,409,286
2631,1,388,273,409,285
2632,1,390,268,411,280
2633,1,390,265,413,278
2634,1,391,264,415,278
2635,1,392,260,415,273
2636,1,395,258,417,271
2637,1,394,256,418,270
2638,1,396,253,419,266
2639,1,397,252,420,266
2640,1,397,250,421,264
2641,1,399,246,422,260
2642,1,401,247,423,260
2643,1,402,246,424,259
2644,1,403,243,425,256
2645,1,403,244,425,257
2646,1,404,244,426,257
2647,1,404,242,426,255
2648,1,404,243,426,256
2649,1,404,242,425,255
2650,1,404,241,425,254
2651,1,405,241,425,253
2652,1,407,240,425,251
2653,1,407,241,425,252
2654,1,408,240,426,251
2655,1,407,239,425,250
2656,1,408,239,425,249
2657,1,408,236,425,246
2658,1,409,235,426,245
2659,1,409,235,426,245
2660,1,408,230,427,243
2661,1,409,228,427,240
2662,1,409,229,427,241
2663,1,409,227,427,239
2664,1,408,226,426,239
2665,1,410,227,428,239
2666,1,409,223,427,235
2667,1,409,223,428,236
2668,1,408,221,427,234
2669,1,409,216,427,228
2670,1,408,214,425,226
2671,1,408,211,426,223
2672,1,408,204,425,216
2673,1,407,201,424,213
2674,1,407,197,423,208
2675,1,406,188,423,199
2676,1,406,186,423,198
2677,1,406,182,422,193
2678,1,405,175,421,186
2679,1,405,176,420,186
2680,1,405,173,420,183
2681,1,404,167,419,177
2682,1,404,168,419,178
2683,1,403,167,418,177
2684,1,402,161,417,172
2685,1,402,163,417,173
2686,1,402,163,417,173
2687,1,401,159,416,169
2688,1,400,162,415,172
2689,1,400,163,415,173
2690,1,400,160,415,170
2691,1,399,165,414,175
2692,1,398,165,413,175
2693,1,397,162,412,172
2694,1,397,167,412,177
2695,1,397,166,412,176
2696,1,397,166,412,176
2697,1,397,167,412,177
2698,1,396,166,411,176
2699,1,396,171,411,181
2700,1,396,170,411,180
2701,1,396,168,411,178
2702,1,395,171,410,181
2703,1,395,169,410,179
2704,1,395,170,410,180
2705,1,395,171,410,181
2706,1,395,168,410,178
2707,1,394,168,409,178
2708,1,395,170,410,180
2709,1,394,167,409,177
2710,1,395,170,410,180
2711,1,394,170,409,180
2712,1,394,166,409,176
2713,1,394,170,409,180
2791,1,443,276,455,287
2792,1,444,278,456,289
2793,1,445,281,457,292
2794,1,446,284,457,294
2795,1,446,284,458,295
2796,1,447,286,460,298
2797,1,449,286,461,297
2798,1,450,287,462,298
2799,1,451,291,462,301
2800,1,453,291,465,302
2801,1,453,292,465,303
2802,1,454,295,466,306
2803,1,454,294,467,306
2804,1,455,296,468,308
2805,1,456,297,469,309
2806,1,457,298,469,309
2807,1,458,298,471,310
2808,1,458,299,472,311
2809,1,458,301,472,314
2810,1,459,300,473,312
2811,1,460,302,473,314
2812,1,461,304,475,316
2813,1,461,302,475,315
2814,1,462,305,475,317
2815,1,462,305,475,317
2816,1,462,305,476,318
2817,1,463,308,476,320
2818,1,463,306,477,318
2819,1,463,308,477,320
2820,1,464,308,477,320
2821,1,463,305,476,317
2822,1,464,306,477,318
2823,1,465,305,478,317
2824,1,465,302,478,314
2825,1,466,301,479,313
2826,1,466,300,479,312
2827,1,466,297,479,309
2828,1,466,294,479,306
2829,1,468,294,481,306
2830,1,468,289,481,301
2831,1,468,286,481,298
2832,1,469,284,481,295
2833,1,469,279,482,291
2834,1,469,277,481,288
2835,1,469,273,483,286
2836,1,470,270,483,282
2837,1,471,270,484,282
2838,1,470,265,483,277
2839,1,470,262,483,274
2840,1,470,264,483,276
2841,1,471,259,484,271
2842,1,471,257,484,268
2843,1,471,256,483,267
2844,1,471,250,483,261
2845,1,472,249,484,260
2846,1,471,246,483,257
2847,1,471,239,483,250
2848,1,470,240,482,251
2849,1,470,234,482,245
2850,1,469,226,481,237
2851,1,469,223,482,235
2852,1,468,215,480,226
2853,1,468,210,480,221
2854,1,467,205,479,216
2855,1,466,198,478,209
2856,1,465,198,477,209
2857,1,464,193,477,205
2858,1,464,188,476,199
2859,1,464,188,476,199
2860,1,462,183,474,194
2861,1,461,180,474,191
2862,1,460,181,473,192
2863,1,460,174,472,185
2864,1,459,175,471,186
2865,1,458,174,470,185
2866,1,457,169,469,180
2867,1,455,171,468,183
2868,1,455,170,468,182
2869,1,455,167,467,178
2870,1,454,170,467,182
2871,1,453,169,466,181
2872,1,452,169,465,181
2873,1,452,170,465,182
2874,1,452,168,465,180
2875,1,451,169,464,181
2876,1,450,170,463,182
2877,1,450,168,463,180
2878,1,448,167,463,179
2879,1,446,167,462,180
2880,1,446,167,462,180
2881,1,446,169,461,181
2882,1,446,167,461,179
2883,1,445,174,460,186
2884,1,444,171,460,184
2885,1,444,177,460,189
2886,1,443,179,458,191
2887,1,444,177,459,189
2888,1,443,181,458,193
2889,1,443,182,458,194
2890,1,441,180,458,193
2891,1,441,186,457,199
2892,1,441,185,457,198
2893,1,441,186,457,198
2894,1,440,191,456,204
2895,1,439,190,456,203
2896,1,440,191,455,203
2897,1,439,195,455,208
2898,1,439,195,455,208
2899,1,439,198,455,211
2900,1,437,200,455,214
2901,1,439,202,456,215
2902,1,438,204,455,217
2903,1,439,208,455,221
2904,1,437,207,455,221
2905,1,439,210,455,223
2906,1,438,213,455,226
2907,1,438,213,456,227
2908,1,439,216,455,229
2909,1,439,218,456,231
2910,1,439,220,456,234
2911,1,439,221,457,235
2912,1,440,223,457,236
2913,1,440,226,457,240
2914,1,441,225,457,238
2915,1,439,227,458,242
2916,1,440,229,458,243
2917,1,440,228,458,242
2918,1,440,230,459,245
2919,1,440,231,458,246
2920,1,441,233,459,247
2921,1,440,234,459,249
2922,1,440,234,460,250
2923,1,441,234,459,249
2924,1,442,236,460,250
2925,1,440,236,459,251
2926,1,441,237,460,252
2927,1,442,238,460,253
2928,1,443,239,462,254
2929,1,441,238,461,254
2930,1,441,239,462,256
2931,1,442,239,462,255
2932,1,442,240,462,256
2933,1,441,241,462,257
2934,1,441,240,462,257
2935,1,441,243,462,259
2936,1,442,244,462,260
2937,1,442,243,462,259
2938,1,441,247,462,264
2939,1,441,249,463,266
2940,1,441,250,460,265
2941,1,441,254,462,271
2942,1,439,254,462,273
2943,1,440,258,463,275
2944,1,439,262,463,279
2945,1,440,264,463,281
2946,1,439,267,463,285
2947,1,440,268,464,285
2948,1,439,269,462,286
2949,1,441,273,464,290
2950,1,439,273,463,291
2951,1,441,274,464,291
2952,1,441,278,464,295
2953,1,442,278,465,295
2954,1,441,278,464,295
2955,1,441,282,465,300
2956,1,442,280,466,298
2957,1,443,281,465,298
2958,1,444,285,466,301
2959,1,444,282,466,298
2960,1,445,284,468,301
2961,1,444,285,468,302
2962,1,446,282,469,299
2963,1,446,287,468,304
2964,1,448,288,471,305
2965,1,447,285,470,302
2966,1,448,288,471,305
2967,1,448,286,471,303
2968,1,450,285,473,302
2969,1,450,289,473,306
2970,1,451,285,474,302
2971,1,451,280,475,297
2972,1,451,284,475,302
2973,1,452,281,475,298
2974,1,453,281,476,298
2975,1,453,283,477,301
2976,1,454,280,477,297
2977,1,455,279,478,296
2978,1,455,281,478,298
2979,1,455,277,478,294
2980,1,456,279,479,296
2981,1,456,278,479,295
2982,1,457,276,479,292
2983,1,458,279,480,295
2984,1,457,278,480,295
2985,1,458,278,480,294
2986,1,457,282,480,299
2987,1,458,280,480,296
2988,1,458,280,481,297
2989,1,457,281,480,298
2990,1,457,276,480,293
2991,1,458,279,480,296
2992,1,458,278,481,295
2993,1,459,274,480,290
2994,1,459,276,481,292
2995,1,459,273,481,289
2996,1,458,270,481,287
2997,1,460,272,482,288
2998,1,459,267,481,283
2999,1,460,266,481,282
3000,1,459,266,481,282
3001,1,460,262,482,278
3002,1,459,261,481,277
3003,1,460,262,481,278
3004,1,460,257,481,273
3005,1,459,255,481,271
3006,1,460,253,481,268
3007,1,460,249,482,265
3008,1,459,248,481,264
3009,1,459,246,481,262
3010,1,459,241,480,257
3011,1,458,239,480,255
3012,1,459,237,480,253
3013,1,458,233,479,249
3014,1,457,233,479,249
3015,1,457,231,479,248
3016,1,456,228,479,245
3017,1,456,228,477,244
3018,1,456,226,477,242
3019,1,455,223,476,239
3020,1,453,221,476,238
3021,1,453,220,476,237
3022,1,453,217,474,233
3023,1,452,218,473,234
3024,1,451,217,472,233
3025,1,450,214,473,231
3026,1,449,215,471,231
3027,1,447,214,471,231
3028,1,445,213,470,231
3029,1,445,214,469,231
3030,1,442,214,467,233
3031,1,442,213,466,231
3032,1,440,215,465,233
3033,1,438,214,463,233
3034,1,438,212,463,231
3035,1,437,213,462,231
3036,1,436,211,461,229
3037,1,435,212,459,230
3038,1,433,211,458,230
3039,1,433,211,458,229
3040,1,433,211,456,228
3041,1,431,210,456,229
3042,1,430,209,454,227
3043,1,431,208,454,225
3044,1,428,208,452,226
3045,1,428,208,453,226
3046,1,428,207,451,224
3047,1,428,206,452,224
3048,1,426,207,450,225
3049,1,425,208,450,226
3050,1,426,203,453,223
3051,1,427,205,454,225
3052,1,426,206,453,226
3053,1,426,204,452,223
3054,1,426,205,452,224
3055,1,425,206,452,226
3056,1,426,204,452,223
3057,1,426,204,452,223
3058,1,424,204,453,225
3059,1,425,204,452,224
3060,1,426,205,451,221
3061,1,426,204,451,220
3062,1,426,199,451,215
3063,1,426,202,451,218
3064,1,425,200,450,216
3065,1,425,195,450,211
3066,1,427,198,449,212
3067,1,426,196,450,211
3068,1,427,195,449,209
3069,1,426,196,449,210
3070,1,427,195,448,208
3071,1,426,195,446,208
3072,1,426,195,446,208
3073,1,426,193,446,206
3074,1,425,194,444,206
3075,1,423,195,443,208
3076,1,422,192,443,206
3077,1,421,195,442,209
3078,1,420,191,450,207
3079,1,419,188,449,204
3080,1,418,191,448,207
3081,1,417,194,446,209
3082,1,416,190,446,206
3083,1,415,193,444,208
3084,1,414,195,442,210
3085,1,412,193,442,209
3086,1,411,195,441,211
3087,1,409,195,441,212
3088,1,407,194,440,212
3089,1,406,197,438,214
3090,1,402,200,437,217
3091,1,400,200,436,217
3092,1,399,203,435,220
3093,1,400,205,433,221
3094,1,397,206,434,224
3095,1,396,211,433,229
3096,1,396,214,433,232
3097,1,392,217,433,237
3098,1,391,222,433,242
3099,1,389,225,432,246
3100,1,390,233,431,253
3101,1,386,238,426,258
3102,1,384,242,425,262
3103,1,383,248,425,269
3104,1,380,249,424,268
3105,1,379,254,423,273
3106,1,377,256,424,276
3107,1,374,256,424,277
3108,1,374,262,419,284
3109,1,373,263,418,285
3110,1,372,263,419,286
3111,1,369,270,419,294
3112,1,369,269,419,293
3113,1,369,268,413,292
3114,1,369,273,414,298
3115,1,366,270,413,296
3116,1,366,270,415,297
3117,1,365,272,408,301
3118,1,365,269,408,298
3119,1,364,267,408,297
3120,1,364,269,408,299
3121,1,363,264,408,294
3122,1,362,262,409,294
3123,1,363,261,410,293
3124,1,362,254,410,286
3125,1,362,254,411,287
3126,1,367,252,412,285
3127,1,368,245,411,280
3128,1,369,243,412,278
3129,1,370,236,413,271
3130,1,371,229,415,265
3131,1,372,226,417,263
3132,1,374,217,420,254
3133,1,376,213,422,250
3134,1,378,209,423,246
3135,1,380,200,426,237
3136,1,381,197,427,235
3137,1,383,192,429,230
3138,1,386,183,431,217
3139,1,388,181,433,215
3140,1,390,175,436,210
3141,1,391,169,437,201
3142,1,393,166,439,198
3143,1,399,162,440,195
3144,1,399,157,440,185
3145,1,403,156,440,182
3146,1,404,151,441,177
3147,1,404,147,443,177
3148,1,409,142,451,172
3275,1,445,129,464,141
3276,1,445,129,464,141
3277,1,445,128,466,141
3278,1,445,129,466,142
3279,1,445,129,466,142
3280,1,445,126,467,139
3281,1,446,127,467,140
3282,1,446,129,467,142
3283,1,446,128,467,141
3284,1,446,131,468,144
3285,1,446,130,467,143
3286,1,447,131,467,143
3287,1,448,132,468,145
3288,1,449,129,469,142
3457,1,492,263,510,276
3458,1,491,267,509,280
3459,1,490,265,510,279
3460,1,490,267,511,282
3461,1,490,270,509,284
3462,1,490,270,510,285
3463,1,488,271,510,287
3464,1,490,274,509,288
3465,1,489,273,511,289
3466,1,489,274,511,290
3467,1,490,275,512,291
3468,1,489,275,512,291
3469,1,488,275,511,292
3470,1,487,275,513,294
3471,1,492,279,511,292
3472,1,492,279,511,292
3473,1,493,278,512,291
3474,1,493,279,513,293
3475,1,494,280,514,294
3476,1,493,276,514,290
3477,1,495,279,515,293
3478,1,496,280,516,294
3479,1,497,277,517,291
3480,1,496,280,519,295
3481,1,497,278,519,293
3482,1,498,272,520,287
3483,1,501,276,523,291
3484,1,502,272,522,286
3485,1,503,266,522,279
3486,1,505,265,524,278
3487,1,505,261,524,274
3488,1,505,256,525,270
3489,1,506,250,528,265
3490,1,505,247,527,262
3491,1,506,245,527,259
3492,1,509,244,529,257
3517,1,529,216,546,226
3518,1,531,213,548,223
3519,1,531,214,548,224
3520,1,532,211,549,221
3521,1,532,212,549,222
3522,1,533,215,550,225
3523,1,533,211,550,221
3524,1,534,212,551,222
3525,1,535,212,552,222
3526,1,536,209,553,219
3527,1,536,210,553,220
3528,1,537,208,554,218
3529,1,541,206,556,217
3530,1,542,209,557,220
3531,1,545,206,559,216
3532,1,546,205,560,215
3533,1,548,208,563,219
3534,1,550,205,564,216
3535,1,552,206,566,216
3536,1,553,207,568,218
3537,1,556,206,571,217
3538,1,557,206,571,217
3539,1,560,208,575,219
3540,1,561,206,576,217
3541,1,563,210,577,220
3542,1,564,210,578,220
3543,1,566,208,580,218
3544,1,567,212,583,224
3545,1,568,212,584,224
3546,1,568,211,584,223
3547,1,570,214,586,226
3548,1,571,212,587,224
3549,1,573,212,590,225
3550,1,574,213,590,225
3551,1,575,211,591,223
3552,1,577,212,591,223
3553,1,579,212,593,223
3554,1,581,210,595,220
3555,1,581,208,596,220
3556,1,582,207,596,219
3557,1,582,208,597,220
3558,1,583,204,598,216
3559,1,583,203,598,215
3560,1,582,204,597,216
3561,1,585,199,597,209
3562,1,583,199,598,211
3563,1,582,199,598,212
3564,1,581,193,597,206
3565,1,584,194,601,207
3566,1,580,192,598,207
3567,1,583,189,602,202
3568,1,580,188,600,202
3569,1,582,187,600,199
3570,1,580,186,599,199
3571,1,581,186,599,198
3572,1,579,182,598,195
3573,1,580,183,599,196
3574,1,579,183,597,195
3575,1,578,179,596,192
3576,1,576,179,594,191
3577,1,576,177,594,189
3578,1,574,176,593,189
3579,1,575,176,592,188
3580,1,573,171,592,184
3581,1,572,172,590,184
3582,1,572,172,589,184
3583,1,570,168,587,179
3584,1,570,171,586,182
3585,1,567,170,583,181
3586,1,569,167,585,178
3587,1,567,170,582,180
3588,1,567,167,583,178
3589,1,570,167,585,177
3590,1,572,170,588,181
3591,1,571,166,587,177
3592,1,577,167,592,178
3593,1,579,170,594,180
3594,1,584,167,599,177
3595,1,587,167,602,177
3596,1,592,169,607,179
3597,1,597,167,612,177
3598,1,603,167,618,177
3599,1,610,167,625,177
3600,1,615,165,630,175
3601,1,623,168,638,178
3602,1,629,167,644,177
3603,1,636,165,651,175
3604,1,641,165,658,177
3605,1,649,165,666,177
3606,1,653,167,671,180
3607,1,661,170,678,182
3608,1,667,170,684,182
3640,1,654,191,674,202
3641,1,645,191,665,202
3642,1,637,192,658,204
3643,1,626,193,647,205
3644,1,613,191,639,206
3645,1,600,191,618,205
3646,1,587,192,605,206
3647,1,576,192,592,205
3648,1,560,192,579,206
3649,1,549,193,567,207
3650,1,533,192,553,207
3651,1,520,195,540,210
3652,1,505,195,525,210
3653,1,493,197,513,213
3654,1,478,198,498,214
3655,1,467,197,488,213
3656,1,454,199,473,214
3657,1,444,202,463,217
3658,1,431,201,450,216
3659,1,421,203,441,218
3660,1,408,202,430,219
3661,1,399,206,421,219
3662,1,387,208,410,222
3663,1,368,210,391,224
3664,1,361,213,385,227
3665,1,353,213,378,228
3666,1,345,213,370,228
3667,1,340,218,363,232
3668,1,335,219,356,232
3669,1,329,217,353,231
3670,1,323,216,348,231
3671,1,321,213,345,228
3672,1,317,211,339,224
3673,1,315,211,336,223
3674,1,312,210,330,221
3675,1,310,208,329,220
3676,1,308,206,327,217
3677,1,308,203,327,215
3678,1,305,202,323,213
3679,1,303,200,321,211
3680,1,295,196,320,209
3681,1,294,195,320,208
3682,1,295,192,318,204
3683,1,300,191,324,204
3684,1,292,194,316,206
3685,1,290,190,314,202
3686,1,290,192,315,204
3687,1,289,193,315,206
3688,1,288,195,313,207
3689,1,287,200,311,212
3690,1,284,201,311,215
3691,1,283,203,312,217
3692,1,285,211,308,223
3693,1,284,214,308,226
3694,1,283,218,306,229
3695,1,279,222,306,236
3696,1,278,226,307,240
3697,1,278,231,305,244
3698,1,279,236,302,247
3699,1,278,240,301,251
3700,1,276,243,300,255
3701,1,272,243,299,256
3702,1,272,247,296,259
3703,1,271,248,296,260
3704,1,269,251,292,263
3705,1,268,254,290,265
3706,1,266,253,289,264
3707,1,262,256,287,269
3708,1,260,259,285,271
3709,1,258,258,283,270
3710,1,255,262,278,274
3711,1,251,262,277,275
3712,1,249,261,274,274
3713,1,240,264,271,279
3714,1,236,263,268,279
3715,1,233,267,264,282
3716,1,230,268,259,283
3717,1,228,270,257,284
3718,1,224,271,252,285
3719,1,219,271,250,286
3720,1,216,273,246,288
3721,1,212,274,243,290
3722,1,208,274,238,289
3723,1,204,276,235,292
3724,1,199,276,231,292
3725,1,196,277,227,293
3726,1,191,279,222,294
3727,1,188,279,219,294
3728,1,183,281,213,296
3729,1,179,280,210,295
3730,1,173,276,205,292
3731,1,169,274,201,290
3732,1,165,269,197,285
3733,1,161,262,192,277
3743,1,110,221,141,240
3744,1,106,217,137,236
3745,1,104,217,135,236
3746,1,94,212,127,232
3747,1,92,207,125,227
3748,1,90,208,123,228
3749,1,81,204,114,220
3750,1,81,205,111,219
3751,1,77,206,110,224
3752,1,77,206,110,224
3753,1,72,210,108,229
3754,1,64,208,102,229
3755,1,70,209,102,229
3756,1,66,208,101,230
3757,1,69,212,99,231
3758,1,68,214,97,232
3759,1,67,215,97,234
3760,1,64,216,99,237
3761,1,63,216,98,238
3762,1,63,217,97,238
3763,1,61,220,98,243
3764,1,60,218,98,242
3765,1,59,221,96,244
3766,1,59,223,97,246
3767,1,58,222,95,245
3768,1,59,225,94,247
3769,1,58,226,93,248
3770,1,58,226,94,248
3771,1,57,229,95,253
3772,1,57,229,95,253
3773,1,56,231,95,255
3774,1,58,236,96,259
3775,1,57,235,95,259
3776,1,57,237,97,262
3777,1,58,242,96,266
3778,1,58,239,97,263
3779,1,58,242,98,267
3780,1,60,245,98,269
3781,1,59,242,101,268
3782,1,59,246,100,271
3783,1,60,245,102,271
3784,1,57,241,103,269
3785,1,59,248,99,269
3786,1,57,243,100,266
3787,1,60,244,102,266
3788,1,59,245,102,268
3789,1,61,241,104,263
3790,1,73,241,104,263
3791,1,74,241,107,265
3792,1,74,236,107,260
3793,1,77,235,110,258
3794,1,77,230,111,254
3795,1,80,224,113,247
3796,1,80,221,113,245
3797,1,82,215,114,238
3798,1,83,208,115,230
3799,1,85,201,116,223
3800,1,86,192,117,214
3801,1,88,186,119,208
3802,1,89,179,119,201
3803,1,92,172,122,193
3804,1,93,164,124,184
3805,1,95,158,125,177
3806,1,97,152,125,170
3807,1,99,150,127,168
3808,1,100,144,129,167
3809,1,101,140,129,162
3810,1,102,139,130,161
3811,1,105,136,129,155
3812,1,107,135,131,154
3813,1,107,133,130,151
3814,1,109,131,132,149
3815,1,108,128,132,147
3816,1,112,128,132,144
3817,1,112,124,132,140
3818,1,113,125,134,141
3819,1,113,124,133,140
3820,1,116,121,136,137
3821,1,117,122,135,136
3822,1,119,120,137,134
3823,1,119,119,136,133
3824,1,122,121,139,134
3825,1,122,120,139,133
3826,1,125,121,141,134
3844,1,170,221,183,232
3845,1,173,227,186,238
3846,1,173,227,191,240
3847,1,177,233,195,246
3848,1,180,237,197,249
3849,1,183,236,200,248
3850,1,189,243,208,257
3851,1,192,243,212,257
3852,1,193,247,214,262
3853,1,200,248,218,263
3854,1,202,249,221,265
3855,1,207,253,225,268
3856,1,209,251,228,267
3857,1,213,252,232,268
3858,1,215,252,235,268
3859,1,217,249,238,266
3860,1,220,250,239,266
3861,1,223,245,242,261
3862,1,226,235,245,250
3863,1,227,228,247,244
3864,1,231,218,252,235
3865,1,234,206,254,222
3866,1,235,195,256,212
3867,1,237,180,258,197
3868,1,238,171,259,188
3869,1,239,164,260,181
3870,1,240,152,260,168
3871,1,241,146,262,163
3872,1,241,141,263,159
3873,1,241,134,261,151
3874,1,240,132,261,149
3875,1,239,127,259,143
3876,1,239,127,259,143
3877,1,239,124,256,139
3878,1,238,120,256,135
3879,1,237,117,255,132
3901,1,247,102,260,113
3902,1,250,103,262,114
3903,1,250,100,262,110
3904,1,251,99,263,109
3905,1,253,102,265,112
3906,1,255,99,267,109
3907,1,256,98,268,108
3908,1,256,101,269,112
3909,1,258,99,270,109
3910,1,261,102,273,112
3911,1,263,103,275,113
3912,1,264,101,276,111
3913,1,265,104,278,115
3914,1,266,102,279,113
3915,1,267,100,281,112
3916,1,270,106,283,117
3917,1,272,103,285,114
3918,1,275,103,289,114
3919,1,278,109,290,119
3920,1,280,106,293,117
3921,1,283,108,296,119
3922,1,285,113,298,124
3923,1,285,111,297,122
3924,1,289,115,302,126
3925,1,291,116,305,128
3926,1,293,113,307,125
3927,1,296,118,309,129
3928,1,299,120,311,130
3929,1,301,116,314,127
3930,1,303,118,316,129
3931,1,306,119,319,130
3932,1,309,117,321,127
3933,1,311,119,323,129
3934,1,313,120,325,131
3935,1,315,120,327,130
3936,1,318,124,330,134
3937,1,319,122,331,132
3938,1,322,124,334,134
3939,1,325,130,337,140
3940,1,326,132,338,142
3941,1,327,141,339,151
3942,1,329,148,341,158
3943,1,331,152,343,162
3944,1,333,160,345,170
3945,1,334,169,346,179
3946,1,336,174,348,185
3947,1,337,184,349,194
3948,1,338,192,358,202
3949,1,339,198,359,208
3950,1,342,206,362,216
3951,1,342,211,362,221
3952,1,347,218,367,228
3953,1,347,224,367,234
3954,1,348,228,368,238
3955,1,349,233,369,243
3956,1,352,239,373,249
3957,1,355,243,375,253
3958,1,355,246,375,256
3959,1,357,249,378,259
3960,1,359,251,379,261
3961,1,359,254,381,265
3962,1,362,258,382,268
3963,1,363,259,384,270
3964,1,364,263,385,273
3965,1,365,264,385,276
3966,1,367,266,386,278
3967,1,369,269,388,281
3968,1,370,271,390,283
3969,1,371,273,391,285
3970,1,374,275,395,287
3971,1,377,276,396,287
3972,1,379,277,399,289
3973,1,379,277,400,289
3974,1,382,273,402,285
3975,1,384,272,404,284
3976,1,386,268,407,280
3977,1,387,262,409,275
3978,1,389,261,411,274
3979,1,391,254,412,267
3980,1,393,248,416,262
3981,1,395,246,417,259
3982,1,396,238,419,252
3983,1,396,232,419,246
3984,1,397,230,420,244
3985,1,398,222,422,236
3986,1,397,216,421,231
3987,1,398,212,422,227
3988,1,396,204,422,220
3989,1,397,204,422,217
3990,1,396,200,420,213
3991,1,396,193,420,205
3992,1,394,192,418,205
3993,1,393,190,418,203
3994,1,393,184,415,195
3995,1,393,186,412,196
3996,1,389,183,412,195
3997,1,390,180,411,191
3998,1,387,182,409,193
3999,1,385,179,407,190
4000,1,384,178,403,188
4001,1,382,180,401,190
4002,1,380,177,399,187
4003,1,379,179,398,189
4004,1,377,178,396,188
4005,1,375,175,394,185
4006,1,373,177,392,187
4007,1,371,177,390,187
4008,1,369,177,388,187
4009,1,367,178,386,188
4010,1,366,177,385,187
4011,1,364,176,384,188
4012,1,363,176,383,188
4013,1,361,174,381,186
4014,1,360,177,379,188
4015,1,356,177,377,190
4016,1,355,176,376,189
4017,1,355,177,376,190
4018,1,354,175,374,187
4019,1,353,176,374,189
4020,1,351,178,372,191
4021,1,351,177,371,189
4022,1,352,179,371,190
4023,1,351,178,370,190
4024,1,351,176,371,188
4025,1,349,180,370,193
4026,1,348,178,368,190
4027,1,348,178,368,190
4028,1,348,180,368,192
4029,1,348,179,368,191
4030,1,348,180,367,192
4031,1,347,180,367,194
4032,1,347,179,366,192
4033,1,346,181,366,195
4034,1,345,185,367,200
4035,1,344,186,365,200
4036,1,346,193,365,206
4037,1,345,198,364,211
4038,1,345,201,365,215
4039,1,344,209,363,223
4040,1,345,214,365,228
4041,1,344,217,363,231
4042,1,344,226,362,239
4043,1,345,228,361,239
4065,1,342,305,360,315
4066,1,342,305,360,315
4067,1,341,305,360,315
4068,1,342,312,360,322
4069,1,342,312,360,322
4070,1,340,313,359,324
4071,1,343,318,361,328
4072,1,343,317,361,327
4073,1,337,317,355,329
4074,1,337,318,355,330
4075,1,335,317,353,329
4076,1,336,316,355,328
4077,1,334,311,352,323
4078,1,336,314,354,326
4079,1,335,307,354,320
4080,1,331,302,349,314
4090,1,318,257,335,267
4091,1,317,250,334,260
4092,1,316,249,333,259
4093,1,315,246,332,256
4094,1,315,240,332,250
4095,1,312,235,329,245
4096,1,311,232,328,242
4097,1,309,231,326,241
4098,1,308,227,325,237
4099,1,307,225,324,235
4100,1,304,224,321,234
4101,1,305,222,322,232
4102,1,303,221,320,231
4103,1,301,220,318,230
4104,1,300,219,317,229
4105,1,299,218,316,228
4106,1,296,219,313,229
4107,1,295,218,312,228
4108,1,293,218,310,228
4109,1,291,220,309,231
4110,1,291,219,308,229
4111,1,289,221,306,231
4112,1,285,222,304,233
4113,1,284,219,302,229
4114,1,283,221,301,231
4115,1,281,221,299,232
4116,1,279,220,297,230
4117,1,276,224,294,235
4118,1,276,222,293,232
4119,1,273,223,291,233
4120,1,271,227,289,238
4121,1,269,224,286,234
4122,1,268,227,285,237
4123,1,264,229,282,239
4124,1,264,225,281,235
4125,1,260,227,279,238
4126,1,259,227,278,238
4127,1,258,225,275,235
4128,1,255,226,274,237
4129,1,252,223,272,235
4130,1,251,219,270,230
4131,1,249,216,269,228
4132,1,249,208,269,220
4133,1,248,202,267,213
4134,1,245,197,265,209
4135,1,246,191,264,202
4136,1,241,186,260,197
4137,1,242,180,259,190
4138,1,238,173,258,185
4139,1,240,173,257,183
4140,1,236,167,253,177
4141,1,235,164,252,174
4142,1,232,161,251,172
4143,1,232,161,250,171
4144,1,228,159,247,170
4145,1,228,159,247,170
4146,1,228,159,247,170
4147,1,228,159,247,170
4148,1,220,159,238,170
4149,1,217,159,236,170
4150,1,216,160,233,170
4151,1,214,161,231,171
4152,1,210,162,228,172
4153,1,209,165,226,175
4154,1,207,166,224,176
4155,1,204,166,221,176
4156,1,201,168,218,178
4157,1,200,169,217,179
4158,1,199,172,216,182
4159,1,197,173,214,183
4160,1,194,175,212,186
4161,1,193,177,210,187
4162,1,191,175,208,185
4163,1,189,178,207,189
4164,1,188,179,206,189
4165,1,188,173,205,183
4166,1,186,174,203,184
4167,1,185,173,204,184
4168,1,184,168,202,179
4169,1,184,167,201,177
4170,1,185,166,202,176
4171,1,185,160,203,171
4172,1,186,158,204,169
4173,1,186,155,205,166
4174,1,188,151,205,161
4175,1,189,149,206,159
4176,1,192,147,209,157
4177,1,192,142,209,152
4178,1,192,137,208,154
4179,1,194,136,208,151
4180,1,197,134,212,150
4181,1,198,133,213,149
4182,1,199,129,217,148
4183,1,201,128,217,145
4184,1,202,129,218,146
4185,1,205,128,221,145
4186,1,206,127,222,144
4187,1,206,127,223,145
4188,1,210,128,227,146
4189,1,210,128,227,146
4190,1,212,127,229,145
4191,1,214,129,230,146
4192,1,216,130,232,147
4193,1,216,130,233,148
4194,1,219,132,235,149
4195,1,221,134,237,151
4196,1,222,134,239,152
4197,1,225,137,241,154
4198,1,227,140,242,155
4199,1,228,139,243,155
4200,1,229,142,245,159
4201,1,231,143,247,160
4202,1,233,143,250,161
4203,1,233,148,250,166
4204,1,236,150,252,167
4205,1,238,152,253,168
4206,1,237,156,254,174
4207,1,240,159,256,176
4208,1,241,164,258,182
4209,1,243,165,259,182
4210,1,245,169,261,186
4211,1,245,174,262,192
4212,1,247,178,264,196
4213,1,249,186,265,203
4214,1,249,190,266,208
4215,1,251,196,267,213
4216,1,252,202,269,220
4217,1,253,205,271,224
4218,1,256,209,273,227
4219,1,255,215,272,233
4220,1,257,216,273,233
4221,1,259,218,276,236
4222,1,260,219,278,238
4223,1,262,217,281,237
4224,1,264,220,282,239
4225,1,266,219,284,238
4226,1,266,215,285,235
4227,1,270,218,287,236
4228,1,271,216,288,234
4229,1,272,212,289,230
4230,1,274,212,290,229
4231,1,276,208,292,225
4232,1,277,203,294,221
4233,1,280,202,297,220
4234,1,281,199,298,217
4235,1,282,197,299,215
4236,1,284,195,300,212
4237,1,285,192,301,209
4238,1,286,192,302,209
4239,1,288,192,303,208
4240,1,288,189,303,205
4241,1,289,190,304,206
4242,1,289,190,304,206
4243,1,291,187,305,202
4244,1,292,191,306,206
4245,1,292,192,306,207
4246,1,294,191,308,205
4247,1,294,197,313,209
4248,1,294,196,314,209
4249,1,295,197,313,208
4250,1,297,201,313,211
4251,1,297,198,314,209
4252,1,298,200,315,211
4253,1,300,203,316,213
4254,1,300,200,316,210
4255,1,300,204,317,215
4256,1,302,207,318,217
4257,1,304,205,320,215
4258,1,305,209,321,219
4259,1,304,211,321,222
4260,1,305,208,322,219
4261,1,307,211,324,222
4262,1,309,212,325,222
4282,1,337,245,355,255
4283,1,338,249,357,259
4284,1,340,254,358,264
4285,1,341,257,359,267
4286,1,342,262,360,272
4287,1,343,266,361,276
4288,1,344,268,363,279
4289,1,345,275,364,286
4290,1,346,277,366,288
4291,1,348,280,367,291
4292,1,350,283,369,293
4293,1,352,285,371,296
4294,1,353,288,372,298
4295,1,354,290,375,302
4296,1,355,289,376,301
4297,1,357,290,379,302
4298,1,357,288,380,301
4299,1,359,285,382,298
4300,1,361,283,385,297
4301,1,363,280,386,293
4302,1,363,278,387,291
4303,1,365,276,390,290
4304,1,366,272,389,285
4305,1,368,272,392,286
4306,1,370,270,394,283
4307,1,370,266,395,280
4308,1,371,266,395,280
4309,1,377,263,397,278
4310,1,378,261,398,276
4311,1,380,263,400,278
4312,1,380,261,401,277
4313,1,382,262,403,278
4314,1,383,263,405,279
4315,1,385,263,406,279
4316,1,386,264,407,280
4317,1,389,266,410,281
4318,1,388,268,408,283
4319,1,388,271,407,286
4320,1,391,271,409,287
4321,1,392,275,408,289
4327,1,398,295,418,311
4328,1,398,298,418,314
4329,1,405,303,420,319
4330,1,406,302,421,318
4331,1,407,306,422,322
4332,1,408,308,422,323
4333,1,409,306,423,321
4334,1,411,306,425,321
4335,1,413,304,427,319
4336,1,414,301,427,315
4337,1,417,292,430,306
4338,1,417,288,432,301
4339,1,418,284,434,298
4340,1,420,278,435,291
4341,1,421,273,436,286
4342,1,421,267,437,281
4343,1,423,260,439,274
4344,1,423,256,439,270
4345,1,423,251,439,265
4346,1,424,245,440,259
4347,1,424,240,439,253
4348,1,424,235,441,249
4349,1,425,232,440,245
4350,1,424,226,440,240
4351,1,425,223,440,236
4352,1,423,220,439,234
4353,1,424,216,440,230
4354,1,424,212,442,227
4355,1,423,209,440,223
4356,1,423,205,441,220
4357,1,422,203,440,218
4358,1,423,200,441,215
4359,1,422,201,438,214
4360,1,421,199,436,212
4371,1,418,174,438,187
4372,1,418,171,437,183
4373,1,416,172,436,185
4374,1,415,170,433,182
4375,1,419,165,438,178
4376,1,417,164,437,178
4377,1,419,164,438,177
4378,1,417,159,436,172
4379,1,420,159,438,172
4380,1,417,159,436,172
4381,1,420,155,438,168
4382,1,419,155,438,168
4383,1,421,156,439,168
4384,1,420,151,440,165
4385,1,422,151,441,164
4386,1,422,150,441,163
4387,1,425,148,443,160
4388,1,425,148,443,161
4389,1,427,146,444,158
4390,1,428,145,445,157
4391,1,429,145,446,157
4392,1,431,140,449,152
4393,1,432,139,450,151
4394,1,434,139,452,151
4395,1,434,134,453,147
4396,1,437,134,455,146
4397,1,436,134,456,149
4398,1,440,131,459,145
4399,1,440,132,459,146
4400,1,442,132,462,147
4401,1,444,130,463,144
4402,1,447,134,466,148
4403,1,447,133,466,147
4404,1,450,133,469,147
4405,1,451,138,470,152
4406,1,452,135,473,151
4407,1,453,136,474,152
4408,1,451,143,481,158
4409,1,453,143,481,157
4410,1,453,147,482,161
4411,1,454,153,485,169
4412,1,455,154,485,169
4413,1,456,161,488,177
4414,1,459,170,486,183
4415,1,461,172,486,185
4416,1,461,177,488,190
4417,1,462,183,490,197
4418,1,463,185,490,198
4419,1,464,193,492,207
4420,1,465,195,492,208
4421,1,465,195,496,210
4422,1,467,202,496,216
4423,1,468,203,498,218
4424,1,468,203,500,219
4425,1,470,209,501,224
4426,1,471,209,503,225
4427,1,472,210,505,226
4428,1,474,215,504,230
4429,1,474,213,507,229
4430,1,476,216,508,232
4431,1,477,218,509,234
4432,1,478,216,511,232
4433,1,478,219,511,235
4434,1,479,222,514,239
4435,1,480,219,515,237
4436,1,481,221,516,239
4437,1,482,224,517,242
4438,1,483,223,517,240
4439,1,483,225,518,243
4440,1,485,228,518,245
4441,1,485,226,518,243
4442,1,478,226,519,245
4443,1,478,226,519,245
4444,1,478,226,520,246
4445,1,478,228,521,248
4446,1,478,226,520,246
4447,1,478,229,520,249
4448,1,478,229,521,249
4449,1,478,228,521,248
4450,1,477,232,520,252
4451,1,478,233,520,253
4452,1,477,232,520,252
4453,1,477,236,520,256
4454,1,476,237,520,257
4455,1,476,238,519,258
4456,1,475,243,519,263
4457,1,474,244,518,264
4458,1,474,245,517,265
4459,1,473,249,517,269
4460,1,473,248,516,268
4461,1,473,248,516,268
4462,1,473,250,514,269
4463,1,467,248,512,268
4464,1,466,248,511,268
4465,1,465,247,511,268
4466,1,463,244,511,265
4467,1,463,245,510,266
4468,1,462,246,500,268
4469,1,460,241,499,264
4470,1,459,243,498,266
4471,1,456,247,499,265
4472,1,452,244,498,263
4473,1,454,245,498,267
4474,1,452,244,497,266
4475,1,450,243,497,267
4476,1,452,241,496,263
4477,1,446,247,485,268
4478,1,445,248,482,268
4479,1,442,249,481,270
4480,1,440,251,477,271
4481,1,438,252,483,272
4482,1,436,253,480,273
4483,1,434,252,480,273
4484,1,430,257,473,280
4485,1,427,259,472,283
4486,1,423,260,469,285
4487,1,420,267,463,288
4488,1,417,271,460,292
4489,1,415,273,458,294
4490,1,412,275,455,296
4491,1,410,277,453,298
4492,1,406,279,449,300
4493,1,404,281,447,302
4494,1,401,282,444,303
4495,1,397,282,441,303
4496,1,395,286,439,307
4497,1,392,285,436,306
4498,1,390,285,433,306
4499,1,387,288,430,309
4500,1,385,289,427,309
4501,1,382,289,424,310
4502,1,380,290,422,310
4503,1,376,288,419,308
4504,1,374,290,417,310
4505,1,370,290,413,310
4506,1,368,289,411,309
4507,1,364,291,406,311
4508,1,361,291,404,311
4509,1,358,290,400,310
4510,1,355,292,397,312
4511,1,352,291,394,311
4512,1,349,288,391,308
4513,1,346,288,388,308
4514,1,342,288,385,308
4515,1,340,285,381,304
4516,1,337,286,379,305
4517,1,334,283,376,302
4518,1,331,281,372,300
4519,1,328,282,369,301
4520,1,325,278,367,297
4521,1,321,276,362,295
4522,1,318,277,359,296
4523,1,315,271,355,290
4524,1,312,269,352,288
4525,1,309,269,348,287
4526,1,306,262,345,280
4527,1,302,262,341,280
4528,1,297,258,342,279
4529,1,294,251,337,271
4530,1,294,251,337,271
4531,1,288,249,331,266
4532,1,284,243,330,263
4533,1,284,244,328,259
4534,1,278,238,328,255
4535,1,272,229,323,245
4536,1,272,229,314,245
4537,1,270,221,310,236
4538,1,263,214,308,231
4539,1,261,211,304,227
4540,1,258,202,300,218
4541,1,255,198,297,214
4542,1,252,191,295,207
4543,1,249,182,292,199
4544,1,248,179,288,194
4545,1,246,171,286,186
4546,1,243,161,282,176
4547,1,242,159,281,174
4548,1,238,150,278,165
4549,1,244,146,277,160
4550,1,241,144,275,159
4551,1,236,132,275,149
4552,1,235,128,273,145
4553,1,234,124,272,140
4554,1,230,113,269,130
4555,1,234,114,265,128
4556,1,229,108,264,126
4593,1,215,99,243,121
4594,1,216,104,244,126
4595,1,217,105,244,126
4596,1,218,110,245,131
4597,1,219,113,245,134
4598,1,219,115,247,137
4599,1,220,120,247,141
4600,1,221,122,248,143
4601,1,222,126,248,147
4602,1,223,131,250,152
4603,1,222,134,250,156
4604,1,224,140,251,161
4605,1,225,143,253,165
4606,1,226,148,252,168
4607,1,226,151,253,172
4608,1,229,156,254,176
4609,1,229,158,255,178
4610,1,231,162,256,182
4611,1,231,165,256,185
4612,1,233,167,259,188
4613,1,232,169,259,190
4614,1,235,173,259,192
4615,1,237,175,262,194
4616,1,237,176,262,196
4617,1,236,176,264,198
4618,1,241,180,266,199
4619,1,242,182,266,201
4620,1,243,183,268,202
4621,1,245,185,268,203
4622,1,245,186,270,206
4623,1,248,189,271,207
4624,1,249,189,272,207
4625,1,251,190,274,208
4626,1,252,192,276,211
4627,1,253,193,276,211
4628,1,255,196,278,214
4629,1,255,195,278,213
4630,1,257,197,280,215
4631,1,258,199,280,216
4632,1,261,199,282,215
4633,1,259,199,282,217
4634,1,260,198,284,217
4635,1,261,198,285,217
4636,1,262,202,286,221
4637,1,263,200,286,218
4638,1,264,201,286,219
4639,1,264,205,286,222
4640,1,265,204,286,221
4641,1,265,204,287,221
4642,1,267,208,288,224
4643,1,268,208,287,223
4644,1,268,209,287,224
4645,1,269,212,287,226
4646,1,269,210,287,224
4647,1,271,212,288,226
4648,1,272,214,289,227
4649,1,272,211,289,225
4650,1,272,212,290,226
4651,1,273,214,291,228
4652,1,273,210,291,224
4653,1,275,212,293,226
4654,1,275,211,292,224
4655,1,278,210,294,223
4656,1,278,213,294,226
4657,1,280,212,296,225
4658,1,280,210,296,222
4659,1,282,214,298,226
4660,1,282,215,297,227
4661,1,283,212,298,224
4662,1,285,216,299,227
4663,1,284,216,299,228
4664,1,286,217,300,228
4665,1,286,219,300,230
4666,1,287,219,301,230
4667,1,289,222,303,233
4668,1,288,222,303,234
4669,1,290,223,305,234
4670,1,289,224,304,235
4671,1,292,226,305,236
4672,1,292,224,306,235
4673,1,295,228,308,238
4674,1,297,226,310,236
4675,1,297,226,310,236
4676,1,299,227,312,237
4677,1,299,225,312,235
4678,1,301,225,314,235
4679,1,302,225,315,235
4680,1,303,223,316,233
4681,1,304,224,317,234
4682,1,304,223,317,234
4683,1,305,223,318,233
4684,1,307,223,320,233
4685,1,307,220,320,230
4733,1,319,231,341,241
4734,1,319,229,341,239
4735,1,318,234,340,244
4736,1,318,234,340,244
4737,1,317,233,339,246
4738,1,317,237,337,249
4739,1,317,237,339,250
4740,1,315,236,336,249
4741,1,315,239,335,251
4742,1,315,238,334,249
4743,1,320,238,338,251
4744,1,319,242,336,254
4745,1,320,241,335,252
4756,1,309,261,329,271
4757,1,309,261,329,271
4758,1,308,265,328,275
4759,1,308,264,328,274
4760,1,308,265,328,275
4761,1,307,267,327,277
4765,1,307,269,328,279
4766,1,307,270,328,280
4767,1,307,271,328,281
4768,1,307,268,328,278
4769,1,306,270,327,280
4770,1,306,270,329,281
4771,1,305,269,329,280
4772,1,306,272,329,283
4773,1,305,270,329,281
4774,1,303,270,326,281
4775,1,302,272,325,283
4776,1,303,270,326,281
4777,1,302,270,326,281
4778,1,303,272,327,284
4779,1,302,269,327,281
4780,1,303,269,327,281
4781,1,302,269,327,281
4782,1,303,267,326,278
4783,1,303,267,326,278
4784,1,303,267,327,278
4785,1,303,264,327,275
4786,1,302,265,326,277
4787,1,303,265,327,276
4788,1,302,262,324,273
4789,1,302,262,327,274
4790,1,300,261,325,273
4791,1,301,259,327,271
4792,1,299,259,325,271
4793,1,299,258,326,271
4794,1,298,255,324,267
4795,1,298,256,325,269
4796,1,296,255,321,267
4797,1,296,252,321,264
4798,1,295,252,319,264
4799,1,294,250,321,263
4800,1,293,249,320,262
4801,1,293,250,319,263
4802,1,292,248,318,260
4803,1,290,248,317,261
4804,1,289,247,316,260
4805,1,288,246,315,259
4806,1,288,247,315,260
4807,1,286,245,314,258
4808,1,288,244,309,256
4809,1,286,244,307,256
4810,1,287,242,308,254
4811,1,284,242,305,254
4812,1,285,241,306,253
4813,1,283,237,303,251
4814,1,283,238,304,253
4815,1,281,235,302,250
4816,1,282,234,303,249
4817,1,280,235,301,250
4818,1,280,233,302,249
4819,1,280,233,300,247
4820,1,281,234,301,248
4821,1,281,235,300,248
4822,1,281,237,300,250
4823,1,281,238,300,251
4824,1,281,239,300,252
4825,1,278,239,301,252
4826,1,278,240,301,253
4827,1,278,240,300,251
4828,1,278,243,301,254
4829,1,279,246,301,257
4830,1,280,247,300,257
4831,1,281,251,301,261
4837,1,280,262,304,274
4838,1,278,261,304,274
4839,1,283,266,303,276
4840,1,284,270,304,280
4841,1,283,267,306,278
4842,1,283,270,306,281
4843,1,281,274,307,287
4844,1,281,270,308,283
4845,1,288,274,313,287
4846,1,289,277,313,290
4847,1,289,276,314,289
4848,1,290,280,315,293
4849,1,289,276,317,290
4850,1,288,278,318,294
4851,1,287,281,311,295
4852,1,288,278,312,292
4853,1,287,280,311,294
4854,1,288,279,314,294
4855,1,290,283,314,297
4856,1,289,283,313,297
4857,1,291,283,312,296
4858,1,290,286,313,299
4859,1,291,284,315,298
4860,1,291,283,313,296
4861,1,291,285,316,300
4862,1,290,285,314,299
4863,1,290,285,315,300
4864,1,290,287,314,301
4865,1,289,288,316,304
4866,1,290,289,316,304
4867,1,289,289,316,305
4868,1,290,292,315,307
4869,1,289,291,316,307
4870,1,290,295,315,310
4871,1,288,295,314,310
4872,1,291,296,315,310
4873,1,290,301,313,315
4874,1,291,300,315,314
4875,1,289,298,314,312
4876,1,292,306,315,320
4877,1,290,305,312,318
4878,1,290,303,314,317
4879,1,291,309,313,322
4880,1,291,306,314,319
4881,1,291,307,312,319
4882,1,290,307,313,320
4883,1,291,305,312,317
4884,1,292,307,312,318
4885,1,291,306,311,318
4886,1,290,301,310,313
4887,1,289,301,311,314
4888,1,290,299,310,310
4889,1,290,293,310,305
4890,1,289,292,308,303
4891,1,289,289,309,300
4892,1,288,285,306,296
4893,1,289,284,309,295
4894,1,288,281,308,292
4895,1,288,279,308,291
4896,1,288,279,308,290
4897,1,289,277,308,288
4898,1,288,277,307,288
4899,1,287,273,308,285
4900,1,288,273,308,285
4901,1,288,272,308,283
4902,1,285,268,306,280
4903,1,288,267,307,278
4904,1,288,266,308,277
4905,1,287,262,307,273
4906,1,288,261,308,273
4907,1,288,258,308,270
4908,1,289,254,309,266
4909,1,288,251,308,263
4910,1,289,248,307,259
4911,1,289,245,307,256
4912,1,289,241,307,251
4913,1,289,237,307,247
4914,1,288,235,306,245
4915,1,284,231,304,243
4916,1,284,228,303,239
4917,1,283,227,302,238
4918,1,281,223,300,234
4919,1,279,223,298,234
4920,1,277,223,296,234
4921,1,276,217,296,229
4922,1,273,216,293,227
4923,1,272,215,291,226
4924,1,271,214,288,224
4925,1,268,216,286,227
4926,1,266,213,283,223
4927,1,262,211,281,222
4928,1,259,214,279,225
4929,1,257,213,276,224
4930,1,256,210,274,220
4931,1,253,211,270,225
4932,1,252,212,269,226
4933,1,246,209,263,223
4934,1,247,210,263,223
4935,1,245,212,261,225
4936,1,243,208,259,221
4937,1,240,211,256,224
4938,1,236,212,254,227
4939,1,234,208,251,222
4940,1,234,209,249,222
4941,1,230,208,247,222
4942,1,230,204,246,217
4968,1,225,113,242,125
4969,1,227,112,242,123
4970,1,227,113,241,123
5081,1,446,282,463,294
5082,1,448,278,466,290
5083,1,448,270,465,282
5084,1,449,266,467,279
5085,1,450,260,469,274
5086,1,452,253,471,266
5087,1,452,251,471,264
5088,1,454,248,472,260
5089,1,454,243,473,257
5090,1,454,240,474,254
5091,1,455,236,474,249
5092,1,456,235,476,249
5093,1,456,233,476,247
5094,1,456,231,475,244
5095,1,456,232,475,245
5096,1,456,230,474,244
5097,1,456,228,473,241
5098,1,456,230,473,243
5099,1,457,228,474,241
5100,1,455,227,472,240
5101,1,456,228,473,241
5102,1,455,225,471,237
5103,1,455,227,472,240
5104,1,454,228,469,240
5105,1,455,227,470,239
5106,1,453,229,468,241
5107,1,453,228,469,240
5108,1,452,229,467,241
5109,1,452,231,466,242
5110,1,451,231,466,242
5111,1,450,234,463,244
5112,1,450,237,464,248
5113,1,448,240,462,251
5114,1,449,245,462,255
5115,1,447,247,460,257
5116,1,446,252,460,263
5117,1,445,256,458,266
5118,1,445,260,458,270
5119,1,444,264,457,274
5120,1,444,267,457,277
5121,1,442,272,455,282
5122,1,443,277,456,287
5123,1,441,281,454,291
5124,1,442,286,457,297
5125,1,440,290,455,301
5126,1,442,293,457,304
5127,1,440,298,455,309
5128,1,441,300,456,312
5129,1,440,303,455,315
5130,1,441,307,456,318
5131,1,439,308,454,320
5132,1,440,310,454,321
5133,1,440,314,455,326
5134,1,440,315,454,326
5135,1,441,317,455,328
5136,1,439,320,453,331
5137,1,440,321,453,331
5138,1,439,322,453,333
5139,1,440,326,453,336
5140,1,438,327,451,337
5141,1,440,327,453,337
5142,1,438,329,451,339
5143,1,439,331,452,341
5144,1,438,330,451,340
5145,1,439,333,452,343
5146,1,437,333,450,343
5147,1,439,331,452,341
5148,1,438,334,451,344
5149,1,438,332,451,342
5150,1,438,329,451,339
5185,1,391,255,406,265
5186,1,389,254,404,264
5187,1,388,255,403,265
5188,1,386,257,402,267
5189,1,386,256,401,266
5190,1,384,257,400,267
5191,1,381,258,396,269
5192,1,379,257,394,268
5193,1,376,259,392,271
5194,1,375,258,390,269
5195,1,372,260,387,271
5196,1,371,258,387,270
5197,1,370,257,386,269
5198,1,369,260,384,271
5199,1,368,258,383,269
5200,1,366,258,381,269
5201,1,365,258,380,269
5202,1,363,256,378,267
5203,1,361,256,377,268
5204,1,360,257,376,269
5205,1,359,254,374,265
5206,1,359,254,374,265
5207,1,356,252,372,263
5208,1,354,249,370,261
5209,1,353,251,369,263
5210,1,351,248,367,260
5211,1,350,247,366,259
5212,1,348,248,365,261
5213,1,346,245,363,258
5214,1,345,245,362,257
5215,1,344,246,360,258
5216,1,343,245,360,257
5217,1,341,245,358,258
5218,1,338,243,356,256
5219,1,339,245,356,258
5220,1,337,243,353,255
5221,1,337,243,354,255
5222,1,333,243,351,256
5223,1,333,242,351,255
5224,1,331,242,349,255
5225,1,332,241,349,253
5226,1,330,239,347,251
5227,1,328,237,346,250
5228,1,326,236,345,250
5229,1,326,236,344,249
5230,1,328,236,347,249
5231,1,327,235,346,248
5232,1,325,234,346,248
5233,1,326,234,345,247
5234,1,325,233,344,246
5235,1,324,235,343,248
5236,1,323,231,343,245
5237,1,322,232,342,246
5238,1,323,231,343,245
5239,1,322,227,341,240
5240,1,322,226,342,239
5241,1,320,222,341,237
5242,1,321,220,341,233
5243,1,320,218,339,231
5244,1,320,211,339,224
5245,1,319,207,339,220
5246,1,319,204,338,217
5247,1,318,193,337,206
5248,1,318,188,337,201
5249,1,316,184,335,197
5250,1,316,177,334,189
5251,1,314,174,334,187
5252,1,315,169,332,181
5253,1,313,165,331,177
5254,1,312,161,329,172
5255,1,312,158,327,168
5256,1,308,157,324,168
5257,1,308,154,324,165
5258,1,305,150,321,161
5259,1,304,151,319,161
5260,1,302,151,317,161
5261,1,300,148,316,159
5262,1,297,146,313,157
5263,1,298,148,313,158
5264,1,295,148,310,158
5265,1,293,144,308,154
5266,1,292,145,307,155
5267,1,289,145,305,156
5268,1,289,142,305,153
5269,1,288,140,303,150
5270,1,286,140,301,150
5271,1,284,137,300,148
5272,1,279,133,301,147
5273,1,275,136,296,149
5274,1,279,132,299,144
5275,1,277,129,296,140
5276,1,277,133,297,145
5277,1,276,135,293,145
5278,1,275,131,293,142
5279,1,272,137,291,148
5280,1,273,137,291,148
5281,1,273,136,290,146
5282,1,272,144,290,155
5283,1,271,148,289,159
5284,1,268,147,287,159
5285,1,269,155,288,166
5286,1,268,161,287,173
5287,1,266,160,288,173
5288,1,264,166,287,180
5289,1,263,174,286,188
5290,1,263,177,283,189
5291,1,262,184,282,196
5292,1,262,187,284,200
5293,1,260,189,280,201
5294,1,257,194,281,209
5295,1,259,199,280,212
5296,1,255,200,278,214
5297,1,257,208,279,221
5298,1,253,209,277,223
5299,1,252,210,276,225
5300,1,250,217,274,232
5301,1,249,216,274,231
5302,1,246,219,272,235
5303,1,246,223,270,237
5304,1,245,223,268,237
5305,1,239,227,263,242
5306,1,240,229,262,242
5307,1,240,229,260,241
5308,1,237,232,259,245
5309,1,227,232,261,247
5310,1,225,233,259,248
5311,1,222,237,258,253
5312,1,221,237,252,250
5313,1,221,238,248,250
5314,1,214,240,247,254
5315,1,212,239,245,254
5316,1,207,239,240,253
5317,1,205,241,239,256
5318,1,201,240,233,254
5319,1,195,240,231,256
5320,1,190,241,226,257
5321,1,187,241,224,257
5322,1,179,241,220,259
5323,1,175,240,217,258
5324,1,170,240,212,258
5325,1,167,242,208,260
5326,1,158,240,203,260
5327,1,153,241,199,261
5328,1,148,243,190,262
5329,1,142,241,190,262
5330,1,137,245,182,265
5331,1,130,243,179,264
5332,1,124,243,171,264
5333,1,118,247,166,268
5334,1,110,246,161,269
5335,1,100,244,155,268
5336,1,94,246,151,271
5337,1,88,245,143,269
5338,1,84,245,140,271
5339,1,76,247,126,273
5340,1,68,243,123,272
5341,1,58,242,115,272
5342,1,52,244,104,272
5343,1,45,239,98,266
5344,1,37,240,90,267
5345,1,25,238,81,267
5346,1,17,232,75,261
5347,1,4,231,65,262
5348,1,-5,227,57,259
5349,1,-17,221,47,254
5350,1,-32,220,37,255
5659,1,35,137,75,167
5662,1,49,139,83,168
5663,1,55,141,83,161
5664,1,57,142,84,162
5665,1,60,139,88,159
5666,1,62,140,89,159
5667,1,60,139,91,162
5668,1,63,139,93,161
5669,1,66,140,95,162
5670,1,68,138,97,160
5671,1,74,140,97,161
5684,1,118,147,136,162
5685,1,121,146,139,161
5686,1,126,150,144,165
5687,1,130,150,147,164
5688,1,135,153,150,165
5689,1,138,155,153,167
5690,1,143,156,158,168
5691,1,146,158,160,170
5692,1,151,160,165,171
5693,1,155,159,168,170
5694,1,160,162,173,173
5695,1,164,163,177,174
5696,1,164,159,188,174
5697,1,169,162,192,176
5698,1,174,163,197,177
5699,1,179,163,201,177
5700,1,184,166,206,180
5701,1,188,167,210,181
5702,1,193,167,216,181
5703,1,198,169,219,182
5704,1,203,171,224,184
5705,1,206,170,227,183
5706,1,211,172,232,185
5707,1,214,173,235,186
5708,1,218,173,239,186
5709,1,222,174,242,186
5710,1,225,175,245,188
5711,1,228,175,249,188
5712,1,232,178,250,189
5713,1,235,177,254,189
5714,1,237,180,256,192
5715,1,239,180,259,192
5716,1,242,180,261,192
5717,1,245,182,264,194
5718,1,247,181,266,193
5719,1,249,182,268,194
5720,1,251,182,270,194
5721,1,253,181,271,192
5722,1,255,182,273,193
5723,1,258,180,276,191
5724,1,259,179,277,190
5725,1,261,181,279,192
5726,1,261,179,279,190
5727,1,262,179,282,191
5728,1,264,181,282,192
5729,1,266,181,283,192
5730,1,267,182,283,192
5731,1,268,184,285,194
5732,1,269,184,285,194
5733,1,271,186,287,196
5734,1,271,188,287,198
5735,1,270,186,288,197
5736,1,272,189,288,199
5737,1,271,188,289,199
5738,1,271,186,289,198
5739,1,272,189,290,200
5740,1,272,189,290,200
5741,1,272,188,289,199
5742,1,273,188,289,198
5743,1,272,187,288,197
5744,1,272,184,288,194
5745,1,272,184,289,195
5746,1,272,183,290,195
5747,1,272,179,290,190
5748,1,272,178,290,189
5749,1,276,175,295,187
5750,1,276,176,296,189
5751,1,277,174,297,187
5752,1,279,174,298,186
5753,1,280,174,297,185
5754,1,280,172,298,183
5755,1,281,173,299,184
5756,1,284,174,300,184
5757,1,285,172,301,182
5758,1,287,172,303,182
5759,1,288,171,304,181
5760,1,289,171,306,182
5761,1,290,171,306,181
5762,1,291,170,308,181
5763,1,294,169,310,179
5764,1,296,169,312,179
5765,1,298,168,314,178
5766,1,301,168,320,179
5767,1,303,166,322,177
5768,1,304,164,324,175
5769,1,308,166,327,177
5770,1,308,164,328,175
5771,1,312,165,331,176
5772,1,311,166,331,177
5773,1,316,164,333,174
5774,1,315,165,334,176
5775,1,318,165,336,176
5776,1,320,163,338,173
5777,1,322,163,341,174
5778,1,324,163,342,173
5779,1,326,163,344,174
5780,1,324,164,343,175
5781,1,313,184,333,195
5782,1,307,233,325,250
5783,1,309,270,326,290
5784,1,306,271,323,291
5785,1,305,272,322,292
5786,1,306,259,324,280
5787,1,310,244,327,264
5788,1,314,232,333,254
5789,1,319,222,338,244
5790,1,325,217,345,240
5791,1,334,215,353,238
5792,1,344,212,363,234
5793,1,356,209,376,233
5794,1,369,205,390,230
5795,1,384,202,405,227
5796,1,398,203,419,223
5797,1,408,196,429,216
5798,1,417,190,438,210
5799,1,425,182,447,203
