0,1,994,245,1006,255
1,1,994,247,1006,257
2,1,994,247,1006,257
3,1,993,247,1005,257
4,1,992,246,1004,256
5,1,991,244,1003,254
6,1,990,243,1002,253
7,1,989,242,1001,252
8,1,988,241,1000,251
9,1,988,241,1000,251
10,1,987,241,999,251
11,1,986,241,998,251
12,1,985,240,997,250
13,1,985,240,997,250
14,1,985,239,997,249
15,1,985,239,997,249
16,1,985,239,997,249
17,1,986,238,998,248
18,1,988,238,999,248
19,1,990,238,1001,248
20,1,993,239,1004,249
21,1,995,239,1006,249
22,1,998,239,1009,249
23,1,1001,239,1012,249
24,1,1004,239,1015,249
25,1,1006,239,1017,249
26,1,1008,239,1019,249
27,1,1010,239,1021,249
28,1,1012,238,1023,248
29,1,1015,237,1026,247
30,1,1017,235,1028,245
31,1,1019,234,1030,244
32,1,1021,233,1032,243
33,1,1024,232,1035,242
34,1,1026,231,1037,241
35,1,1029,231,1041,242
36,1,1032,232,1042,242
37,1,1032,230,1042,240
38,1,1034,229,1044,239
39,1,1035,227,1045,237
40,1,1034,224,1044,234
41,1,1032,221,1042,231
42,1,1031,218,1041,228
43,1,1030,216,1040,226
44,1,1030,217,1040,227
45,1,1030,217,1040,227
46,1,1030,216,1040,226
47,1,1030,216,1040,226
48,1,1029,216,1039,226
49,1,1028,214,1038,224
50,1,1027,210,1037,220
51,1,1030,210,1040,220
52,1,1030,208,1040,218
53,1,1031,206,1041,216
54,1,1032,206,1042,216
55,1,1032,205,1043,216
56,1,1035,206,1046,216
57,1,1038,208,1049,218
58,1,1040,210,1051,220
59,1,1043,211,1053,221
60,1,1047,211,1057,221
61,1,1052,210,1062,220
62,1,1056,209,1066,219
63,1,1062,209,1072,219
64,1,1065,206,1075,216
65,1,1069,202,1079,212
66,1,1073,199,1083,209
82,1,1111,190,1121,200
83,1,1111,189,1121,199
84,1,1111,188,1121,198
85,1,1111,188,1121,198
86,1,1111,188,1121,198
87,1,1112,187,1122,197
88,1,1113,186,1123,196
89,1,1114,185,1124,195
90,1,1115,184,1126,195
91,1,1116,183,1126,193
92,1,1117,183,1127,193
93,1,1117,183,1127,193
94,1,1119,182,1129,192
95,1,1123,181,1133,191
96,1,1125,179,1135,189
97,1,1127,176,1138,187
98,1,1130,174,1141,185
99,1,1134,172,1144,182
100,1,1137,169,1147,179
101,1,1139,167,1149,177
102,1,1141,165,1151,175
103,1,1142,162,1152,172
104,1,1143,160,1153,170
105,1,1144,157,1154,167
106,1,1145,155,1155,165
107,1,1146,153,1157,164
108,1,1147,151,1157,161
109,1,1148,149,1158,159
110,1,1149,147,1159,157
111,1,1151,146,1161,156
112,1,1152,144,1162,154
113,1,1152,143,1162,153
114,1,1154,141,1164,151
115,1,1158,138,1168,148
116,1,1160,136,1170,146
117,1,1160,134,1170,144
118,1,1163,130,1173,140
119,1,1165,127,1175,137
135,1,1180,70,1190,80
136,1,1176,66,1189,76
137,1,1177,63,1189,73
138,1,1177,59,1190,69
139,1,1176,56,1189,66
140,1,1177,55,1187,65
141,1,1177,51,1189,61
142,1,1176,48,1186,58
143,1,1176,44,1186,54
144,1,1176,41,1186,51
360,1,1092,0,1107,12
361,1,1088,5,1103,17
362,1,1084,9,1098,20
363,1,1079,13,1093,24
364,1,1075,17,1089,28
365,1,1072,19,1086,30
366,1,1071,23,1081,33
367,1,1069,24,1081,36
368,1,1069,30,1079,40
369,1,1068,36,1078,46
370,1,1068,43,1078,53
371,1,1067,50,1077,60
372,1,1066,56,1076,66
373,1,1064,62,1074,72
374,1,1062,67,1072,77
375,1,1060,71,1070,81
376,1,1058,74,1068,84
377,1,1055,77,1065,87
378,1,1051,79,1061,89
379,1,1048,81,1058,91
380,1,1045,84,1055,94
381,1,1042,87,1052,97
382,1,1040,90,1050,100
383,1,1037,94,1047,104
384,1,1034,98,1044,108
385,1,1029,102,1039,112
386,1,1024,107,1034,117
387,1,1021,112,1031,122
388,1,1017,119,1027,129
389,1,1013,124,1023,134
390,1,1010,128,1021,139
391,1,1008,132,1019,143
392,1,1007,136,1017,146
393,1,1006,139,1016,149
394,1,1006,140,1016,150
395,1,1005,142,1015,152
396,1,1003,142,1014,153
397,1,1003,144,1013,154
398,1,1003,145,1013,155
399,1,1003,145,1013,155
400,1,1004,146,1014,156
401,1,1002,147,1012,157
402,1,999,150,1009,160
403,1,996,153,1006,163
404,1,992,157,1002,167
405,1,989,159,999,169
406,1,985,162,995,172
407,1,982,163,992,173
408,1,979,164,989,174
409,1,976,166,986,176
410,1,973,168,983,178
411,1,970,171,980,181
412,1,968,173,978,183
413,1,965,175,975,185
414,1,964,176,974,186
415,1,962,179,972,189
416,1,961,181,971,191
417,1,961,184,971,194
418,1,960,186,970,196
419,1,958,188,968,198
420,1,955,191,965,201
421,1,953,194,963,204
422,1,950,198,960,208
423,1,948,201,958,211
424,1,945,205,955,215
425,1,943,208,953,218
426,1,940,210,950,220
427,1,936,210,946,220
428,1,931,209,941,219
429,1,925,207,935,217
430,1,919,204,929,214
431,1,913,203,923,213
432,1,908,204,918,214
433,1,905,208,915,218
434,1,903,213,913,223
435,1,901,218,911,228
436,1,899,223,909,233
437,1,897,227,907,237
438,1,896,230,906,240
439,1,894,233,904,243
440,1,894,235,904,245
441,1,894,236,904,246
442,1,894,237,904,247
443,1,893,237,903,247
444,1,893,236,903,246
445,1,893,235,903,245
446,1,893,233,903,243
447,1,894,230,904,240
448,1,894,227,904,237
449,1,894,225,904,235
450,1,892,223,903,233
451,1,890,221,901,231
452,1,887,219,897,229
453,1,883,217,893,227
454,1,879,216,889,226
455,1,875,214,885,224
456,1,873,214,883,224
457,1,870,214,880,224
458,1,867,216,878,227
459,1,864,219,874,229
460,1,862,220,872,230
461,1,860,221,870,231
462,1,857,222,868,233
463,1,855,222,866,233
464,1,854,221,865,232
465,1,854,220,865,231
466,1,854,219,865,230
467,1,853,218,864,229
468,1,853,217,864,228
469,1,853,216,864,227
470,1,853,215,864,226
471,1,853,213,864,224
472,1,854,211,865,222
473,1,855,211,866,222
474,1,856,211,867,222
475,1,856,211,867,222
476,1,856,212,867,223
477,1,854,213,865,224
478,1,851,214,861,224
479,1,849,214,859,224
480,1,848,214,858,224
481,1,847,214,857,224
482,1,843,214,856,224
483,1,842,214,855,224
484,1,840,215,852,225
485,1,839,216,851,226
486,1,838,217,850,227
487,1,836,217,847,228
488,1,834,216,845,227
489,1,833,214,844,225
490,1,832,211,843,222
491,1,830,208,841,219
492,1,829,205,840,216
493,1,829,203,840,214
494,1,829,202,840,213
495,1,828,201,839,212
496,1,828,200,839,211
497,1,827,200,838,211
498,1,828,198,839,209
499,1,829,197,839,207
500,1,830,197,840,207
501,1,833,195,843,205
502,1,834,192,846,202
503,1,836,190,848,200
504,1,838,188,850,198
505,1,839,187,851,197
506,1,841,186,853,196
507,1,843,185,855,195
508,1,847,185,858,195
509,1,849,186,860,196
510,1,850,187,861,197
511,1,851,186,863,197
512,1,851,186,862,196
513,1,849,187,859,197
514,1,848,187,858,197
515,1,846,186,857,197
516,1,842,186,853,197
517,1,838,188,849,199
518,1,834,190,845,201
519,1,830,192,840,202
520,1,825,194,835,204
521,1,821,197,831,207
522,1,816,201,826,211
523,1,811,203,821,213
524,1,807,205,817,215
525,1,803,207,813,217
526,1,799,210,809,220
527,1,793,212,803,222
528,1,788,214,798,224
529,1,784,216,794,226
530,1,780,218,790,228
531,1,777,218,787,228
532,1,775,219,785,229
533,1,773,219,783,229
534,1,771,220,781,230
535,1,770,221,780,231
536,1,769,220,780,231
537,1,770,220,781,231
538,1,771,219,782,230
539,1,774,217,784,227
540,1,777,214,787,224
541,1,779,212,789,222
542,1,782,209,792,220
543,1,785,207,795,218
544,1,787,204,797,215
545,1,790,201,801,213
546,1,794,200,804,211
547,1,799,199,809,210
548,1,804,199,814,210
549,1,809,199,819,210
550,1,816,198,826,209
551,1,823,196,833,207
552,1,830,192,840,203
553,1,836,190,846,200
554,1,842,189,852,199
555,1,848,189,858,199
556,1,852,190,862,200
557,1,857,190,867,200
558,1,861,192,871,202
559,1,864,193,874,203
560,1,866,193,876,203
561,1,867,193,877,203
562,1,869,193,879,203
563,1,871,196,881,206
564,1,873,199,883,209
565,1,875,204,885,214
566,1,877,207,887,217
567,1,879,211,889,221
568,1,881,215,891,225
569,1,884,219,894,229
570,1,885,223,895,233
571,1,888,225,898,235
572,1,892,227,902,237
573,1,894,228,904,238
574,1,897,229,907,239
575,1,899,229,909,239
576,1,902,229,912,239
577,1,902,228,912,238
578,1,903,227,913,237
579,1,904,225,914,235
580,1,906,223,916,233
581,1,909,222,919,232
582,1,911,222,922,233
583,1,912,222,922,232
584,1,916,225,926,235
585,1,917,227,927,237
586,1,917,229,927,239
587,1,918,231,929,242
608,1,966,219,977,229
609,1,970,217,981,227
610,1,973,214,984,224
611,1,976,211,987,221
612,1,980,210,990,220
613,1,981,208,991,218
614,1,982,206,992,216
615,1,984,205,994,215
616,1,985,204,995,214
617,1,986,203,996,213
618,1,985,202,995,212
619,1,988,201,998,211
620,1,985,200,995,210
621,1,985,199,995,209
622,1,981,197,991,207
623,1,980,197,991,207
624,1,978,197,989,207
625,1,976,198,988,209
626,1,974,200,986,211
627,1,972,202,983,212
628,1,973,204,984,214
629,1,971,204,982,214
630,1,969,205,980,215
631,1,968,206,979,216
632,1,967,207,978,217
633,1,967,207,978,217
634,1,967,207,978,217
635,1,969,205,980,215
636,1,969,204,980,214
637,1,969,202,981,213
638,1,970,201,982,211
639,1,971,201,983,212
640,1,973,201,985,212
641,1,975,201,987,212
642,1,976,202,989,213
643,1,978,202,990,213
644,1,979,202,992,213
645,1,983,203,993,214
646,1,985,203,995,214
647,1,991,205,1001,215
648,1,993,205,1003,215
649,1,993,203,1004,213
650,1,996,202,1007,212
651,1,998,200,1009,210
652,1,1000,199,1011,209
653,1,1002,197,1013,207
654,1,1003,195,1013,205
655,1,1003,191,1015,201
656,1,1003,189,1015,199
657,1,1005,187,1016,197
658,1,1006,186,1016,196
659,1,1007,186,1017,196
660,1,1010,187,1020,197
661,1,1013,189,1023,199
662,1,1016,191,1026,201
663,1,1021,193,1031,203
664,1,1027,193,1037,203
665,1,1033,193,1043,203
666,1,1039,193,1049,203
667,1,1045,193,1055,203
668,1,1050,193,1060,203
669,1,1055,192,1065,202
670,1,1061,192,1071,202
671,1,1066,190,1076,200
672,1,1070,189,1080,199
673,1,1074,188,1084,198
674,1,1077,185,1087,195
675,1,1079,183,1089,193
676,1,1081,180,1091,190
677,1,1083,177,1093,187
678,1,1084,174,1094,184
679,1,1084,171,1094,181
680,1,1084,167,1094,177
681,1,1083,164,1093,174
682,1,1084,161,1094,173
683,1,1084,160,1094,172
684,1,1084,160,1094,172
685,1,1084,160,1094,172
686,1,1083,161,1093,171
687,1,1082,161,1092,171
688,1,1080,161,1090,171
689,1,1078,160,1088,170
690,1,1075,159,1085,169
691,1,1072,157,1082,167
692,1,1068,156,1078,166
693,1,1064,155,1074,165
694,1,1060,154,1070,164
695,1,1057,153,1067,163
696,1,1054,152,1064,162
697,1,1050,152,1060,162
698,1,1047,152,1057,162
699,1,1044,152,1055,163
700,1,1042,151,1052,161
701,1,1039,151,1049,161
702,1,1035,149,1046,160
703,1,1031,149,1042,160
704,1,1025,148,1036,159
705,1,1020,148,1031,159
706,1,1015,150,1026,161
707,1,1010,152,1021,163
708,1,1007,153,1018,164
709,1,1008,157,1018,167
710,1,1009,158,1019,168
711,1,1011,159,1021,169
712,1,1013,158,1023,168
713,1,1016,159,1026,169
714,1,1019,159,1029,169
715,1,1023,160,1035,170
716,1,1025,160,1036,171
717,1,1027,160,1038,171
718,1,1028,160,1039,171
719,1,1030,159,1041,170
720,1,1033,158,1044,169
721,1,1035,158,1046,169
722,1,1037,158,1048,169
723,1,1039,157,1050,168
724,1,1039,156,1050,167
725,1,1040,155,1051,166
726,1,1040,153,1050,163
727,1,1040,152,1050,162
728,1,1040,152,1051,163
729,1,1041,152,1051,162
730,1,1042,152,1052,162
731,1,1042,152,1052,162
732,1,1042,152,1052,162
733,1,1040,152,1050,162
734,1,1040,152,1050,162
735,1,1039,151,1049,161
736,1,1039,150,1049,160
737,1,1037,150,1047,160
738,1,1037,149,1049,160
739,1,1037,149,1049,160
740,1,1039,149,1051,160
741,1,1042,150,1054,161
742,1,1045,151,1058,161
743,1,1050,151,1061,162
744,1,1054,152,1065,163
745,1,1058,152,1069,163
746,1,1062,152,1072,162
747,1,1064,152,1074,162
748,1,1065,151,1075,161
749,1,1065,150,1076,161
750,1,1064,149,1074,159
751,1,1064,147,1074,157
752,1,1063,145,1073,155
753,1,1063,145,1073,155
754,1,1063,145,1073,155
755,1,1062,144,1072,154
756,1,1061,144,1071,154
757,1,1060,144,1070,154
758,1,1058,144,1068,154
759,1,1057,146,1067,156
760,1,1056,147,1066,157
761,1,1055,150,1065,160
762,1,1052,153,1062,163
832,1,1066,126,1080,136
833,1,1069,127,1081,137
834,1,1070,128,1082,138
835,1,1071,128,1083,138
836,1,1072,128,1082,138
837,1,1076,127,1086,137
838,1,1079,127,1089,137
839,1,1079,129,1089,139
840,1,1082,130,1092,140
841,1,1084,129,1094,139
842,1,1086,128,1096,138
843,1,1086,130,1096,140
844,1,1087,130,1097,140
845,1,1089,130,1099,140
846,1,1087,132,1098,142
847,1,1089,132,1100,142
848,1,1091,132,1104,142
849,1,1092,133,1106,143
850,1,1095,133,1107,144
851,1,1098,133,1111,143
852,1,1099,133,1112,143
853,1,1102,133,1112,143
854,1,1103,133,1113,143
855,1,1101,132,1111,142
856,1,1098,132,1111,142
857,1,1098,131,1110,141
858,1,1097,130,1109,140
859,1,1096,129,1108,139
860,1,1100,128,1112,138
861,1,1102,128,1115,138
862,1,1103,127,1116,138
863,1,1108,125,1124,135
864,1,1108,125,1124,135
865,1,1115,123,1131,133
866,1,1122,123,1135,133
867,1,1124,121,1137,131
868,1,1127,118,1139,128
869,1,1129,115,1142,125
870,1,1129,112,1141,122
878,1,1132,97,1143,109
879,1,1132,99,1143,109
880,1,1132,101,1142,111
881,1,1133,101,1143,112
882,1,1131,100,1146,110
883,1,1134,101,1146,111
884,1,1133,100,1145,110
885,1,1134,99,1147,110
886,1,1136,98,1149,108
887,1,1140,97,1151,107
888,1,1143,95,1153,105
889,1,1138,95,1153,105
890,1,1142,94,1152,104
891,1,1137,91,1151,102
892,1,1136,90,1149,100
895,1,1140,86,1152,96
896,1,1140,85,1152,95
897,1,1137,83,1151,95
898,1,1137,82,1150,92
899,1,1136,82,1147,92
900,1,1134,81,1144,91
901,1,1131,81,1141,91
902,1,1127,81,1137,91
903,1,1122,80,1133,90
904,1,1118,80,1129,90
905,1,1115,78,1127,89
906,1,1113,80,1124,90
907,1,1110,81,1121,91
908,1,1109,82,1122,93
909,1,1110,85,1123,96
910,1,1112,88,1123,98
911,1,1112,89,1123,99
912,1,1109,90,1122,100
913,1,1110,88,1120,98
914,1,1108,88,1118,98
915,1,1106,87,1117,97
916,1,1105,86,1117,96
917,1,1106,86,1117,96
918,1,1105,86,1116,96
919,1,1104,85,1117,95
920,1,1104,85,1117,95
921,1,1109,87,1119,97
922,1,1111,89,1121,99
923,1,1115,89,1126,99
924,1,1119,90,1129,100
925,1,1124,92,1134,102
926,1,1127,92,1137,103
927,1,1131,91,1142,103
928,1,1134,90,1145,102
929,1,1136,89,1147,101
930,1,1139,88,1150,100
931,1,1141,88,1155,99
932,1,1143,88,1157,99
933,1,1144,87,1160,99
934,1,1147,87,1161,98
935,1,1147,86,1163,98
936,1,1150,87,1162,97
937,1,1150,87,1162,97
938,1,1151,87,1164,97
939,1,1152,87,1165,97
940,1,1152,87,1165,97
941,1,1151,87,1164,97
942,1,1148,87,1161,97
943,1,1144,87,1157,97
944,1,1141,88,1154,98
945,1,1141,89,1151,99
946,1,1137,89,1147,99
947,1,1133,89,1143,99
948,1,1130,89,1140,99
949,1,1128,89,1138,99
950,1,1126,89,1136,99
951,1,1125,91,1135,101
952,1,1126,93,1136,103
953,1,1126,94,1136,104
954,1,1127,95,1137,105
955,1,1129,96,1140,107
956,1,1131,96,1142,107
957,1,1131,97,1141,107
958,1,1131,98,1142,109
959,1,1131,98,1143,108
960,1,1129,98,1141,108
961,1,1126,98,1138,108
962,1,1123,97,1135,107
963,1,1120,96,1132,106
964,1,1118,95,1130,105
965,1,1117,95,1129,105
966,1,1116,96,1128,106
967,1,1115,98,1127,108
968,1,1115,100,1127,110
969,1,1114,103,1126,113
970,1,1114,106,1126,116
971,1,1114,108,1126,118
972,1,1114,109,1126,119
973,1,1113,111,1125,121
974,1,1113,112,1125,122
975,1,1111,113,1123,123
976,1,1110,115,1122,125
977,1,1109,116,1122,126
978,1,1109,117,1122,128
979,1,1110,119,1123,130
980,1,1111,121,1124,131
981,1,1110,122,1123,133
982,1,1109,124,1122,135
983,1,1108,126,1121,137
984,1,1106,127,1120,138
985,1,1105,127,1118,137
986,1,1104,127,1117,137
987,1,1103,128,1116,138
988,1,1101,129,1114,139
989,1,1101,129,1114,139
990,1,1099,130,1112,140
991,1,1098,130,1111,140
992,1,1098,131,1112,141
993,1,1099,133,1113,143
994,1,1103,135,1114,146
995,1,1104,137,1114,147
996,1,1104,137,1115,148
997,1,1104,137,1114,147
998,1,1104,137,1114,147
999,1,1104,138,1114,148
1000,1,1105,139,1115,149
1001,1,1106,139,1116,149
1002,1,1107,139,1117,149
1003,1,1107,139,1117,149
1004,1,1107,140,1117,150
1005,1,1107,141,1117,151
1006,1,1107,142,1117,152
1007,1,1108,143,1118,153
1008,1,1109,145,1119,155
1009,1,1110,146,1120,156
1010,1,1110,148,1120,158
1011,1,1108,149,1118,159
1012,1,1105,150,1115,160
1013,1,1103,150,1113,160
1014,1,1098,150,1110,161
1015,1,1096,150,1108,161
1016,1,1094,150,1106,161
1017,1,1093,150,1105,161
1018,1,1090,150,1102,161
1019,1,1087,149,1099,160
1020,1,1083,148,1096,160
1021,1,1083,147,1093,159
1022,1,1081,146,1091,158
1023,1,1079,146,1089,158
1024,1,1078,145,1088,157
1025,1,1076,146,1090,156
1026,1,1075,147,1088,157
1027,1,1074,149,1087,159
1028,1,1074,151,1087,161
1029,1,1074,153,1087,163
1030,1,1073,155,1086,165
1031,1,1071,157,1084,167
1032,1,1071,158,1084,168
1033,1,1070,160,1083,170
1034,1,1068,161,1081,171
1035,1,1063,161,1076,171
1036,1,1058,161,1071,171
1037,1,1053,160,1066,170
1038,1,1048,158,1061,168
1039,1,1044,156,1057,166
1040,1,1040,155,1055,167
1041,1,1037,156,1052,167
1042,1,1036,158,1050,168
1043,1,1035,161,1049,172
1044,1,1035,165,1049,176
1045,1,1035,169,1049,180
1046,1,1034,173,1048,184
1047,1,1033,176,1047,187
1048,1,1032,179,1046,190
1049,1,1031,183,1045,194
1050,1,1030,185,1044,196
1051,1,1031,186,1045,197
1052,1,1031,186,1045,197
1053,1,1031,185,1045,196
1054,1,1033,185,1047,196
1055,1,1036,184,1048,194
1056,1,1037,184,1049,194
1057,1,1038,186,1050,196
1058,1,1036,191,1049,201
1059,1,1035,192,1048,202
1060,1,1036,192,1050,202
1061,1,1036,192,1049,202
1062,1,1037,192,1050,202
1063,1,1037,193,1050,203
1064,1,1037,195,1050,205
1065,1,1038,196,1051,206
1066,1,1039,198,1052,208
1067,1,1040,200,1053,210
1068,1,1042,202,1055,212
1069,1,1045,204,1058,214
1070,1,1047,206,1059,216
1071,1,1048,208,1060,218
1072,1,1049,208,1061,218
1073,1,1049,208,1061,218
1074,1,1048,209,1060,219
1075,1,1047,210,1059,220
1076,1,1046,212,1058,222
1077,1,1045,213,1057,223
1078,1,1042,214,1054,224
1079,1,1040,215,1052,225
1080,1,1037,215,1050,225
1081,1,1033,215,1046,225
1082,1,1030,216,1042,226
1083,1,1025,216,1037,226
1084,1,1020,216,1032,226
1085,1,1016,217,1027,227
1086,1,1011,217,1022,227
1087,1,1006,216,1018,226
1088,1,1004,216,1016,226
1089,1,1001,217,1013,227
1090,1,999,218,1011,228
1091,1,998,219,1010,229
1092,1,998,219,1010,229
1093,1,998,220,1010,230
1094,1,998,221,1009,231
1095,1,998,222,1009,232
1096,1,998,224,1009,234
1097,1,996,226,1007,236
1098,1,993,228,1004,238
1099,1,992,228,1003,238
1100,1,992,226,1003,236
1101,1,990,225,1001,235
1102,1,990,224,1002,234
1103,1,991,223,1001,233
1104,1,990,223,1002,233
1105,1,990,224,1002,234
1106,1,992,225,1004,235
1107,1,993,227,1005,237
1108,1,994,229,1006,239
1109,1,996,231,1009,241
1110,1,997,233,1008,243
1111,1,997,235,1008,245
1112,1,998,236,1009,246
1113,1,998,236,1009,246
1114,1,999,235,1010,245
1115,1,999,235,1010,245
1116,1,999,234,1010,244
1117,1,998,234,1009,244
1118,1,998,233,1009,243
1119,1,997,233,1008,243
1120,1,998,232,1009,242
1121,1,999,232,1010,242
1122,1,1000,233,1011,243
1123,1,1000,234,1011,244
1124,1,1000,235,1011,245
1125,1,1000,235,1011,245
1126,1,1000,234,1011,244
1127,1,999,233,1010,243
1128,1,997,231,1008,241
1129,1,995,230,1006,240
1130,1,992,228,1003,238
1131,1,990,225,1001,235
1132,1,987,223,998,233
1133,1,984,222,996,232
1134,1,983,221,995,231
1135,1,984,219,996,229
1136,1,984,219,996,229
1137,1,984,219,996,229
1138,1,983,219,995,229
1139,1,983,219,995,229
1140,1,982,220,994,230
1141,1,980,221,992,231
1142,1,978,222,990,232
1143,1,976,223,988,233
1144,1,974,224,986,234
1145,1,971,225,983,235
1146,1,969,227,981,237
1147,1,966,229,978,239
1148,1,964,230,976,240
1149,1,961,232,973,242
1150,1,958,233,970,243
1151,1,956,234,968,244
1152,1,955,234,967,244
1153,1,953,235,965,245
1154,1,951,235,963,245
1155,1,950,236,962,246
1156,1,949,236,961,246
1157,1,948,236,960,246
1158,1,947,237,959,247
1159,1,947,238,959,248
1160,1,948,238,960,248
1161,1,948,239,960,249
1162,1,949,239,961,249
1163,1,950,239,963,249
1164,1,951,240,963,250
1165,1,952,240,964,250
1166,1,953,241,965,251
1167,1,955,242,967,252
1168,1,957,242,969,252
1169,1,960,242,972,252
1170,1,962,242,974,252
1171,1,963,241,975,251
1172,1,961,239,976,249
1173,1,961,237,973,247
1174,1,962,235,972,245
1175,1,960,232,971,242
1176,1,958,231,969,241
1177,1,957,231,968,241
1178,1,956,232,967,242
1179,1,956,234,967,244
1180,1,956,236,967,246
1181,1,956,238,967,248
1182,1,955,239,966,249
1183,1,954,240,965,250
1184,1,953,240,964,250
1185,1,951,241,962,251
1186,1,951,241,962,251
1187,1,950,242,961,252
1188,1,950,243,961,253
1189,1,950,243,961,253
1190,1,950,244,961,254
1191,1,950,244,961,254
1192,1,952,244,963,254
1193,1,955,244,966,254
1194,1,958,243,969,253
1195,1,961,241,972,251
1196,1,966,239,977,249
1197,1,971,238,981,248
1198,1,974,236,984,246
1199,1,978,234,988,244
1243,1,1064,193,1078,203
1244,1,1064,191,1078,201
1245,1,1064,189,1077,200
1246,1,1065,188,1078,199
1247,1,1065,188,1078,199
1248,1,1066,186,1079,197
1249,1,1067,184,1080,195
1250,1,1068,182,1082,193
1251,1,1070,180,1083,191
1252,1,1071,178,1084,189
1253,1,1076,179,1087,189
1254,1,1078,178,1090,188
1255,1,1079,177,1092,188
1256,1,1082,176,1094,186
1257,1,1083,175,1096,185
1258,1,1083,174,1096,185
1259,1,1083,172,1096,183
1260,1,1083,171,1096,181
1261,1,1085,169,1096,179
1262,1,1084,167,1095,177
1263,1,1084,166,1095,176
1264,1,1083,165,1094,175
1265,1,1082,163,1094,173
1266,1,1081,161,1092,171
1267,1,1079,159,1091,170
1268,1,1078,158,1090,169
1269,1,1077,158,1089,169
1270,1,1076,157,1088,168
1271,1,1075,157,1087,168
1272,1,1074,156,1086,167
1273,1,1073,154,1084,164
1274,1,1071,153,1082,163
1275,1,1069,151,1080,161
1276,1,1066,149,1077,159
1277,1,1062,147,1073,157
1278,1,1058,146,1069,156
1279,1,1056,144,1068,155
1280,1,1055,143,1067,154
1281,1,1057,144,1069,155
1282,1,1061,144,1073,155
1283,1,1066,143,1078,154
1284,1,1071,143,1083,154
1285,1,1077,143,1089,154
1286,1,1082,143,1094,154
1287,1,1086,142,1098,153
1288,1,1088,140,1100,151
1289,1,1089,138,1102,149
1290,1,1090,136,1103,147
1291,1,1089,134,1102,145
1292,1,1088,133,1101,145
1293,1,1086,133,1098,144
1294,1,1083,130,1096,140
1295,1,1080,130,1093,140
1296,1,1080,129,1090,139
1297,1,1079,129,1089,139
1298,1,1080,128,1090,138
1299,1,1082,124,1092,134
1300,1,1083,120,1094,131
1301,1,1085,116,1095,126
1302,1,1086,113,1096,123
1303,1,1084,109,1096,121
1304,1,1082,109,1095,119
1305,1,1081,107,1094,117
1306,1,1080,106,1093,116
1307,1,1079,106,1092,116
1308,1,1077,107,1090,117
1309,1,1075,108,1088,118
1310,1,1072,108,1086,118
1311,1,1072,108,1084,118
1312,1,1071,109,1083,119
1313,1,1072,109,1082,119
1314,1,1071,109,1081,119
1315,1,1069,109,1079,119
1316,1,1068,110,1078,120
1317,1,1066,111,1076,121
1318,1,1065,111,1075,121
1319,1,1065,112,1075,122
1320,1,1063,112,1073,122
1321,1,1061,112,1071,122
1322,1,1058,112,1068,122
1323,1,1056,113,1066,123
1324,1,1056,112,1066,122
1325,1,1057,111,1067,121
1326,1,1060,111,1070,121
1327,1,1062,111,1073,122
1328,1,1066,112,1076,122
1329,1,1070,114,1083,124
1330,1,1073,115,1086,125
1331,1,1075,116,1088,126
1332,1,1077,115,1090,125
1333,1,1079,114,1092,124
1334,1,1083,114,1094,124
1335,1,1084,111,1095,121
1336,1,1086,109,1098,119
1337,1,1088,107,1100,117
1338,1,1091,105,1103,115
1339,1,1091,103,1104,114
1340,1,1096,101,1108,111
1341,1,1098,100,1111,110
1342,1,1100,99,1113,109
1343,1,1104,97,1117,107
1344,1,1106,96,1119,106
1345,1,1110,93,1122,104
1346,1,1109,92,1122,103
1347,1,1110,88,1122,99
1348,1,1109,86,1121,97
1349,1,1109,83,1121,94
1350,1,1109,82,1121,93
1351,1,1107,82,1120,94
1352,1,1106,84,1119,96
1353,1,1104,83,1117,95
1354,1,1102,82,1115,93
1355,1,1101,80,1114,92
1356,1,1103,77,1114,87
1357,1,1103,76,1114,86
1358,1,1104,76,1115,86
1359,1,1104,76,1116,87
1360,1,1103,76,1115,87
1361,1,1101,76,1113,87
1362,1,1099,76,1111,87
1363,1,1094,76,1106,87
1364,1,1089,76,1101,87
1365,1,1083,76,1095,87
1366,1,1077,77,1089,88
1367,1,1073,79,1086,89
1368,1,1073,82,1083,92
1369,1,1066,84,1080,94
1370,1,1062,88,1075,98
1371,1,1059,91,1072,101
1372,1,1057,91,1072,101
1373,1,1057,92,1071,102
1374,1,1061,90,1072,100
1375,1,1061,87,1075,97
1376,1,1062,83,1079,93
1377,1,1069,83,1080,93
1378,1,1065,85,1076,95
1432,1,1154,32,1167,42
1433,1,1155,31,1166,41
1434,1,1155,30,1167,41
1435,1,1155,29,1167,40
1436,1,1154,28,1166,39
1437,1,1152,29,1163,39
1438,1,1147,29,1158,39
1439,1,1145,29,1156,39
1440,1,1142,30,1153,40
1441,1,1138,31,1149,41
1442,1,1132,33,1143,43
1443,1,1129,34,1139,44
1444,1,1118,35,1132,45
1445,1,1117,35,1127,45
1446,1,1112,36,1122,46
1447,1,1106,36,1116,46
1448,1,1103,35,1113,45
1449,1,1100,35,1110,45
1450,1,1098,35,1108,45
1451,1,1096,36,1106,46
1452,1,1094,36,1104,46
1453,1,1092,39,1102,49
1454,1,1091,44,1102,54
1455,1,1090,49,1101,59
1456,1,1090,53,1100,63
1457,1,1089,56,1099,66
1458,1,1087,61,1097,71
1459,1,1087,63,1097,73
1460,1,1086,65,1096,75
1461,1,1086,66,1097,77
1462,1,1086,66,1097,77
1463,1,1086,64,1097,75
1464,1,1088,64,1099,75
1465,1,1088,63,1099,74
1466,1,1090,63,1101,74
1467,1,1090,63,1101,74
1468,1,1092,65,1103,75
1469,1,1095,66,1105,76
1470,1,1097,65,1107,75
1471,1,1099,65,1109,75
1472,1,1100,64,1110,74
1473,1,1102,62,1113,72
1474,1,1103,61,1113,71
1489,1,1139,35,1151,45
1490,1,1136,31,1149,42
1491,1,1132,31,1145,41
1492,1,1135,29,1147,39
1493,1,1136,29,1148,39
1494,1,1138,31,1149,41
1495,1,1138,33,1148,43
1496,1,1140,34,1150,44
1497,1,1138,34,1148,44
1498,1,1133,36,1143,46
1499,1,1128,37,1138,47
1500,1,1122,37,1132,47
1501,1,1117,37,1127,47
1502,1,1112,35,1122,45
1503,1,1107,32,1118,43
1504,1,1103,31,1114,42
1505,1,1101,32,1112,43
1506,1,1101,35,1112,46
1507,1,1102,38,1113,49
1508,1,1104,42,1115,53
1509,1,1108,46,1118,57
1510,1,1110,50,1122,60
1511,1,1114,52,1126,63
1512,1,1117,53,1129,64
1513,1,1115,52,1127,63
1514,1,1116,51,1127,61
1515,1,1119,48,1131,58
1516,1,1119,47,1131,57
1517,1,1119,47,1131,57
1518,1,1118,47,1131,57
1519,1,1117,48,1130,59
1520,1,1119,49,1129,59
1521,1,1118,50,1131,60
1522,1,1119,52,1132,62
1523,1,1121,54,1133,65
1524,1,1122,58,1134,68
1525,1,1124,63,1134,73
1526,1,1122,65,1134,75
1527,1,1119,67,1132,78
1528,1,1117,69,1130,79
1529,1,1115,70,1129,81
1530,1,1116,70,1128,81
1531,1,1114,70,1126,81
1532,1,1114,68,1126,79
1533,1,1113,66,1125,77
1534,1,1113,63,1125,74
1535,1,1113,62,1125,73
1536,1,1114,60,1126,71
1537,1,1113,60,1125,71
1538,1,1115,61,1127,72
1539,1,1116,62,1127,72
1540,1,1115,63,1126,73
1541,1,1114,64,1125,74
1542,1,1112,65,1123,75
1543,1,1111,66,1121,76
1544,1,1110,66,1121,76
1545,1,1109,67,1120,77
1546,1,1108,68,1119,78
1547,1,1107,69,1118,79
1548,1,1107,70,1118,80
1549,1,1106,70,1117,80
1550,1,1105,70,1116,80
1551,1,1104,71,1115,81
1552,1,1101,71,1112,81
1553,1,1099,71,1110,81
1554,1,1098,73,1109,83
1555,1,1096,74,1108,85
1556,1,1094,77,1106,88
1557,1,1093,79,1105,90
1558,1,1091,82,1103,93
1559,1,1089,85,1100,95
1560,1,1088,87,1099,97
1561,1,1085,89,1097,99
1562,1,1083,91,1095,102
1563,1,1082,94,1093,104
1564,1,1081,97,1092,107
1565,1,1080,100,1091,110
1566,1,1079,102,1090,112
1567,1,1079,104,1090,114
1568,1,1078,106,1089,116
1569,1,1078,106,1089,116
1570,1,1078,107,1089,117
1571,1,1079,108,1090,118
1572,1,1080,110,1091,120
1573,1,1080,111,1091,121
1574,1,1080,112,1091,122
1575,1,1081,114,1092,124
1576,1,1082,117,1093,127
1577,1,1082,120,1094,131
1578,1,1083,122,1094,132
1579,1,1083,125,1095,136
1580,1,1083,127,1095,138
1581,1,1084,130,1095,140
1582,1,1085,132,1096,142
1583,1,1088,134,1100,145
1584,1,1089,136,1101,147
1585,1,1090,136,1102,147
1586,1,1089,136,1101,146
1587,1,1087,135,1099,145
1588,1,1085,133,1097,143
1589,1,1083,132,1093,142
1590,1,1081,131,1091,141
1591,1,1079,131,1089,141
1592,1,1078,132,1088,142
1593,1,1076,133,1086,143
1594,1,1074,134,1084,144
1595,1,1072,135,1082,145
1596,1,1070,136,1080,146
1597,1,1069,136,1079,146
1598,1,1069,137,1079,147
1599,1,1068,139,1078,149
1600,1,1068,141,1078,151
1601,1,1069,142,1079,152
1602,1,1069,143,1079,153
1603,1,1069,143,1079,153
1604,1,1069,144,1079,154
1605,1,1069,144,1079,154
1606,1,1069,145,1079,155
1607,1,1068,146,1078,156
1608,1,1066,147,1076,157
1609,1,1063,149,1073,159
1610,1,1060,151,1071,161
1611,1,1057,153,1068,163
1612,1,1055,156,1066,166
1613,1,1054,159,1065,169
1614,1,1053,162,1064,172
1615,1,1051,166,1062,176
1616,1,1049,169,1060,179
1617,1,1047,172,1058,182
1618,1,1045,174,1056,184
1619,1,1042,176,1053,186
1620,1,1040,178,1051,188
1621,1,1036,181,1047,191
1622,1,1032,183,1044,193
1623,1,1028,185,1039,195
1624,1,1025,186,1037,197
1625,1,1022,186,1033,196
1626,1,1018,186,1029,196
1627,1,1015,186,1026,196
1628,1,1013,187,1024,197
1629,1,1009,188,1020,198
1630,1,1006,188,1017,198
1631,1,1003,189,1014,199
1632,1,1000,189,1011,199
1633,1,998,189,1009,199
1634,1,996,191,1007,201
1635,1,994,193,1005,203
1636,1,992,195,1003,205
1637,1,990,197,1001,207
1638,1,989,199,1000,209
1639,1,987,202,998,212
1640,1,985,204,998,214
1641,1,984,206,997,216
1642,1,986,206,996,217
1643,1,985,208,995,219
1644,1,985,208,995,219
1645,1,984,209,994,220
1646,1,983,209,993,220
1647,1,981,208,992,218
1648,1,979,208,990,218
1649,1,976,208,987,218
1650,1,974,210,985,220
1651,1,971,212,982,222
1652,1,970,213,981,223
1653,1,968,215,979,225
1654,1,967,216,978,226
1655,1,966,219,977,229
1656,1,965,222,976,232
1657,1,966,222,977,232
1658,1,965,222,976,232
1659,1,963,221,974,231
1660,1,961,219,972,229
1661,1,959,218,970,228
1662,1,958,218,969,228
1663,1,957,218,968,228
1664,1,956,218,967,228
1665,1,954,218,965,228
1666,1,954,220,965,230
1667,1,953,222,964,232
1668,1,954,223,965,233
1669,1,954,224,965,234
1670,1,954,225,965,235
1671,1,955,224,967,235
1672,1,955,225,966,235
1673,1,954,226,965,236
1674,1,951,227,962,237
1675,1,949,228,960,238
1676,1,946,229,957,239
1677,1,942,230,953,240
1678,1,939,230,951,241
1679,1,934,230,946,241
1680,1,930,230,941,240
1681,1,924,231,935,241
1682,1,920,232,932,242
1683,1,916,234,928,244
1684,1,912,236,923,246
1685,1,907,237,918,247
1686,1,903,238,914,248
1687,1,899,240,910,250
1688,1,895,241,906,251
1689,1,890,244,902,255
1690,1,887,248,899,259
1691,1,883,251,896,261
1692,1,880,253,893,263
1693,1,880,254,891,264
1694,1,878,255,889,265
1695,1,876,255,887,265
1696,1,874,254,886,265
1697,1,873,254,885,265
1698,1,873,254,885,265
1699,1,872,255,884,266
1700,1,872,256,884,267
1701,1,873,257,885,268
1702,1,873,258,885,269
1703,1,873,258,885,269
1704,1,873,257,885,268
1705,1,873,257,885,268
1706,1,873,256,885,267
1707,1,874,256,886,267
1708,1,875,256,887,267
1709,1,875,255,887,266
1710,1,875,254,887,265
1711,1,875,252,887,263
1712,1,875,251,888,261
1713,1,875,250,888,260
1714,1,876,249,889,259
1715,1,878,248,891,258
1716,1,879,248,892,258
1717,1,880,249,893,259
1718,1,880,252,893,262
1719,1,879,254,892,264
1720,1,877,255,891,266
1721,1,876,254,890,265
1722,1,876,252,890,263
1723,1,876,250,890,261
1724,1,876,249,890,259
1725,1,877,247,891,258
1726,1,878,246,889,257
1727,1,879,246,890,257
1728,1,882,245,893,256
1729,1,885,245,896,256
1730,1,888,246,899,257
1731,1,889,249,900,260
1732,1,891,251,902,262
1733,1,893,252,906,262
1734,1,895,253,905,263
1735,1,895,253,905,263
1736,1,895,253,905,263
1737,1,895,252,905,262
1738,1,895,251,905,261
1739,1,894,251,904,261
1740,1,892,250,902,260
1741,1,891,249,901,259
1742,1,890,249,900,259
1743,1,889,249,899,259
1744,1,888,249,898,259
1745,1,887,249,897,259
1746,1,886,250,896,260
1747,1,883,251,893,261
1748,1,881,252,891,262
1749,1,879,251,889,261
1750,1,877,251,887,261
1751,1,876,250,886,260
1752,1,874,248,884,258
1753,1,873,246,883,256
1754,1,873,244,883,254
1755,1,869,243,879,253
1756,1,867,241,877,251
1757,1,861,239,876,249
1758,1,858,237,872,247
1759,1,854,236,868,246
1760,1,851,236,865,246
1761,1,849,236,863,246
1762,1,849,235,863,245
1763,1,850,236,864,246
1764,1,851,238,865,248
1765,1,854,241,866,251
1766,1,856,243,868,253
1767,1,859,246,871,256
1768,1,860,248,872,258
1769,1,861,251,873,261
1770,1,863,253,875,263
1771,1,865,254,877,264
1772,1,867,254,879,264
1773,1,869,252,881,262
1774,1,871,250,883,260
1775,1,873,248,885,258
1776,1,875,245,887,255
1777,1,877,243,889,253
1778,1,878,241,890,251
1779,1,878,238,888,248
1780,1,878,237,888,247
1781,1,878,236,888,246
1782,1,879,234,889,244
1783,1,879,234,889,244
1784,1,880,234,890,244
1785,1,880,234,890,244
1786,1,880,234,890,244
1787,1,879,233,889,243
1788,1,879,233,889,243
1789,1,878,234,888,244
1790,1,878,234,888,244
1791,1,878,235,888,245
