0,1,1171,186,1186,196
1,1,1171,188,1186,198
2,1,1170,191,1185,201
3,1,1170,193,1185,203
4,1,1169,196,1184,206
5,1,1170,198,1186,208
6,1,1169,199,1185,210
7,1,1167,199,1183,210
8,1,1166,198,1182,209
9,1,1165,195,1180,205
10,1,1163,194,1178,204
11,1,1160,193,1175,203
12,1,1158,193,1173,203
13,1,1158,194,1173,204
14,1,1158,195,1173,205
15,1,1159,197,1174,207
16,1,1160,200,1175,210
17,1,1162,202,1177,212
20,1,1177,209,1190,219
21,1,1178,210,1191,220
22,1,1179,206,1193,218
23,1,1179,204,1192,215
24,1,1177,202,1191,214
25,1,1174,200,1188,212
26,1,1169,198,1183,210
27,1,1162,197,1176,209
28,1,1162,198,1176,208
29,1,1154,199,1168,209
45,1,1147,198,1163,208
46,1,1145,199,1163,210
47,1,1148,201,1164,211
48,1,1148,202,1164,212
49,1,1150,202,1166,212
50,1,1156,201,1167,212
51,1,1155,200,1166,211
52,1,1154,200,1165,211
53,1,1153,199,1164,210
54,1,1150,197,1161,208
55,1,1148,196,1159,207
56,1,1145,194,1155,204
57,1,1141,193,1151,203
58,1,1134,193,1148,203
59,1,1130,195,1144,205
60,1,1129,198,1143,208
61,1,1129,201,1143,211
62,1,1129,204,1143,214
63,1,1128,207,1142,217
64,1,1128,208,1143,218
65,1,1126,208,1142,219
66,1,1125,208,1141,219
67,1,1124,207,1139,218
68,1,1123,206,1137,216
69,1,1121,205,1135,215
70,1,1119,204,1133,214
71,1,1118,202,1132,212
72,1,1116,202,1130,212
73,1,1113,202,1128,212
74,1,1111,204,1126,215
75,1,1111,205,1126,215
76,1,1111,207,1126,218
77,1,1114,209,1129,220
78,1,1114,212,1129,223
79,1,1118,215,1135,226
80,1,1119,217,1136,228
81,1,1118,218,1135,229
82,1,1116,217,1133,228
83,1,1116,215,1130,226
84,1,1113,213,1126,223
85,1,1109,210,1124,221
86,1,1107,209,1121,220
87,1,1107,209,1120,219
88,1,1106,210,1119,220
89,1,1104,212,1117,222
90,1,1104,214,1117,224
91,1,1103,217,1116,227
92,1,1103,220,1116,230
93,1,1102,223,1115,233
94,1,1103,226,1116,236
95,1,1102,228,1115,238
96,1,1102,228,1116,238
97,1,1100,227,1114,237
98,1,1101,225,1112,235
99,1,1100,222,1111,232
100,1,1098,220,1109,230
101,1,1101,216,1111,226
102,1,1099,216,1109,226
103,1,1097,217,1107,227
104,1,1096,219,1106,229
105,1,1095,222,1105,232
106,1,1095,225,1105,235
107,1,1092,227,1102,237
108,1,1091,229,1101,239
109,1,1090,231,1100,241
110,1,1087,232,1097,242
111,1,1087,233,1097,243
112,1,1084,232,1098,243
113,1,1081,232,1094,242
114,1,1078,231,1093,243
115,1,1080,229,1092,242
116,1,1076,228,1089,242
117,1,1074,228,1087,243
118,1,1072,228,1085,242
119,1,1073,228,1087,243
120,1,1072,230,1085,244
121,1,1071,231,1084,245
122,1,1073,232,1086,246
123,1,1072,234,1085,248
124,1,1075,235,1088,248
125,1,1075,236,1088,249
126,1,1077,237,1090,250
127,1,1078,238,1090,250
128,1,1079,239,1091,251
129,1,1075,240,1087,252
130,1,1074,240,1086,252
131,1,1072,240,1084,252
132,1,1069,239,1082,252
133,1,1069,241,1081,253
134,1,1068,242,1081,255
135,1,1064,243,1078,257
136,1,1065,244,1081,256
137,1,1064,245,1080,257
138,1,1065,245,1081,257
139,1,1068,247,1080,257
140,1,1068,247,1081,258
141,1,1067,247,1079,257
142,1,1066,246,1078,256
143,1,1063,244,1075,254
144,1,1065,241,1077,251
145,1,1060,240,1073,251
146,1,1057,240,1070,251
147,1,1055,242,1068,253
148,1,1053,246,1065,256
149,1,1053,248,1065,258
150,1,1054,249,1066,259
151,1,1054,250,1066,260
152,1,1054,250,1066,260
153,1,1055,247,1068,258
154,1,1055,245,1068,256
155,1,1055,243,1068,254
156,1,1056,242,1068,252
157,1,1055,241,1067,251
158,1,1053,241,1065,251
159,1,1051,242,1063,252
160,1,1051,242,1063,252
161,1,1049,242,1062,252
162,1,1049,242,1063,252
163,1,1047,242,1061,252
164,1,1046,241,1061,252
165,1,1042,243,1057,254
166,1,1039,246,1055,257
167,1,1038,249,1054,260
168,1,1043,251,1053,261
169,1,1043,253,1053,263
170,1,1043,255,1053,265
171,1,1043,254,1053,264
172,1,1041,253,1052,264
173,1,1039,250,1050,261
174,1,1037,249,1048,260
175,1,1036,248,1047,259
176,1,1035,248,1046,259
177,1,1033,248,1045,260
178,1,1034,249,1045,260
179,1,1035,250,1045,260
180,1,1035,250,1046,261
181,1,1036,250,1047,261
182,1,1037,250,1047,260
183,1,1037,250,1047,260
184,1,1038,251,1048,261
185,1,1039,251,1049,261
186,1,1038,250,1052,260
187,1,1037,249,1051,259
188,1,1034,249,1050,260
189,1,1028,250,1043,261
190,1,1031,249,1045,261
191,1,1027,250,1042,261
192,1,1024,251,1039,262
193,1,1018,253,1033,264
194,1,1016,252,1032,264
195,1,1013,252,1029,264
196,1,1017,253,1028,264
197,1,1016,253,1027,264
198,1,1015,253,1026,264
199,1,1015,253,1026,264
200,1,1015,253,1026,264
201,1,1014,253,1025,264
202,1,1012,252,1023,263
203,1,1010,252,1021,263
204,1,1009,251,1020,262
205,1,1008,251,1022,261
206,1,1007,251,1021,261
207,1,1003,252,1018,262
208,1,1003,252,1017,262
209,1,1001,253,1015,263
210,1,1001,254,1015,264
211,1,998,255,1012,265
212,1,997,256,1011,266
213,1,1001,258,1011,268
214,1,1001,259,1011,269
215,1,1001,260,1011,270
216,1,1001,260,1012,271
217,1,1001,260,1012,271
218,1,1001,260,1011,270
219,1,999,260,1009,270
220,1,996,260,1006,270
221,1,997,257,1010,269
222,1,996,256,1009,268
223,1,995,256,1008,268
224,1,992,258,1005,270
225,1,990,259,1003,271
226,1,987,260,1001,273
227,1,984,262,999,276
228,1,982,264,997,278
229,1,982,266,995,278
230,1,981,267,993,277
231,1,978,267,991,277
232,1,976,266,988,276
233,1,972,265,984,275
234,1,969,264,981,274
235,1,966,263,978,273
236,1,963,263,975,273
237,1,958,265,970,275
238,1,955,267,967,277
239,1,953,269,968,279
240,1,951,271,968,282
241,1,951,272,968,283
242,1,955,272,969,284
243,1,956,272,970,284
244,1,959,273,973,285
245,1,962,273,977,286
246,1,964,273,978,285
247,1,963,274,979,287
248,1,963,273,979,287
249,1,962,272,978,286
250,1,960,271,977,285
251,1,958,270,975,284
252,1,955,270,972,284
253,1,953,270,970,285
254,1,951,268,969,283
255,1,949,268,967,283
256,1,954,269,965,280
257,1,952,270,963,281
258,1,952,271,962,281
259,1,952,270,963,281
260,1,952,270,963,281
261,1,952,270,963,281
262,1,952,270,963,281
263,1,951,269,963,281
264,1,951,267,963,279
265,1,950,265,962,277
266,1,950,264,962,276
267,1,950,264,962,276
268,1,951,267,963,277
269,1,951,269,964,279
270,1,953,270,965,280
271,1,955,272,967,282
272,1,958,273,970,283
273,1,959,273,972,284
274,1,961,273,974,284
275,1,961,273,974,284
276,1,961,270,975,281
277,1,960,268,974,279
278,1,958,268,971,279
279,1,957,269,971,281
280,1,958,268,972,280
281,1,959,266,972,277
282,1,960,265,973,276
283,1,960,265,973,276
284,1,963,266,976,277
285,1,963,267,976,277
286,1,961,269,974,280
287,1,960,270,973,281
288,1,960,271,972,281
289,1,959,272,971,282
290,1,957,272,974,283
291,1,956,273,972,283
292,1,953,274,970,285
293,1,952,274,967,284
294,1,947,275,962,285
295,1,944,275,959,285
296,1,943,276,956,286
297,1,940,278,953,288
298,1,937,279,950,289
299,1,934,281,947,291
300,1,932,282,946,293
301,1,929,284,943,295
302,1,927,285,941,296
303,1,924,288,937,298
304,1,925,289,939,299
305,1,921,291,936,301
306,1,918,294,932,304
307,1,914,296,928,306
308,1,913,297,927,307
309,1,908,299,923,309
310,1,906,302,920,312
311,1,904,303,918,313
312,1,901,304,915,314
313,1,900,304,914,314
314,1,899,304,913,314
315,1,898,304,912,314
316,1,898,303,912,313
317,1,899,303,914,313
318,1,901,303,915,313
319,1,903,304,917,314
320,1,903,303,917,313
321,1,905,303,919,313
322,1,907,303,921,313
323,1,909,303,923,313
324,1,915,301,929,312
325,1,917,301,931,312
326,1,919,300,933,311
327,1,921,300,935,311
328,1,921,298,936,310
329,1,922,297,938,309
330,1,923,296,939,309
331,1,924,294,940,306
332,1,923,293,939,306
333,1,927,293,943,303
334,1,927,292,943,302
335,1,928,292,944,302
336,1,926,289,943,300
337,1,925,286,943,297
338,1,923,284,942,296
339,1,933,281,945,291
340,1,932,279,944,289
341,1,931,278,943,288
342,1,931,276,943,286
343,1,932,275,944,285
344,1,930,275,943,285
345,1,931,274,944,285
346,1,931,273,944,284
347,1,931,273,943,283
348,1,931,273,943,283
349,1,928,273,940,283
350,1,928,273,940,283
351,1,929,274,942,284
352,1,926,276,939,286
353,1,925,276,939,287
354,1,924,277,937,287
355,1,922,277,935,287
356,1,921,276,934,286
357,1,920,275,933,285
358,1,918,274,931,284
359,1,916,274,930,284
360,1,915,274,929,285
361,1,914,274,929,285
362,1,915,275,929,286
363,1,914,275,929,286
364,1,913,274,927,285
365,1,913,274,927,284
366,1,912,273,926,283
367,1,911,273,925,283
368,1,910,273,924,283
369,1,909,274,923,284
370,1,908,276,922,286
371,1,906,277,920,287
372,1,903,279,918,290
373,1,902,280,917,291
374,1,900,281,915,292
375,1,900,282,914,292
376,1,898,283,912,293
377,1,898,283,912,293
378,1,896,283,911,293
379,1,895,282,910,293
380,1,894,282,908,292
381,1,893,281,907,291
382,1,890,280,905,291
383,1,889,278,905,289
384,1,888,277,903,288
385,1,890,276,902,286
386,1,889,275,901,285
387,1,889,275,901,285
388,1,890,276,902,286
389,1,890,277,902,287
390,1,891,279,903,289
391,1,892,280,904,290
392,1,894,281,906,291
393,1,896,281,908,291
394,1,898,281,910,291
395,1,900,281,912,291
396,1,903,280,916,290
397,1,904,279,917,289
398,1,905,277,919,288
399,1,907,277,921,287
400,1,908,276,922,286
401,1,909,275,922,285
402,1,910,274,923,284
403,1,911,273,924,283
404,1,912,273,925,283
405,1,912,272,925,282
406,1,912,271,925,281
407,1,913,270,926,280
408,1,913,270,926,280
409,1,913,270,926,280
410,1,913,270,926,280
411,1,912,270,926,280
412,1,910,270,923,280
413,1,910,270,921,280
414,1,908,269,919,279
415,1,905,268,916,278
416,1,903,267,914,277
417,1,902,267,913,277
418,1,900,265,912,276
419,1,900,265,912,276
420,1,899,264,912,275
421,1,900,266,913,276
422,1,899,268,912,278
423,1,898,270,912,281
424,1,897,271,911,282
425,1,897,271,911,282
426,1,896,271,910,282
427,1,896,270,910,281
428,1,895,269,909,280
429,1,893,267,907,278
430,1,893,266,907,277
431,1,893,265,907,276
432,1,893,265,907,276
433,1,894,266,908,277
434,1,894,267,908,278
435,1,898,269,909,279
436,1,898,271,909,281
437,1,898,273,910,284
438,1,899,274,911,285
439,1,900,274,914,284
440,1,900,274,914,284
441,1,900,272,914,282
442,1,901,270,915,280
443,1,900,269,914,279
444,1,900,267,914,277
445,1,900,265,914,275
446,1,901,263,915,273
447,1,901,262,915,272
448,1,902,261,916,271
449,1,902,260,916,270
450,1,901,259,915,269
451,1,901,260,915,270
452,1,901,260,915,270
453,1,901,261,915,271
454,1,901,262,915,272
455,1,901,263,916,273
456,1,901,264,916,275
457,1,903,266,915,276
458,1,903,268,915,278
459,1,903,269,916,279
460,1,904,269,917,279
461,1,904,269,917,279
462,1,904,269,916,279
463,1,905,270,918,281
464,1,906,270,919,280
465,1,907,271,919,281
466,1,908,271,920,281
467,1,909,271,922,281
468,1,911,270,924,281
469,1,914,271,927,281
470,1,915,270,928,280
471,1,917,269,930,279
472,1,919,266,932,276
473,1,920,264,933,274
474,1,920,262,934,272
475,1,919,259,933,269
476,1,920,256,935,266
477,1,919,253,935,263
478,1,920,251,935,261
479,1,919,250,936,261
480,1,919,249,937,261
481,1,919,250,938,262
482,1,923,251,937,263
483,1,923,251,938,264
484,1,923,251,938,264
485,1,924,251,939,264
486,1,924,251,939,264
487,1,923,251,938,264
488,1,922,251,937,264
489,1,921,250,936,263
490,1,920,249,936,262
491,1,920,249,935,262
492,1,919,248,935,262
493,1,919,246,935,260
494,1,923,246,938,258
495,1,923,247,937,259
496,1,923,248,938,260
497,1,923,250,936,261
498,1,922,251,935,261
499,1,922,253,935,264
500,1,922,254,935,265
501,1,922,254,935,264
502,1,920,253,935,264
503,1,920,252,935,263
504,1,921,251,936,262
505,1,921,250,936,261
506,1,920,249,936,261
507,1,919,249,935,261
508,1,919,249,935,261
509,1,917,249,934,261
510,1,920,249,933,261
511,1,920,249,932,260
512,1,919,248,931,259
513,1,919,248,932,260
514,1,919,249,932,261
515,1,920,250,933,262
516,1,920,250,933,262
517,1,920,250,933,262
518,1,920,250,933,262
519,1,919,249,932,261
520,1,918,249,931,261
521,1,918,246,932,259
522,1,919,244,933,256
523,1,919,244,933,256
524,1,919,244,933,256
525,1,919,244,933,256
526,1,918,245,932,257
527,1,918,247,931,258
528,1,918,248,931,259
529,1,918,249,931,260
530,1,917,250,930,261
531,1,917,250,930,261
532,1,916,250,929,261
533,1,915,249,928,260
534,1,915,248,928,259
535,1,913,248,926,259
536,1,912,247,925,258
537,1,911,246,924,257
538,1,910,244,923,255
539,1,910,243,923,254
540,1,910,243,923,254
541,1,910,243,923,254
542,1,910,245,923,256
543,1,912,247,925,258
544,1,913,249,926,260
545,1,915,251,928,263
546,1,916,253,929,264
547,1,918,255,934,265
548,1,920,255,936,265
549,1,922,256,938,266
550,1,924,257,940,267
551,1,926,257,942,267
552,1,928,256,944,266
553,1,929,254,946,264
554,1,932,254,948,264
555,1,933,253,950,264
556,1,934,251,951,262
557,1,936,251,952,261
558,1,938,250,954,260
559,1,940,249,956,259
560,1,940,248,957,259
561,1,945,246,957,256
562,1,945,244,957,254
563,1,946,242,958,252
564,1,946,240,958,250
565,1,947,238,959,248
566,1,947,236,959,246
567,1,947,235,959,245
568,1,946,234,958,244
569,1,946,233,958,243
570,1,945,232,957,242
571,1,944,231,957,241
572,1,944,230,957,240
573,1,944,229,956,239
574,1,943,229,956,240
575,1,944,229,957,240
576,1,944,229,962,239
577,1,944,230,962,240
578,1,944,231,962,241
579,1,944,231,962,241
580,1,945,231,963,241
581,1,945,231,963,241
582,1,945,231,963,241
583,1,945,231,963,241
584,1,944,231,962,241
585,1,945,230,963,240
586,1,945,229,963,239
587,1,946,228,965,238
588,1,946,228,966,239
589,1,947,228,966,239
590,1,948,229,966,239
591,1,949,229,967,239
592,1,948,229,966,239
593,1,948,229,966,239
594,1,947,228,965,238
595,1,946,228,964,238
596,1,945,228,963,238
597,1,944,227,963,237
598,1,943,226,961,236
599,1,943,225,961,235
600,1,942,225,960,235
601,1,941,225,960,236
602,1,942,225,962,236
603,1,942,225,962,236
604,1,943,226,963,237
605,1,943,227,962,238
606,1,944,227,963,238
607,1,944,227,963,238
608,1,948,227,963,237
609,1,948,227,963,237
610,1,948,226,963,236
611,1,949,225,964,235
612,1,949,225,964,235
613,1,949,224,964,234
614,1,949,223,964,233
615,1,949,222,964,232
616,1,948,222,963,232
617,1,948,222,964,233
618,1,948,222,963,232
619,1,948,222,964,233
620,1,947,222,963,233
621,1,947,222,964,233
622,1,946,221,963,232
623,1,946,221,963,232
624,1,946,221,963,232
625,1,945,221,962,232
626,1,945,220,962,231
627,1,944,218,961,229
628,1,943,217,960,229
629,1,942,216,959,228
630,1,948,215,959,227
631,1,948,215,959,227
632,1,948,215,959,227
633,1,948,216,959,228
634,1,949,217,960,229
635,1,949,218,960,230
636,1,950,219,961,231
637,1,950,220,961,232
638,1,950,220,961,232
639,1,950,220,961,232
640,1,950,220,961,232
641,1,951,218,966,232
642,1,951,218,966,232
643,1,951,218,966,232
644,1,950,218,965,232
645,1,950,218,964,232
646,1,950,218,964,231
647,1,950,218,964,231
648,1,950,217,964,230
649,1,950,217,964,230
650,1,950,217,964,230
651,1,950,217,964,230
652,1,950,217,964,230
653,1,950,217,965,231
654,1,949,217,964,231
655,1,948,217,963,231
656,1,950,217,964,230
657,1,949,217,963,230
658,1,949,216,963,229
659,1,949,216,963,229
660,1,948,215,962,228
661,1,948,215,962,228
662,1,948,217,961,230
663,1,948,218,961,230
664,1,948,220,961,232
665,1,948,220,961,232
666,1,949,220,963,233
667,1,951,220,965,233
668,1,951,221,965,234
669,1,952,221,966,234
670,1,953,223,967,236
671,1,954,223,969,237
672,1,955,225,969,239
673,1,956,226,971,240
674,1,957,228,971,241
675,1,959,229,973,242
676,1,960,228,975,242
677,1,961,229,976,243
678,1,961,228,977,243
679,1,965,230,981,243
680,1,965,230,982,244
681,1,966,228,983,242
682,1,968,226,985,240
683,1,968,225,985,239
684,1,969,223,986,237
685,1,970,222,987,236
686,1,971,221,988,235
687,1,972,221,988,234
688,1,973,220,989,233
689,1,974,219,990,232
690,1,975,218,991,231
691,1,975,216,992,230
692,1,981,215,997,229
693,1,981,214,997,228
694,1,983,214,998,228
695,1,984,213,1000,227
696,1,985,214,1000,227
697,1,986,215,1002,229
698,1,986,216,1002,230
699,1,987,217,1003,231
700,1,988,217,1004,231
701,1,989,216,1005,230
702,1,989,215,1005,229
703,1,990,213,1006,227
704,1,990,210,1006,224
705,1,995,208,1009,222
706,1,996,206,1010,220
707,1,996,206,1011,218
708,1,996,205,1011,217
709,1,997,204,1012,216
710,1,996,204,1011,216
711,1,996,204,1011,216
712,1,994,205,1009,217
713,1,994,205,1009,217
714,1,993,206,1008,218
715,1,995,205,1010,217
716,1,994,205,1009,217
717,1,993,204,1009,216
718,1,993,204,1008,216
719,1,993,204,1008,216
720,1,993,203,1008,215
721,1,995,203,1011,215
722,1,996,203,1011,215
723,1,997,204,1012,216
724,1,998,204,1013,216
725,1,999,205,1015,218
726,1,1001,205,1016,217
727,1,1001,205,1016,217
728,1,1001,205,1016,217
729,1,1001,204,1015,216
730,1,1001,202,1017,214
731,1,1001,200,1016,212
732,1,1001,199,1016,211
733,1,1001,198,1016,210
734,1,1001,198,1016,210
735,1,1001,198,1016,210
736,1,1002,198,1017,210
737,1,1003,198,1018,210
738,1,1006,199,1021,211
739,1,1007,200,1021,211
740,1,1007,201,1021,212
741,1,1007,202,1022,214
742,1,1005,202,1020,214
743,1,1003,202,1019,215
744,1,1002,202,1018,215
745,1,1001,201,1017,214
746,1,1004,200,1021,211
747,1,1003,199,1021,211
748,1,1003,198,1020,209
749,1,1003,197,1020,208
750,1,1003,196,1020,207
751,1,1003,196,1021,207
752,1,1003,197,1021,208
753,1,1004,198,1022,209
754,1,1006,200,1023,211
755,1,1007,201,1024,212
756,1,1010,203,1027,214
757,1,1012,204,1028,215
758,1,1012,205,1028,215
759,1,1014,205,1030,216
760,1,1016,205,1032,215
761,1,1017,205,1032,215
762,1,1019,205,1034,215
763,1,1019,204,1035,214
764,1,1019,204,1036,215
765,1,1019,203,1036,214
766,1,1020,203,1037,214
767,1,1020,204,1037,215
768,1,1025,205,1042,215
769,1,1025,206,1042,216
770,1,1026,207,1043,217
771,1,1026,208,1043,218
772,1,1026,208,1044,218
773,1,1028,207,1045,217
774,1,1029,206,1047,216
775,1,1030,205,1047,215
776,1,1031,205,1048,215
777,1,1032,204,1049,214
778,1,1032,204,1050,214
779,1,1033,204,1050,214
780,1,1033,204,1051,214
781,1,1033,203,1051,213
782,1,1033,203,1051,213
783,1,1033,202,1051,212
784,1,1034,201,1051,211
785,1,1036,199,1051,210
786,1,1036,197,1050,207
787,1,1036,194,1050,205
788,1,1035,192,1049,202
789,1,1034,190,1048,200
790,1,1033,188,1047,198
791,1,1033,187,1047,197
792,1,1032,187,1046,197
793,1,1032,187,1046,197
794,1,1032,188,1046,198
795,1,1032,190,1046,200
796,1,1031,192,1045,202
797,1,1031,194,1045,204
798,1,1030,195,1044,205
799,1,1032,195,1046,205
800,1,1033,195,1047,205
801,1,1036,195,1050,205
802,1,1038,195,1052,205
803,1,1039,195,1053,205
804,1,1040,195,1055,205
805,1,1041,194,1056,205
806,1,1042,194,1057,205
807,1,1043,195,1057,205
808,1,1044,196,1058,206
809,1,1043,196,1057,206
810,1,1045,197,1059,207
811,1,1046,197,1060,207
812,1,1047,196,1064,206
813,1,1047,196,1064,206
814,1,1048,196,1065,206
815,1,1048,195,1065,205
816,1,1048,194,1065,204
817,1,1047,193,1064,203
818,1,1047,191,1065,202
819,1,1048,191,1065,201
820,1,1048,191,1065,201
821,1,1048,191,1065,201
822,1,1047,191,1064,201
823,1,1048,191,1065,201
824,1,1047,190,1064,200
825,1,1046,188,1065,199
826,1,1055,186,1071,196
827,1,1057,186,1073,196
828,1,1061,186,1077,196
829,1,1064,187,1080,197
830,1,1068,188,1084,198
831,1,1071,189,1087,199
832,1,1073,189,1090,199
833,1,1074,189,1090,199
834,1,1075,188,1092,199
835,1,1076,187,1094,198
836,1,1079,187,1095,197
837,1,1079,186,1095,196
838,1,1080,186,1096,196
839,1,1080,186,1096,196
840,1,1080,185,1096,195
841,1,1080,185,1096,195
842,1,1080,184,1097,194
843,1,1080,186,1096,196
844,1,1079,188,1096,199
845,1,1078,189,1095,199
846,1,1076,190,1092,200
847,1,1074,191,1090,201
848,1,1071,191,1087,201
849,1,1069,189,1086,199
850,1,1067,189,1083,199
851,1,1065,189,1082,200
852,1,1064,190,1081,201
853,1,1063,191,1080,202
854,1,1062,192,1079,202
855,1,1062,192,1079,203
856,1,1065,191,1081,201
857,1,1067,191,1083,201
858,1,1072,191,1088,201
859,1,1074,192,1090,202
860,1,1078,192,1094,202
861,1,1080,192,1096,202
862,1,1081,192,1097,202
863,1,1082,193,1098,203
864,1,1083,193,1099,203
865,1,1083,193,1099,203
866,1,1083,193,1099,203
867,1,1083,191,1099,201
868,1,1080,189,1097,199
869,1,1077,188,1093,198
870,1,1076,186,1092,196
871,1,1076,185,1092,195
872,1,1077,186,1094,196
873,1,1079,187,1095,197
874,1,1079,187,1096,198
875,1,1079,187,1095,197
876,1,1078,185,1095,195
877,1,1077,183,1094,193
878,1,1076,182,1093,192
879,1,1076,181,1093,191
880,1,1074,181,1090,191
881,1,1072,183,1088,193
882,1,1068,189,1084,199
883,1,1065,196,1081,206
884,1,1062,203,1078,213
885,1,1059,209,1075,219
886,1,1055,214,1071,224
887,1,1051,216,1068,227
888,1,1048,216,1065,227
889,1,1047,215,1063,225
890,1,1045,212,1061,222
891,1,1043,210,1059,220
892,1,1039,206,1055,216
893,1,1038,204,1054,214
894,1,1036,203,1052,213
895,1,1034,203,1050,213
896,1,1034,205,1051,215
897,1,1035,209,1051,219
898,1,1039,213,1055,223
899,1,1043,216,1059,226
900,1,1050,220,1066,230
901,1,1058,222,1074,232
902,1,1065,224,1081,234
903,1,1073,225,1089,235
904,1,1082,225,1098,235
905,1,1090,226,1107,236
906,1,1098,226,1115,237
907,1,1105,225,1121,235
908,1,1110,223,1126,233
909,1,1115,220,1131,230
910,1,1119,218,1135,228
911,1,1123,216,1139,226
912,1,1127,214,1144,224
913,1,1130,211,1147,221
914,1,1131,206,1147,217
915,1,1132,204,1148,216
916,1,1133,203,1149,214
917,1,1133,201,1149,212
918,1,1132,201,1148,212
919,1,1131,203,1146,213
920,1,1129,204,1144,215
921,1,1125,205,1140,216
922,1,1120,205,1135,216
923,1,1115,204,1130,215
924,1,1110,200,1125,211
925,1,1104,196,1119,207
926,1,1099,192,1113,202
927,1,1096,189,1111,199
928,1,1093,187,1107,197
929,1,1093,185,1107,195
930,1,1091,185,1109,195
931,1,1091,185,1109,195
932,1,1092,185,1110,195
933,1,1093,187,1111,197
934,1,1094,189,1112,199
935,1,1096,190,1114,200
936,1,1097,189,1115,199
937,1,1098,188,1116,198
938,1,1100,185,1114,195
939,1,1099,183,1114,193
940,1,1099,181,1114,191
941,1,1098,180,1113,190
942,1,1097,180,1112,190
943,1,1097,179,1111,189
944,1,1096,179,1112,190
945,1,1095,181,1110,192
946,1,1094,183,1109,194
947,1,1094,184,1110,195
948,1,1095,185,1111,196
949,1,1096,186,1112,198
950,1,1097,186,1113,197
951,1,1098,185,1114,196
952,1,1097,184,1113,195
953,1,1097,182,1113,193
954,1,1096,180,1110,190
955,1,1094,177,1109,188
956,1,1092,174,1107,184
957,1,1089,172,1104,182
958,1,1086,171,1101,181
959,1,1084,171,1098,181
960,1,1081,172,1095,182
961,1,1079,172,1100,187
962,1,1078,175,1099,190
963,1,1076,179,1096,193
964,1,1075,184,1094,198
965,1,1073,187,1092,201
966,1,1068,189,1088,203
967,1,1064,189,1081,202
968,1,1060,188,1077,201
969,1,1055,187,1072,200
970,1,1051,186,1067,199
971,1,1047,186,1063,198
972,1,1042,186,1059,199
973,1,1039,188,1056,201
974,1,1037,192,1054,205
975,1,1037,196,1053,208
976,1,1037,200,1053,212
977,1,1038,203,1053,214
978,1,1038,205,1054,217
979,1,1039,205,1055,217
980,1,1039,205,1055,217
981,1,1040,205,1055,217
982,1,1039,205,1054,216
983,1,1036,205,1050,216
984,1,1034,206,1049,217
985,1,1034,208,1048,219
986,1,1032,211,1046,222
987,1,1032,213,1046,224
988,1,1030,215,1044,226
989,1,1030,217,1043,227
990,1,1028,217,1045,229
991,1,1027,217,1044,227
992,1,1027,217,1044,227
993,1,1027,217,1044,227
994,1,1027,218,1044,228
995,1,1028,219,1045,229
996,1,1030,219,1047,229
997,1,1030,221,1048,231
998,1,1033,222,1050,232
999,1,1034,224,1052,234
1000,1,1037,225,1054,235
1001,1,1040,227,1057,237
1002,1,1043,228,1060,238
1003,1,1048,229,1065,239
1004,1,1050,230,1067,240
1005,1,1052,230,1069,240
1006,1,1055,228,1073,238
1007,1,1057,227,1075,238
1008,1,1063,226,1078,236
1009,1,1064,225,1079,235
1010,1,1065,223,1080,233
1011,1,1062,221,1078,231
1012,1,1068,219,1081,229
1013,1,1067,217,1081,227
1014,1,1065,215,1079,226
1015,1,1064,212,1079,224
1016,1,1062,210,1078,222
1017,1,1067,207,1079,219
1018,1,1067,205,1079,217
1019,1,1069,203,1081,215
1020,1,1071,202,1083,214
1021,1,1074,201,1086,213
1022,1,1076,200,1087,211
1023,1,1078,199,1090,211
1024,1,1079,198,1096,209
1025,1,1079,197,1096,208
1026,1,1080,196,1096,206
1027,1,1079,195,1095,206
1028,1,1078,195,1094,206
1029,1,1077,195,1093,205
1030,1,1076,195,1092,205
1031,1,1074,196,1091,207
1032,1,1072,197,1089,208
1033,1,1072,198,1088,208
1034,1,1069,198,1085,208
1035,1,1067,197,1083,207
1036,1,1063,196,1080,206
1037,1,1060,195,1076,205
1038,1,1057,194,1073,204
1039,1,1054,194,1070,204
1040,1,1051,194,1067,204
1041,1,1046,193,1063,204
1042,1,1044,193,1060,203
1043,1,1041,193,1057,203
1044,1,1038,194,1054,204
1045,1,1038,196,1050,206
1046,1,1037,198,1049,208
1047,1,1036,201,1048,211
1048,1,1035,204,1047,214
1049,1,1035,205,1047,215
1050,1,1036,207,1048,217
1051,1,1038,208,1050,218
1052,1,1039,209,1052,219
1053,1,1041,210,1054,220
1054,1,1042,211,1055,221
1055,1,1044,212,1057,222
1056,1,1046,213,1059,223
1057,1,1047,213,1061,224
1058,1,1048,214,1062,225
1059,1,1050,214,1064,225
1060,1,1049,215,1062,225
1061,1,1049,215,1063,226
1062,1,1049,215,1064,226
1063,1,1048,215,1063,227
1064,1,1047,216,1062,228
1065,1,1047,217,1062,229
1066,1,1046,218,1061,230
1067,1,1046,219,1061,231
1068,1,1046,219,1062,231
1069,1,1047,219,1061,229
1070,1,1047,218,1061,228
1071,1,1044,217,1058,227
1072,1,1042,216,1056,226
1073,1,1041,216,1055,226
1074,1,1039,217,1053,227
1075,1,1036,218,1050,228
1076,1,1035,218,1049,228
1077,1,1031,220,1045,230
1078,1,1027,220,1041,230
1079,1,1028,221,1042,231
1080,1,1028,221,1042,231
1081,1,1027,221,1041,231
1082,1,1025,222,1039,232
1083,1,1025,222,1039,232
1084,1,1024,222,1038,232
1085,1,1025,222,1039,232
1086,1,1025,222,1039,232
1087,1,1024,222,1038,232
1088,1,1025,222,1039,232
1089,1,1024,223,1038,233
1119,1,1002,222,1017,232
1120,1,1001,222,1016,232
1121,1,1000,222,1015,232
1122,1,999,222,1014,232
1123,1,999,222,1014,232
1124,1,999,222,1015,232
1125,1,1000,221,1016,232
1126,1,1002,222,1017,232
1127,1,1003,222,1018,232
1128,1,1004,222,1019,232
1129,1,1005,223,1020,233
1130,1,1006,223,1022,233
1131,1,1006,223,1022,234
1132,1,1005,223,1021,234
1133,1,1004,223,1019,233
1134,1,1009,222,1019,232
1135,1,1008,221,1018,231
1136,1,1006,221,1016,231
1137,1,1006,221,1016,231
1138,1,1004,221,1017,231
1139,1,1004,221,1017,231
1140,1,1004,221,1017,231
1141,1,1003,221,1016,231
1142,1,1002,222,1015,232
1143,1,1000,223,1013,233
1144,1,1000,224,1013,234
1145,1,999,225,1012,235
1146,1,999,225,1012,235
1147,1,996,225,1009,235
1148,1,993,225,1006,235
1149,1,990,225,1004,235
1150,1,987,225,1001,235
1151,1,983,225,996,235
1152,1,981,225,994,235
1153,1,977,226,991,237
1154,1,974,227,988,237
1155,1,972,229,986,240
1156,1,969,231,983,242
1157,1,969,232,983,243
1158,1,969,234,983,245
1159,1,968,235,982,246
1160,1,969,236,983,247
1161,1,969,237,983,248
1162,1,969,238,983,249
1163,1,969,239,983,250
1164,1,969,240,983,251
1165,1,969,241,982,251
1166,1,969,241,983,251
1167,1,970,242,983,252
1168,1,972,243,987,253
1169,1,972,244,987,254
1170,1,971,244,987,254
1171,1,970,245,986,255
1172,1,970,245,986,255
1173,1,970,245,986,256
1174,1,968,244,984,255
1175,1,966,244,982,255
1176,1,966,242,981,252
1177,1,971,239,984,249
1178,1,970,237,983,247
1179,1,968,237,981,247
1180,1,967,236,981,246
1181,1,965,235,978,245
1182,1,966,235,979,245
1183,1,965,236,979,246
1184,1,965,237,978,247
1185,1,965,239,978,249
1186,1,966,240,979,250
1187,1,965,241,979,251
1188,1,967,241,980,251
1189,1,972,241,985,251
1190,1,972,241,985,251
1191,1,972,240,985,250
1192,1,970,239,984,250
1193,1,969,237,983,248
1194,1,968,236,982,247
1195,1,968,236,981,246
1196,1,966,235,979,245
1197,1,965,235,979,245
1198,1,965,235,978,245
1199,1,963,236,977,247
1200,1,962,237,976,248
1201,1,963,237,977,248
1202,1,962,237,976,248
1203,1,962,237,976,248
1204,1,961,237,976,248
1205,1,959,237,974,248
1206,1,957,236,973,248
1207,1,954,236,970,248
1208,1,952,236,968,248
1209,1,950,235,965,247
1210,1,948,235,963,247
1211,1,946,235,961,247
1212,1,945,236,960,247
1213,1,944,238,958,249
1214,1,943,240,957,251
1215,1,942,242,956,253
1216,1,941,242,956,253
1217,1,941,242,956,254
1218,1,940,242,955,254
1219,1,941,242,955,253
1220,1,944,240,955,250
1221,1,944,239,955,249
1222,1,943,239,954,249
1223,1,942,239,953,249
1224,1,942,238,953,248
1225,1,941,238,952,248
1226,1,940,238,952,248
1227,1,939,237,950,247
1228,1,937,237,948,247
1229,1,936,237,947,247
1230,1,935,237,947,248
1231,1,933,237,945,248
1232,1,933,237,949,247
1233,1,933,237,949,247
1234,1,933,238,949,248
1235,1,932,238,948,248
1236,1,931,238,947,248
1237,1,935,237,947,247
1238,1,934,237,946,247
1239,1,933,237,945,247
1240,1,931,236,943,246
1241,1,931,235,944,245
1242,1,930,235,943,245
1243,1,929,234,943,244
1244,1,928,234,942,245
1245,1,927,234,941,245
1246,1,926,234,940,245
1247,1,928,233,941,243
1248,1,927,233,940,243
1249,1,926,232,940,243
1250,1,923,233,938,244
1251,1,926,232,939,242
1252,1,924,232,938,243
1253,1,923,231,937,242
1254,1,922,231,936,242
1255,1,921,231,936,242
1256,1,919,231,934,242
1257,1,919,231,934,243
1258,1,918,231,933,243
1259,1,917,231,932,242
1260,1,917,231,932,242
1261,1,917,232,932,243
1262,1,920,233,933,243
1263,1,921,233,934,243
1264,1,922,233,935,243
1265,1,921,232,934,242
1266,1,921,231,934,241
1267,1,918,230,933,241
1268,1,916,228,931,240
1269,1,914,227,928,238
1270,1,912,226,928,238
1271,1,910,225,926,237
1272,1,909,226,925,238
1273,1,911,226,923,236
1274,1,910,227,922,237
1275,1,910,228,922,238
1276,1,909,228,921,238
1277,1,910,229,922,239
1278,1,910,230,922,240
1279,1,911,230,923,240
1280,1,910,230,922,240
1281,1,910,230,922,240
1282,1,908,230,920,240
1283,1,906,230,918,240
1284,1,905,229,917,239
1285,1,904,229,916,239
1286,1,902,229,914,239
1287,1,900,228,913,239
1288,1,898,227,911,238
1289,1,898,227,911,238
1290,1,896,228,909,239
1291,1,895,229,908,240
1292,1,895,229,908,240
1293,1,895,230,908,241
1294,1,895,230,908,241
1295,1,894,231,907,242
1296,1,893,233,906,244
1297,1,897,235,909,245
1298,1,895,237,907,247
1299,1,895,238,907,248
1300,1,894,239,906,249
1301,1,892,239,905,250
1302,1,892,239,906,250
1303,1,891,238,905,250
1304,1,893,238,906,249
1305,1,894,237,908,249
1306,1,893,236,909,249
1307,1,894,235,909,248
1308,1,895,235,910,248
1309,1,895,236,910,248
1310,1,898,235,911,245
1311,1,899,234,912,244
1312,1,899,233,912,243
1313,1,900,232,913,242
1314,1,900,230,913,240
1315,1,900,228,913,238
1316,1,900,227,913,237
1317,1,901,226,915,237
1318,1,901,226,914,236
1319,1,901,226,914,236
1320,1,901,226,915,237
1321,1,902,226,916,237
1322,1,902,226,916,237
1323,1,907,226,917,236
1324,1,907,226,917,236
1325,1,907,225,917,235
1326,1,907,225,917,235
1327,1,905,224,915,234
1328,1,904,224,914,234
1329,1,903,224,913,234
1330,1,902,223,912,233
1331,1,902,223,914,234
1332,1,901,223,913,234
1333,1,901,223,913,234
1334,1,903,222,913,232
1335,1,903,221,913,231
1336,1,904,220,914,230
1337,1,905,219,915,229
1338,1,905,219,915,229
1339,1,902,218,916,228
1340,1,903,217,917,227
1341,1,903,216,917,226
1342,1,902,215,916,225
1343,1,901,214,915,224
1344,1,899,213,913,223
1345,1,897,212,911,222
1346,1,895,212,909,222
1347,1,893,212,907,222
1348,1,890,211,904,221
1349,1,888,210,902,220
1350,1,886,210,900,220
1351,1,884,210,898,220
1352,1,883,210,897,220
1353,1,881,211,895,221
1354,1,880,212,894,222
1355,1,879,213,893,223
1356,1,877,214,891,224
1357,1,875,215,889,225
1358,1,874,216,888,226
1359,1,873,217,887,227
1360,1,872,218,886,228
1361,1,870,219,885,229
1362,1,870,219,884,229
1363,1,870,219,884,229
1364,1,870,218,884,228
1365,1,871,217,885,227
1366,1,872,216,886,226
1367,1,872,214,887,224
1368,1,874,214,888,224
1369,1,875,214,890,224
1370,1,875,214,890,225
1371,1,874,214,889,225
1372,1,873,214,888,224
1373,1,872,213,887,223
1374,1,871,212,885,222
1375,1,869,212,884,223
1376,1,868,212,883,223
1377,1,867,212,882,223
1378,1,866,212,881,223
1379,1,866,212,880,222
1380,1,865,213,879,223
1381,1,865,214,879,224
1382,1,865,213,879,223
1383,1,866,213,880,223
1384,1,866,213,880,223
1385,1,867,213,881,223
1386,1,867,214,881,224
1387,1,868,216,882,226
1388,1,868,217,882,227
1389,1,869,218,883,228
1390,1,869,219,883,229
1391,1,869,219,883,229
1392,1,869,219,884,230
1393,1,871,219,885,229
1394,1,872,217,886,227
1395,1,872,216,886,226
1396,1,874,214,888,224
1397,1,874,213,888,223
1398,1,875,212,889,222
1399,1,876,211,890,221
1400,1,876,210,891,221
1401,1,877,209,891,219
1402,1,877,208,892,218
1403,1,877,207,892,218
1404,1,880,206,897,216
1405,1,881,206,898,216
1406,1,882,206,899,216
1407,1,883,205,900,215
1408,1,884,204,901,214
1409,1,884,204,901,214
1410,1,885,205,902,215
1411,1,886,204,904,214
1412,1,887,203,904,213
1413,1,888,203,905,213
1414,1,888,201,905,211
1415,1,888,199,905,209
1416,1,888,198,905,208
1417,1,888,196,906,206
1418,1,889,195,906,205
1419,1,889,193,906,203
1420,1,890,192,907,202
1421,1,891,192,908,202
1422,1,891,194,908,204
1423,1,895,195,909,206
1424,1,894,197,909,209
1425,1,893,198,910,211
1426,1,893,198,912,213
1427,1,897,198,912,209
1428,1,898,197,913,208
1429,1,903,198,916,208
1430,1,906,197,919,207
1431,1,908,194,921,204
1432,1,911,191,924,201
1433,1,912,190,925,200
1434,1,912,189,925,199
1435,1,909,189,923,200
1436,1,907,189,921,199
1437,1,906,188,919,198
1438,1,904,187,917,197
1439,1,902,185,915,195
1440,1,901,184,914,194
1441,1,899,183,916,194
1442,1,897,183,914,194
1443,1,897,184,914,195
1444,1,896,186,912,196
1445,1,895,187,911,197
1446,1,893,188,910,199
1447,1,893,190,911,202
1448,1,893,192,912,204
1449,1,894,194,913,206
1450,1,895,195,915,208
1451,1,903,198,920,208
1452,1,906,199,923,209
1453,1,908,201,925,211
1454,1,909,203,926,213
1455,1,909,204,926,214
1456,1,908,204,925,214
1457,1,906,203,924,213
1458,1,906,201,924,211
1459,1,905,199,923,210
1460,1,903,197,921,208
1461,1,904,194,922,205
1462,1,904,191,923,202
1463,1,906,189,925,200
1464,1,907,187,926,198
1465,1,907,187,926,198
1466,1,908,188,927,199
1467,1,908,188,928,200
1468,1,908,188,927,199
1469,1,907,186,927,198
1470,1,907,185,926,196
1471,1,906,184,926,196
1472,1,905,183,926,195
1473,1,905,181,926,194
1474,1,909,178,926,188
1475,1,909,175,926,185
1476,1,908,173,925,183
1477,1,907,170,924,180
1478,1,906,168,923,178
1479,1,905,166,922,176
1480,1,903,164,920,174
1481,1,903,162,920,172
1482,1,904,162,922,173
1483,1,906,164,924,174
1484,1,907,166,925,177
1485,1,907,168,925,178
1486,1,907,170,925,181
1487,1,908,171,926,182
1488,1,908,171,926,181
1489,1,908,171,925,181
1490,1,905,170,922,180
1491,1,901,168,918,178
1492,1,897,165,914,175
1493,1,893,162,911,172
1494,1,891,160,909,170
1495,1,890,160,908,170
1496,1,889,162,906,172
1497,1,888,164,906,174
1498,1,886,168,904,179
1499,1,884,172,902,183
1500,1,882,175,900,186
1501,1,880,177,899,188
1502,1,883,179,899,191
1503,1,883,180,899,192
1504,1,883,180,899,192
1505,1,883,178,899,190
1506,1,882,175,898,187
1507,1,881,172,897,184
1508,1,880,170,896,182
1509,1,879,168,895,180
1510,1,877,168,893,180
1511,1,877,170,893,182
1512,1,876,173,892,185
1513,1,877,177,893,189
1514,1,877,181,894,194
1515,1,878,182,895,195
1516,1,878,182,896,195
1517,1,881,181,898,194
1518,1,882,179,899,192
1519,1,885,178,902,191
1520,1,887,178,904,190
1521,1,891,177,906,187
1522,1,894,175,909,185
1523,1,896,173,911,183
1524,1,899,171,914,181
1525,1,900,169,915,179
1526,1,901,169,916,179
1527,1,900,169,915,179
1528,1,902,170,917,180
1529,1,901,171,916,181
1530,1,901,172,916,182
1531,1,900,172,919,182
1532,1,898,172,917,182
1533,1,897,173,916,183
1534,1,895,173,915,184
1535,1,892,173,911,183
1536,1,889,172,909,183
1537,1,887,171,907,181
1538,1,884,170,904,181
1539,1,882,169,901,179
1540,1,881,169,901,179
1541,1,880,170,900,180
1542,1,881,172,900,182
1543,1,881,174,900,184
1544,1,882,176,901,186
1545,1,882,177,901,187
1546,1,883,177,902,187
1547,1,883,176,902,186
1548,1,885,174,904,184
1549,1,888,171,907,181
1550,1,891,168,910,178
1551,1,894,166,913,176
1552,1,897,165,916,175
1553,1,898,165,917,175
1554,1,899,165,919,175
1555,1,900,164,920,174
1556,1,900,164,919,174
1557,1,900,164,919,174
1558,1,900,165,919,175
1559,1,899,166,919,176
1560,1,897,166,917,177
1561,1,896,167,916,178
1562,1,897,168,917,178
1563,1,897,169,917,179
1564,1,895,169,916,180
1565,1,893,169,913,180
1566,1,890,168,909,179
1567,1,888,166,907,177
1568,1,885,165,904,176
1569,1,883,165,902,176
1570,1,881,166,900,177
1571,1,881,168,900,179
1572,1,880,169,898,180
1573,1,881,171,899,181
1574,1,882,172,900,182
1575,1,883,171,902,182
1576,1,887,171,905,182
1577,1,891,170,909,181
1578,1,895,169,913,179
1579,1,900,168,916,178
1580,1,903,167,919,177
1581,1,906,166,922,176
1582,1,908,165,924,175
1583,1,910,164,926,174
1584,1,911,162,927,172
1585,1,913,161,929,171
1586,1,914,160,930,170
1587,1,915,158,931,168
1588,1,916,157,932,167
1589,1,917,156,933,166
1590,1,917,156,933,166
1591,1,918,155,934,165
1592,1,918,155,934,165
1593,1,918,155,934,165
1594,1,917,155,933,165
1595,1,917,156,933,166
1596,1,917,157,933,167
1597,1,917,159,933,169
1598,1,916,160,932,170
1599,1,915,161,931,171
1600,1,914,162,931,172
1601,1,913,163,930,173
1602,1,912,164,929,174
1603,1,911,164,927,174
1604,1,910,163,926,173
1605,1,909,163,925,173
1606,1,908,163,924,173
1607,1,907,164,923,174
1608,1,907,166,923,176
1609,1,907,168,925,178
1610,1,906,170,925,180
1611,1,906,172,924,182
1612,1,906,174,924,184
1613,1,907,176,925,186
1614,1,907,177,925,187
1615,1,907,178,925,188
1616,1,907,179,925,189
1617,1,908,179,926,189
1618,1,909,179,927,189
1619,1,910,179,929,189
1620,1,911,179,929,189
1621,1,912,179,930,189
1622,1,914,177,932,187
1623,1,915,176,933,186
1624,1,916,175,935,185
1625,1,917,173,936,184
1626,1,918,172,936,182
1627,1,918,170,937,181
1628,1,919,168,939,179
1629,1,919,166,939,177
1630,1,921,165,940,176
1631,1,922,163,941,174
1632,1,924,161,943,171
1633,1,929,160,945,170
1634,1,931,160,947,170
1635,1,933,159,949,169
1636,1,933,158,951,168
1637,1,934,157,952,167
1638,1,936,156,955,166
1639,1,937,155,955,165
1640,1,937,154,956,164
1641,1,938,153,957,163
1642,1,938,152,957,162
1643,1,938,151,957,161
1644,1,937,150,956,160
1645,1,937,149,956,160
1646,1,937,148,956,159
1647,1,937,147,956,158
1648,1,937,147,956,157
1649,1,936,147,955,157
1650,1,937,147,956,157
1651,1,937,147,955,157
1652,1,937,146,955,156
1653,1,938,146,957,156
1654,1,939,146,958,156
1655,1,939,147,957,157
1656,1,939,148,957,158
1657,1,939,148,957,158
1658,1,939,148,957,158
1659,1,939,149,957,159
1660,1,939,149,958,159
1661,1,939,149,957,159
1662,1,939,150,957,160
1663,1,938,150,957,160
1664,1,937,150,955,160
1665,1,936,150,954,160
1666,1,935,150,953,160
1667,1,935,150,953,160
1668,1,936,151,954,161
1669,1,936,152,954,162
1670,1,935,152,953,162
1671,1,934,152,952,162
1672,1,932,152,951,162
1673,1,931,152,949,162
1674,1,928,152,946,162
1675,1,926,152,944,162
1676,1,924,152,943,162
1677,1,922,152,941,162
1678,1,920,152,939,162
1679,1,918,153,936,163
1680,1,917,155,935,165
1681,1,916,156,934,166
1682,1,916,158,934,168
1683,1,917,158,935,168
1684,1,918,158,937,168
1685,1,918,158,937,168
1686,1,919,158,938,168
1687,1,919,159,938,169
1688,1,921,160,939,170
1689,1,922,160,941,170
1690,1,923,160,941,170
1691,1,925,159,943,169
1692,1,926,159,944,169
1693,1,926,158,944,168
1694,1,927,158,945,168
1695,1,929,158,947,168
1696,1,931,158,949,168
1697,1,932,159,950,169
1698,1,933,159,952,170
1699,1,933,158,952,169
1700,1,933,157,952,167
1701,1,931,155,950,165
1702,1,930,155,949,166
1703,1,930,155,948,165
1704,1,928,155,947,165
1705,1,927,155,945,165
1706,1,925,154,944,164
1707,1,924,154,943,164
1708,1,923,155,942,165
1709,1,923,156,941,166
1710,1,923,158,942,168
1711,1,924,159,943,170
1712,1,925,160,944,171
1713,1,927,160,946,170
1714,1,929,160,947,170
1715,1,930,160,948,170
1716,1,932,160,950,170
1717,1,933,161,951,171
1718,1,935,162,953,172
1719,1,937,163,955,173
1720,1,939,163,958,173
1721,1,941,163,959,173
1722,1,942,163,960,173
1723,1,944,163,962,173
1724,1,945,162,964,172
1725,1,946,162,964,172
1726,1,947,161,965,171
1727,1,949,161,967,171
1728,1,949,159,968,169
1729,1,950,157,968,167
1730,1,949,154,967,164
1731,1,948,152,966,162
1732,1,946,150,964,160
1733,1,944,149,962,159
1734,1,942,148,960,158
1735,1,940,148,959,158
1736,1,939,149,957,159
1737,1,938,150,956,160
1738,1,938,152,956,162
1739,1,939,155,957,165
1740,1,939,157,957,167
1741,1,940,159,958,169
1742,1,940,161,958,171
1743,1,940,161,959,171
1744,1,940,161,959,172
1745,1,940,161,959,172
1746,1,940,161,959,172
1747,1,940,161,959,171
1748,1,941,160,960,170
1749,1,942,160,960,170
1750,1,942,160,961,170
1751,1,943,161,962,172
1752,1,944,161,963,172
1753,1,945,162,964,173
1754,1,947,164,966,174
1755,1,947,165,966,176
1756,1,948,165,968,176
1757,1,949,165,968,176
1758,1,950,165,969,176
1759,1,951,164,970,174
1760,1,952,163,971,174
1761,1,953,162,972,172
1762,1,953,161,972,171
1763,1,955,160,973,170
1764,1,955,159,973,169
1765,1,955,157,974,168
1766,1,957,157,975,167
1767,1,958,156,976,166
1768,1,958,155,976,165
1769,1,959,155,977,165
1770,1,961,155,979,165
1771,1,962,155,980,165
1772,1,963,154,981,164
1773,1,964,154,982,164
1774,1,965,154,983,164
1775,1,965,153,983,163
1776,1,965,153,983,163
1777,1,965,152,983,162
1778,1,965,152,983,162
1779,1,964,151,982,161
1780,1,963,150,982,160
1781,1,962,149,980,159
1782,1,961,149,980,159
1783,1,961,149,980,159
1784,1,961,149,980,160
1785,1,961,149,980,159
1786,1,960,150,979,160
1787,1,960,150,979,160
1788,1,959,151,978,161
1789,1,959,152,977,162
1790,1,958,152,976,162
1791,1,956,152,975,162
1792,1,958,152,977,162
1793,1,956,152,975,162
1794,1,956,152,975,162
1795,1,955,152,974,162
1796,1,954,152,973,162
1797,1,954,152,973,162
1798,1,956,152,975,162
1799,1,958,152,977,162
