0,2,1887,557,1906,572,1151,123,1163,134
1,2,1885,557,1904,572,1148,125,1160,136
2,2,1882,558,1901,573,1147,126,1157,136
3,2,1880,558,1899,573,1144,128,1154,139
4,2,1878,558,1897,575,1141,130,1151,140
5,2,1875,560,1895,577,1138,132,1148,144
6,2,1872,562,1892,578,1137,133,1147,145
7,2,1870,565,1890,579,1133,137,1145,148
8,2,1867,567,1887,582,1133,138,1143,149
9,2,1864,571,1884,586,1133,141,1143,152
10,3,1861,573,1880,589,1901,300,1919,311,1131,143,1141,154
11,2,1858,575,1877,591,1895,301,1914,314
12,3,1853,576,1872,592,1891,303,1908,314,1124,147,1134,158
13,3,1849,577,1868,593,1884,305,1903,316,1120,150,1130,160
14,3,1844,580,1863,595,1879,307,1896,318,1116,154,1126,165
15,3,1840,582,1859,598,1871,310,1891,321,1115,153,1125,166
16,3,1835,585,1853,602,1866,313,1885,323,1111,159,1121,169
17,3,1830,590,1848,605,1860,318,1878,328,1109,162,1119,172
18,3,1825,594,1842,610,1854,321,1872,332,1104,168,1114,178
19,3,1818,598,1836,613,1848,325,1865,337,1103,167,1113,177
20,3,1813,604,1831,618,1841,330,1859,341,1099,174,1109,185
21,2,1807,607,1825,620,1835,333,1852,345
22,3,1801,608,1819,622,1827,336,1846,349,999,5,1009,17
23,4,1795,610,1813,624,1820,338,1839,351,1089,182,1099,192,996,9,1006,20
24,4,1788,612,1807,626,1813,341,1830,352,1085,184,1095,194,993,11,1003,21
25,4,1783,613,1802,628,1805,342,1823,354,989,14,999,25,1081,187,1091,198
26,5,1778,615,1794,629,1799,343,1815,355,985,16,995,27,1076,190,1086,202,1903,25,1917,37
27,5,1772,616,1789,631,1790,345,1810,358,981,17,991,29,1071,192,1081,203,1893,28,1910,38
28,5,1766,617,1784,632,1783,347,1801,359,976,22,986,32,1067,194,1077,205,1883,29,1902,40
29,5,1761,620,1779,632,1775,349,1794,361,973,24,983,37,1063,198,1073,208,1872,32,1892,43
30,5,1757,622,1773,634,1768,351,1787,363,969,27,979,38,1059,200,1069,211,1861,34,1881,44
31,5,1750,623,1769,636,1763,353,1780,365,965,31,975,41,1055,203,1065,214,1855,35,1873,46
32,5,1745,627,1764,640,1756,357,1774,369,962,35,972,45,1050,206,1060,216,1849,41,1863,52
33,5,1740,630,1759,645,1749,361,1769,372,959,38,969,49,1047,209,1057,222,1836,43,1859,53
34,5,1735,633,1754,648,1744,366,1763,376,956,42,966,53,1044,214,1054,225,1833,45,1851,57
35,5,1731,637,1750,652,1737,368,1757,380,954,46,964,56,1042,217,1052,229,1826,49,1845,62
36,5,1728,643,1746,657,1732,373,1752,384,952,49,963,61,1039,221,1050,233,1822,56,1839,66
37,5,1722,647,1741,661,1727,378,1747,389,950,53,960,65,1037,226,1047,236,1814,58,1834,69
38,5,1718,652,1737,666,1722,383,1741,394,949,56,959,66,1034,230,1044,240,1810,63,1830,74
39,5,1715,658,1733,669,1718,388,1738,399,947,61,957,71,1032,234,1042,244,1805,70,1825,80
40,5,1711,663,1729,674,1715,394,1734,404,946,65,956,75,1801,75,1821,85,1030,237,1040,247
41,5,1708,668,1726,679,1711,399,1729,409,945,68,955,78,1798,80,1818,90,1028,241,1038,251
42,5,1704,673,1722,684,1707,404,1726,415,944,71,954,81,1795,85,1815,95,1027,244,1037,254
43,5,1700,678,1718,689,1704,409,1723,419,944,74,954,84,1793,90,1813,100,1025,247,1035,257
44,5,1697,683,1715,694,1701,414,1720,425,944,76,954,86,1790,94,1810,104,1024,250,1034,260
45,5,1694,688,1711,699,1698,419,1717,429,944,78,954,88,1789,99,1809,109,1023,252,1033,262
46,5,1691,692,1709,703,1697,424,1716,435,944,81,954,91,1789,103,1809,113,1021,257,1031,267
47,5,1688,697,1706,708,1697,429,1714,440,945,82,955,92,1789,108,1809,118,1022,258,1032,268
48,5,1685,702,1703,713,1695,434,1712,445,946,84,956,94,1789,113,1809,123,1022,259,1032,270
49,5,1683,708,1701,719,1694,440,1711,451,947,87,957,97,1790,118,1810,128,1022,261,1032,272
50,5,1681,713,1700,724,1693,445,1710,456,948,88,958,98,1791,123,1811,133,1022,265,1032,276
51,5,1679,718,1698,729,1692,450,1709,460,949,90,959,100,1792,128,1812,138,1022,267,1032,279
52,5,1678,722,1697,733,1691,455,1708,466,950,92,960,102,1792,132,1812,142,1022,268,1032,279
53,5,1676,727,1695,738,1690,460,1707,470,951,94,961,104,1793,136,1813,146,1022,270,1033,282
54,5,1675,732,1694,743,1689,465,1706,475,952,96,962,106,1794,140,1814,150,1022,273,1033,285
55,5,1674,736,1693,747,1688,470,1705,480,952,98,963,109,1795,144,1815,154,1022,277,1032,287
56,5,1673,740,1692,751,1688,474,1704,484,953,100,964,111,1796,148,1816,158,1022,279,1032,289
57,5,1672,745,1691,756,1687,479,1704,490,954,102,965,113,1796,152,1816,162,1022,280,1032,293
58,4,1670,749,1689,760,1687,484,1703,495,955,104,966,115,1797,156,1817,166
59,4,1669,754,1688,765,1687,489,1702,499,956,106,967,117,1798,160,1818,170
60,4,1668,759,1687,770,1687,494,1702,504,957,107,968,118,1800,164,1820,174
61,4,1666,764,1685,775,1686,499,1701,509,959,109,970,120,1802,169,1822,179
62,4,1664,769,1683,780,1686,505,1701,515,961,111,972,122,1804,174,1824,184
63,4,1661,774,1680,785,1685,510,1701,520,963,112,974,123,1807,179,1827,189
64,4,1659,779,1678,790,1685,516,1701,526,964,113,975,124,1809,184,1829,194
65,4,1656,784,1675,795,1684,521,1699,531,967,113,977,123,1812,189,1832,199
66,4,1653,789,1672,800,1683,527,1699,537,969,114,980,125,1815,194,1835,204
67,4,1650,793,1669,804,1682,532,1697,542,971,114,981,124,1818,199,1838,209
68,4,1646,798,1665,809,1681,537,1697,547,973,114,983,124,1821,204,1841,214
69,4,1642,801,1661,812,1679,542,1695,552,975,114,985,124,1824,208,1844,218
70,4,1638,805,1657,816,1678,546,1693,556,977,113,987,123,1826,212,1846,222
71,4,1635,808,1654,819,1676,550,1692,560,978,113,989,124,1827,216,1847,226
72,4,1631,811,1650,822,1674,553,1690,564,979,112,989,122,1828,220,1848,230
73,4,1627,814,1646,825,1672,557,1688,568,980,112,991,123,1830,223,1850,233
74,4,1624,816,1643,827,1669,560,1685,571,982,111,992,121,1831,226,1851,236
75,4,1620,818,1639,829,1667,562,1683,572,983,110,993,120,1832,229,1852,239
76,4,1615,820,1634,831,1665,565,1681,576,984,108,994,118,1832,232,1853,242
77,4,1611,821,1630,832,1662,567,1678,578,984,107,994,117,1833,235,1853,245
78,4,1607,823,1626,834,1660,569,1676,579,984,105,994,115,1834,237,1854,247
79,4,1603,825,1622,836,1657,572,1673,583,985,104,995,114,1834,240,1854,250
80,4,1599,827,1618,838,1655,575,1670,585,986,103,996,113,1834,243,1854,253
81,4,1595,829,1613,840,1652,577,1667,587,986,102,996,112,1834,246,1854,256
82,4,1591,831,1609,841,1650,580,1666,590,986,102,996,112,1834,249,1854,259
83,4,1587,834,1605,844,1647,583,1662,593,987,101,997,111,1834,252,1855,262
84,4,1584,836,1601,846,1644,586,1659,596,987,100,997,110,1833,256,1854,266
85,4,1580,837,1598,847,1641,588,1656,598,987,100,997,110,1832,258,1853,268
86,4,1576,839,1594,849,1638,590,1653,600,987,100,997,110,1831,261,1852,271
87,4,1572,841,1590,851,1635,593,1650,603,987,99,997,109,1829,264,1850,275
88,4,1569,843,1586,854,1632,594,1649,605,987,99,997,109,1828,266,1849,277
89,4,1565,845,1582,856,1630,596,1647,607,986,99,996,109,1827,269,1848,280
90,4,1563,846,1580,857,1627,599,1643,610,986,99,996,109,1826,271,1847,281
91,4,1560,848,1577,859,1624,601,1641,612,985,99,995,109,1824,273,1844,283
92,4,1557,849,1574,860,1622,602,1639,613,985,99,995,109,1823,275,1844,286
93,4,1554,851,1571,862,1620,604,1636,615,985,98,995,108,1822,277,1844,288
94,4,1552,852,1569,863,1618,605,1635,616,984,98,994,108,1821,279,1841,289
95,4,1550,853,1567,864,1616,606,1632,617,983,98,993,108,1820,280,1841,291
96,4,1548,854,1565,865,1614,608,1630,619,983,98,993,108,1819,281,1841,292
97,4,1546,855,1563,866,1613,608,1630,619,982,98,992,108,1818,283,1839,294
98,4,1545,855,1562,866,1612,609,1628,620,981,98,991,108,1817,283,1839,294
99,4,1544,856,1561,867,1610,610,1626,621,980,97,990,107,1816,284,1838,295
100,4,1543,857,1560,868,1609,611,1626,622,980,98,990,108,1815,285,1837,296
101,4,1543,858,1560,869,1608,612,1625,623,980,98,990,108,1815,286,1837,297
102,4,1541,859,1558,870,1608,614,1624,625,979,98,989,108,1815,287,1837,298
103,4,1541,860,1558,871,1607,615,1624,626,979,98,989,108,1815,288,1837,299
104,4,1540,861,1557,872,1607,616,1624,627,979,97,989,107,1815,289,1837,300
105,4,1540,862,1557,873,1606,616,1623,627,979,97,989,107,1816,290,1838,301
106,4,1540,862,1557,873,1606,616,1623,627,979,97,989,107,1816,290,1838,301
107,4,1541,861,1558,872,1607,616,1624,627,978,96,988,106,1817,289,1839,300
108,4,1542,861,1559,872,1607,614,1624,625,977,95,987,105,1817,287,1839,298
109,4,1542,860,1559,871,1608,614,1625,625,977,94,987,104,1818,286,1840,297
110,4,1543,859,1560,870,1608,612,1626,623,976,93,986,103,1819,285,1841,296
111,4,1544,858,1561,869,1608,611,1625,622,976,91,986,101,1820,283,1842,294
112,4,1545,857,1563,868,1610,609,1627,620,975,89,985,99,1821,282,1843,293
113,4,1546,856,1563,867,1610,608,1627,619,975,88,985,98,1822,280,1844,291
114,4,1548,855,1565,866,1611,606,1628,617,974,87,984,97,1824,278,1846,289
115,4,1550,854,1567,865,1613,605,1630,616,973,86,983,96,1824,276,1847,287
116,4,1552,853,1570,864,1615,604,1632,615,972,85,982,95,1826,274,1848,285
117,4,1555,852,1572,863,1616,602,1633,613,971,85,981,95,1826,272,1848,283
118,4,1557,852,1575,863,1618,602,1635,613,970,85,980,95,1827,271,1849,282
119,4,1559,853,1577,865,1619,601,1636,612,969,85,979,95,1829,270,1851,281
120,4,1562,855,1580,867,1621,603,1638,614,969,86,979,96,1829,270,1851,281
121,4,1564,856,1582,867,1622,605,1639,616,969,88,980,99,1830,271,1852,282
122,4,1566,859,1584,871,1623,607,1640,618,969,90,980,101,1831,272,1854,283
123,4,1567,862,1585,873,1625,609,1642,620,969,92,980,103,1832,274,1854,285
124,4,1568,865,1586,877,1626,612,1643,623,970,94,981,105,1834,276,1856,287
125,4,1569,868,1587,880,1627,615,1644,626,971,96,982,107,1835,278,1857,289
126,4,1570,870,1588,882,1628,617,1646,628,971,98,982,109,1837,280,1859,291
127,4,1571,871,1589,883,1629,618,1646,629,971,99,982,110,1837,281,1859,292
128,4,1571,873,1589,885,1629,621,1646,632,971,100,982,111,1838,282,1861,293
129,4,1571,873,1589,885,1629,621,1646,632,972,100,982,110,1839,283,1861,294
130,4,1569,874,1587,886,1629,622,1646,633,973,99,983,109,1841,284,1864,295
131,4,1568,875,1586,887,1628,622,1646,633,974,97,984,107,1844,285,1867,296
132,4,1566,875,1584,887,1628,623,1646,635,975,95,985,105,1846,286,1869,297
133,4,1564,876,1583,888,1627,624,1645,636,976,93,986,103,1848,287,1871,298
134,4,1561,876,1580,888,1627,625,1645,637,977,92,987,102,1851,288,1872,299
135,4,1559,878,1578,890,1626,627,1644,639,978,90,988,100,1853,290,1874,301
136,4,1556,880,1574,892,1625,629,1642,641,980,89,990,99,1856,293,1877,304
137,4,1553,883,1571,895,1624,632,1642,644,982,88,992,98,1858,297,1879,308
138,4,1550,886,1568,898,1623,636,1641,648,984,88,994,98,1859,300,1881,311
139,4,1547,889,1566,901,1621,640,1639,652,986,88,996,98,1862,305,1883,316
140,4,1544,893,1563,905,1620,644,1638,656,988,89,998,99,1863,309,1884,320
141,4,1542,896,1561,908,1619,648,1637,660,990,90,1000,100,1864,313,1886,324
142,5,1540,899,1559,911,1617,651,1635,663,991,91,1001,101,1864,317,1885,328,1010,283,1024,295
143,5,1538,901,1557,913,1616,654,1634,666,991,92,1001,102,1866,320,1885,332,1011,285,1023,295
144,5,1536,903,1555,915,1615,656,1633,668,991,92,1001,102,1866,322,1885,334,1011,285,1023,295
145,5,1534,905,1553,917,1613,658,1631,670,991,93,1001,103,1866,325,1885,337,1010,286,1022,296
146,5,1533,907,1552,919,1612,660,1630,672,992,93,1002,105,1865,327,1883,339,1009,287,1021,297
147,5,1532,910,1551,922,1611,663,1629,675,992,94,1002,106,1863,329,1882,341,1009,288,1021,298
148,5,1530,911,1550,923,1609,664,1627,676,991,96,1001,108,1863,331,1882,343,1007,289,1019,299
149,5,1528,912,1547,924,1608,666,1626,678,991,96,1001,108,1861,333,1880,345,1007,289,1019,299
150,5,1526,914,1545,926,1606,668,1624,680,991,96,1001,108,1862,335,1881,347,1006,289,1018,299
151,5,1523,915,1542,927,1604,669,1622,681,992,95,1002,107,1862,337,1881,349,1006,288,1018,298
152,5,1520,916,1539,928,1602,671,1620,683,993,94,1003,106,1863,339,1882,351,1006,287,1018,297
153,5,1516,917,1535,929,1601,672,1619,684,994,92,1004,104,1865,342,1884,354,1007,285,1019,295
154,5,1513,919,1532,931,1598,674,1617,686,996,91,1006,103,1866,345,1885,357,1007,283,1019,293
155,5,1509,920,1528,932,1596,676,1615,688,998,90,1008,102,1869,347,1888,359,1008,282,1020,292
156,5,1506,922,1525,934,1595,678,1614,690,1000,88,1010,100,1871,350,1891,362,1009,280,1021,290
157,5,1503,925,1522,936,1593,680,1612,692,1002,86,1012,98,1873,353,1893,365,1009,278,1022,288
158,5,1501,926,1520,937,1592,681,1611,693,1004,84,1014,96,1875,356,1895,368,1010,276,1023,287
159,5,1499,927,1518,938,1591,683,1610,695,1005,83,1015,95,1877,358,1896,370,1011,275,1023,285
160,5,1499,928,1517,939,1591,684,1610,696,1006,83,1016,95,1878,359,1898,371,1011,274,1023,284
161,5,1498,929,1515,939,1591,684,1610,696,1006,82,1016,94,1879,359,1899,371,1011,273,1023,283
162,5,1498,929,1517,940,1591,685,1610,697,1006,82,1016,94,1880,360,1899,372,1011,273,1023,283
163,5,1500,929,1516,941,1591,685,1610,697,1006,82,1016,94,1880,360,1900,373,1011,273,1023,283
164,5,1500,929,1516,941,1592,685,1611,697,1006,82,1016,94,1882,359,1902,372,1010,273,1022,283
165,5,1502,930,1518,942,1592,685,1611,697,1005,82,1015,94,1883,359,1903,372,1010,273,1022,283
166,5,1503,930,1519,942,1593,685,1612,697,1005,82,1015,94,1883,359,1903,372,1010,273,1022,283
167,5,1504,930,1520,942,1594,685,1613,697,1004,82,1014,94,1884,358,1904,371,1009,273,1021,283
168,5,1506,931,1522,943,1595,685,1615,697,1003,83,1013,95,1885,357,1905,370,1009,273,1021,283
169,5,1507,931,1524,943,1596,685,1616,697,1002,83,1012,95,1885,356,1905,369,1009,273,1021,283
170,5,1510,932,1526,944,1597,685,1617,698,1001,84,1011,96,1886,355,1906,368,1008,273,1020,283
171,5,1513,932,1529,944,1598,685,1618,697,1000,85,1010,97,1887,354,1907,367,1007,274,1019,284
172,5,1515,932,1531,944,1600,684,1619,696,999,85,1009,97,1887,353,1907,366,1007,274,1019,284
173,5,1518,932,1534,944,1602,684,1621,696,997,86,1007,98,1888,351,1908,364,1006,275,1018,285
174,5,1520,932,1536,944,1603,683,1623,695,996,88,1006,98,1889,349,1910,362,1006,275,1018,285
175,5,1523,932,1539,944,1605,682,1625,695,995,88,1005,98,1890,348,1911,361,1005,276,1017,286
176,5,1525,932,1541,944,1607,682,1626,694,994,88,1004,98,1891,346,1912,359,1005,276,1017,286
177,5,1527,931,1544,944,1608,682,1628,695,994,88,1004,98,1893,345,1914,358,1005,275,1017,285
178,5,1528,931,1545,944,1609,681,1629,694,994,88,1004,98,1895,344,1915,357,1005,275,1017,285
179,5,1530,931,1547,943,1611,681,1630,693,994,87,1004,97,1897,343,1917,356,1005,274,1017,284
180,5,1532,931,1549,944,1613,680,1633,692,992,86,1005,98,1900,341,1921,354,1005,273,1017,283
181,5,1534,930,1551,943,1614,679,1634,691,992,86,1004,98,1901,339,1922,352,1005,273,1017,283
182,5,1537,929,1554,941,1616,678,1636,691,992,86,1002,98,1903,337,1924,350,1005,272,1017,282
183,5,1540,929,1557,942,1618,677,1638,690,991,86,1001,98,1905,335,1926,349,1004,272,1016,282
184,5,1543,928,1560,940,1620,676,1640,689,990,86,1000,98,1906,333,1926,346,1004,272,1016,282
185,5,1545,928,1562,941,1622,675,1642,688,989,85,999,97,1908,331,1928,344,1004,271,1016,281
186,5,1547,928,1564,941,1624,674,1644,686,989,85,999,97,1909,330,1929,342,1004,271,1017,281
187,5,1549,928,1566,941,1625,674,1645,686,988,85,998,97,1911,329,1931,341,1003,271,1016,282
188,4,1550,928,1567,940,1627,674,1647,687,988,85,998,97,1004,271,1016,281
189,4,1551,928,1568,941,1628,674,1648,686,988,85,998,97,1004,270,1016,280
190,4,1551,929,1568,942,1629,674,1649,687,989,84,999,97,1005,269,1017,279
191,4,1550,930,1567,943,1629,675,1649,688,990,83,1001,96,1005,269,1018,280
192,4,1547,933,1566,943,1631,678,1649,690,993,81,1004,93,1007,267,1021,278
193,4,1545,935,1564,945,1631,681,1649,693,995,81,1006,93,1008,266,1022,277
194,4,1543,938,1562,948,1631,683,1649,695,998,80,1009,92,1010,266,1024,277
195,4,1542,941,1561,951,1631,687,1649,699,1000,81,1011,93,1011,267,1025,278
196,4,1539,944,1558,954,1630,691,1648,703,1002,81,1013,93,1013,267,1027,278
197,4,1535,949,1554,959,1629,696,1647,708,1005,82,1016,94,1014,268,1029,279
198,4,1530,953,1549,963,1627,702,1645,714,1009,82,1020,94,1016,269,1030,280
199,4,1524,958,1543,968,1625,707,1643,719,1014,82,1025,94,1019,269,1034,281
200,4,1518,962,1537,972,1623,713,1641,725,1018,82,1029,94,1021,268,1036,280
201,4,1512,965,1531,975,1620,717,1638,729,1023,82,1034,94,1023,268,1038,280
202,4,1507,968,1526,978,1617,721,1635,733,1026,81,1037,93,1025,267,1040,279
203,4,1503,970,1522,980,1615,724,1633,736,1029,80,1040,92,1026,266,1041,278
204,4,1499,970,1518,980,1612,725,1630,737,1031,80,1042,92,1026,266,1041,278
205,4,1496,970,1515,980,1610,725,1628,737,1032,78,1043,90,1027,264,1042,276
206,4,1494,970,1513,980,1609,725,1627,737,1032,76,1043,88,1027,263,1042,275
207,4,1492,968,1511,978,1607,724,1625,736,1032,74,1043,86,1026,260,1041,272
208,4,1490,967,1509,977,1605,723,1623,735,1032,72,1043,84,1025,258,1040,269
209,4,1489,965,1508,975,1603,721,1622,733,1030,70,1041,82,1024,256,1039,268
210,4,1489,963,1508,973,1603,718,1621,730,1029,68,1040,80,1022,254,1037,266
211,4,1489,960,1508,970,1602,715,1620,727,1026,66,1037,78,1020,252,1036,264
212,4,1490,957,1509,967,1601,712,1619,724,1024,63,1035,74,1017,250,1032,262
213,4,1491,953,1510,963,1601,708,1619,720,1020,62,1031,74,1017,248,1031,259
214,4,1493,950,1512,960,1600,704,1618,716,1016,60,1028,70,1012,246,1027,258
215,4,1495,947,1514,957,1599,700,1617,712,1012,59,1024,69,1009,245,1024,257
216,4,1496,944,1515,954,1599,697,1617,709,1008,57,1020,67,1006,243,1021,255
217,4,1498,942,1517,952,1599,694,1617,706,1005,56,1017,66,1003,242,1019,254
218,4,1498,942,1517,952,1598,693,1616,705,1002,56,1014,66,1001,241,1018,254
219,4,1499,942,1518,952,1597,692,1616,704,999,57,1011,67,999,241,1016,254
220,4,1498,942,1517,952,1597,692,1615,704,997,57,1009,67,1000,242,1014,253
221,4,1498,942,1517,952,1595,692,1613,704,995,58,1007,68,998,243,1012,254
222,4,1498,944,1517,954,1594,693,1612,705,994,60,1006,70,997,244,1011,255
223,4,1498,945,1517,955,1593,694,1611,706,992,61,1004,71,995,246,1009,257
224,4,1496,946,1516,956,1592,696,1610,708,991,63,1003,73,993,248,1009,261
225,4,1495,947,1515,957,1591,697,1609,709,990,64,1002,74,991,249,1007,262
226,4,1495,948,1514,959,1589,698,1607,710,988,65,1000,75,991,250,1007,263
227,4,1494,950,1513,961,1588,700,1606,712,987,67,999,77,989,252,1005,265
228,4,1493,951,1512,962,1586,701,1604,713,986,68,998,78,988,253,1004,266
229,4,1491,952,1510,963,1585,702,1603,714,985,68,997,78,987,254,1002,266
230,4,1490,952,1509,963,1583,702,1601,712,984,69,996,79,986,254,1001,266
231,4,1489,952,1508,963,1582,702,1600,712,983,69,995,79,984,254,999,266
232,4,1489,951,1508,962,1581,701,1599,711,981,69,993,79,983,254,998,266
233,4,1488,950,1507,961,1579,700,1597,710,980,69,992,79,981,253,997,266
234,4,1488,950,1507,961,1579,699,1597,709,978,68,990,78,980,252,996,265
235,4,1487,949,1506,960,1578,699,1596,709,977,68,989,78,978,252,994,265
236,4,1487,949,1506,960,1577,698,1595,708,976,67,988,78,977,252,993,265
237,4,1487,949,1506,960,1577,698,1595,708,975,67,987,78,976,252,992,265
238,4,1487,949,1506,960,1576,698,1594,708,974,67,986,78,975,252,991,265
239,4,1486,949,1505,960,1576,698,1594,708,973,67,985,78,975,252,991,265
240,4,1487,950,1506,961,1575,699,1593,709,973,67,985,78,974,252,990,265
241,4,1486,951,1505,962,1575,699,1593,709,972,67,984,78,974,252,990,265
242,4,1486,952,1505,963,1575,700,1593,710,972,67,984,78,973,252,989,265
243,4,1487,954,1507,965,1576,702,1594,712,972,69,984,80,974,254,990,267
244,4,1488,956,1507,967,1576,704,1594,714,973,70,985,81,974,255,990,268
245,4,1489,958,1509,969,1578,706,1596,716,973,72,985,83,974,256,990,269
246,4,1491,960,1511,972,1579,708,1597,718,974,74,986,85,975,259,991,272
247,4,1493,962,1513,973,1581,710,1599,720,975,76,987,87,975,261,991,274
248,4,1496,965,1515,976,1584,712,1602,722,976,77,988,88,976,262,992,275
249,4,1499,967,1519,978,1587,714,1605,724,976,80,988,91,977,264,993,277
250,4,1502,969,1522,980,1590,716,1609,726,977,82,989,93,978,266,994,279
251,4,1505,973,1524,984,1593,719,1612,730,979,84,991,95,980,268,996,281
252,4,1508,975,1527,986,1596,722,1615,732,981,87,993,98,981,271,997,284
253,4,1511,978,1531,990,1599,725,1618,736,982,89,994,100,983,273,999,286
254,4,1513,982,1533,994,1603,728,1622,739,985,91,997,102,985,275,1002,288
255,4,1515,985,1535,997,1607,731,1626,741,988,93,1000,104,991,276,1004,287
256,4,1517,989,1537,1000,1610,735,1629,746,991,95,1003,106,993,278,1006,289
257,4,1520,992,1540,1003,1613,738,1632,749,994,97,1006,108,997,280,1010,291
258,4,1521,995,1541,1007,1616,741,1635,752,997,98,1009,109,999,281,1012,292
259,4,1523,998,1542,1009,1619,744,1639,755,1001,99,1013,110,1002,282,1015,293
260,4,1524,1000,1543,1011,1622,747,1641,758,1004,99,1016,110,1005,282,1018,293
261,4,1524,1002,1543,1013,1625,749,1644,760,1008,99,1020,110,1008,282,1021,293
262,4,1524,1004,1544,1015,1627,752,1646,762,1012,99,1024,110,1011,282,1024,293
263,4,1523,1006,1543,1017,1629,754,1648,765,1015,99,1027,110,1006,285,1019,296
264,4,1523,1008,1543,1019,1630,756,1650,767,1019,98,1031,109,1016,280,1029,291
265,4,1523,1009,1542,1020,1632,758,1652,769,1022,98,1034,109,1019,280,1032,291
266,4,1522,1011,1541,1022,1633,760,1652,771,1025,97,1037,108,1022,279,1035,290
267,4,1521,1013,1540,1024,1635,763,1654,774,1028,96,1040,107,1024,279,1037,290
268,4,1520,1015,1539,1026,1636,765,1655,775,1031,96,1043,107,1026,278,1039,289
269,4,1519,1017,1538,1028,1636,768,1656,778,1034,96,1046,107,1028,278,1041,289
270,4,1517,1019,1536,1030,1637,770,1656,780,1037,96,1049,107,1031,278,1044,289
271,4,1515,1022,1534,1033,1637,773,1656,783,1040,96,1052,107,1033,278,1046,289
272,4,1513,1024,1532,1035,1636,776,1655,786,1043,96,1055,107,1034,278,1050,289
273,4,1511,1026,1530,1037,1636,778,1655,788,1046,96,1058,107,1036,278,1052,289
274,4,1508,1027,1527,1038,1635,781,1654,791,1048,96,1060,107,1037,278,1053,289
275,4,1505,1028,1524,1039,1634,782,1653,792,1051,95,1063,106,1039,277,1055,288
276,4,1502,1029,1521,1040,1632,784,1651,794,1053,94,1065,105,1040,276,1055,287
277,4,1499,1030,1518,1041,1631,786,1650,796,1054,94,1066,105,1041,275,1057,286
278,4,1495,1031,1514,1042,1629,787,1648,797,1056,93,1068,104,1042,274,1058,285
279,4,1491,1032,1510,1043,1627,789,1646,799,1058,92,1070,103,1043,273,1059,284
280,4,1487,1034,1505,1045,1624,791,1643,801,1061,91,1073,102,1044,273,1060,284
281,4,1481,1035,1500,1046,1622,794,1641,804,1063,90,1075,101,1045,272,1060,283
282,4,1476,1036,1495,1047,1618,796,1638,806,1066,89,1078,100,1047,270,1062,281
283,4,1470,1037,1489,1048,1615,798,1634,808,1069,88,1081,99,1048,269,1064,280
284,4,1465,1038,1483,1049,1612,800,1631,810,1071,87,1083,98,1049,268,1064,278
285,4,1460,1039,1478,1050,1609,802,1628,812,1074,86,1086,97,1051,266,1066,277
286,4,1456,1039,1474,1050,1606,803,1625,813,1075,84,1089,95,1052,264,1067,275
287,3,1453,1039,1471,1050,1604,803,1623,813,1052,263,1068,274
288,3,1450,1038,1468,1049,1602,804,1621,814,1052,262,1067,273
289,3,1448,1038,1466,1049,1600,804,1619,814,1052,260,1067,271
290,3,1446,1038,1463,1049,1599,804,1618,814,1053,259,1068,270
291,4,1444,1037,1461,1048,1598,803,1617,813,1052,258,1067,269,1080,78,1094,89
292,4,1442,1036,1460,1047,1597,803,1616,813,1052,256,1067,267,1080,77,1094,88
293,4,1442,1036,1460,1047,1596,802,1615,813,1052,255,1067,266,1081,76,1094,87
294,4,1441,1036,1459,1047,1596,802,1615,813,1052,255,1067,266,1080,76,1094,86
295,4,1441,1036,1459,1047,1596,802,1615,813,1051,255,1066,266,1080,76,1094,86
296,4,1441,1036,1459,1047,1596,802,1615,813,1051,254,1066,265,1081,74,1094,85
297,4,1441,1035,1459,1046,1596,801,1615,812,1051,254,1066,265,1081,74,1094,85
298,4,1441,1035,1459,1046,1596,801,1615,812,1050,254,1065,265,1080,73,1093,84
299,4,1442,1034,1460,1045,1597,800,1616,811,1050,253,1065,264,1079,73,1093,84
300,4,1444,1034,1462,1045,1598,799,1617,810,1050,252,1065,263,1078,72,1092,83
301,4,1446,1033,1464,1044,1600,798,1619,809,1049,252,1064,263,1079,71,1092,83
302,4,1448,1032,1466,1043,1601,797,1620,808,1049,252,1064,263,1078,70,1091,82
303,4,1450,1031,1468,1042,1603,795,1622,806,1049,251,1064,262,1078,70,1091,82
304,4,1452,1030,1470,1041,1605,794,1624,805,1049,250,1064,261,1077,69,1090,81
305,4,1454,1029,1472,1040,1607,793,1626,804,1049,250,1063,260,1077,69,1090,81
306,4,1456,1029,1475,1040,1609,792,1628,803,1049,249,1064,260,1076,68,1089,80
307,4,1458,1028,1476,1039,1611,792,1630,803,1049,249,1064,260,1076,68,1089,80
308,4,1460,1027,1478,1038,1613,790,1632,801,1050,248,1064,259,1076,67,1089,79
309,4,1462,1027,1480,1038,1615,789,1634,800,1050,247,1065,258,1076,66,1089,78
310,4,1464,1026,1482,1037,1617,788,1636,799,1050,246,1065,257,1076,65,1089,77
311,4,1466,1025,1485,1036,1619,787,1638,798,1051,245,1066,256,1076,64,1089,76
312,4,1467,1025,1486,1036,1621,787,1640,798,1051,245,1066,256,1077,64,1090,76
313,4,1469,1024,1488,1035,1622,786,1642,797,1052,244,1067,255,1077,62,1090,74
314,4,1470,1023,1489,1034,1624,785,1643,796,1052,243,1067,254,1077,61,1090,73
315,4,1471,1022,1490,1034,1626,784,1645,795,1053,242,1068,253,1078,61,1091,73
316,4,1473,1021,1492,1032,1628,783,1648,794,1054,241,1069,252,1078,60,1091,72
317,4,1474,1020,1493,1031,1630,782,1649,793,1054,239,1069,250,1078,58,1091,70
318,4,1476,1020,1495,1032,1631,781,1650,792,1054,238,1069,249,1079,57,1091,68
319,4,1477,1019,1496,1031,1632,780,1652,791,1055,238,1070,249,1079,57,1092,69
320,4,1479,1019,1498,1031,1634,779,1653,790,1055,237,1070,248,1079,56,1092,68
321,4,1481,1019,1499,1030,1636,780,1656,791,1055,237,1070,248,1080,56,1093,68
322,4,1481,1019,1500,1031,1637,780,1657,791,1056,237,1071,248,1080,56,1093,68
323,4,1483,1020,1502,1031,1639,780,1658,791,1057,238,1072,249,1081,56,1094,68
324,4,1483,1021,1502,1033,1639,781,1659,792,1057,238,1072,249,1081,57,1094,69
325,4,1484,1022,1503,1034,1641,782,1661,793,1057,239,1072,250,1082,57,1095,69
326,4,1484,1023,1503,1035,1642,783,1661,794,1058,239,1073,250,1083,57,1096,69
327,4,1484,1024,1503,1036,1642,784,1662,796,1059,240,1074,251,1083,58,1096,70
328,4,1484,1025,1503,1037,1643,785,1663,796,1060,240,1075,251,1084,59,1096,70
329,4,1484,1026,1503,1038,1643,786,1663,797,1060,241,1075,252,1085,59,1098,71
330,4,1483,1027,1502,1039,1643,787,1663,798,1061,242,1076,253,1086,59,1099,71
331,4,1483,1029,1502,1041,1644,789,1663,800,1061,242,1076,253,1087,60,1100,72
332,4,1483,1029,1502,1041,1644,790,1664,801,1062,243,1077,254,1088,61,1101,73
333,4,1481,1030,1501,1042,1644,791,1664,802,1062,244,1077,255,1088,61,1101,73
334,4,1481,1031,1500,1043,1644,792,1664,803,1063,244,1078,255,1089,62,1102,74
335,4,1480,1032,1499,1044,1643,793,1663,805,1063,244,1078,255,1090,61,1103,73
336,4,1479,1032,1498,1044,1644,794,1663,805,1063,244,1078,255,1090,61,1103,73
337,4,1479,1032,1498,1043,1643,794,1663,805,1064,244,1079,255,1091,61,1104,73
338,4,1478,1032,1497,1044,1643,794,1663,805,1064,244,1079,255,1091,61,1104,73
339,4,1477,1032,1496,1044,1643,794,1663,806,1064,244,1079,255,1092,61,1105,73
340,4,1477,1032,1496,1044,1643,794,1663,806,1064,244,1079,255,1092,61,1105,73
341,4,1477,1032,1496,1044,1643,794,1663,805,1064,243,1079,254,1093,60,1106,72
342,4,1477,1031,1496,1043,1644,793,1664,804,1064,243,1079,254,1093,60,1106,72
343,4,1478,1031,1497,1043,1645,793,1665,804,1064,242,1079,253,1093,59,1106,71
344,4,1479,1029,1498,1041,1645,791,1665,802,1064,241,1079,252,1093,58,1105,69
345,4,1479,1028,1498,1040,1646,790,1666,801,1064,240,1079,251,1093,57,1106,69
346,4,1481,1028,1501,1040,1647,789,1667,801,1064,239,1079,250,1092,56,1105,68
347,4,1482,1027,1502,1039,1649,788,1669,799,1064,239,1079,250,1092,56,1105,68
348,4,1483,1027,1503,1039,1650,788,1670,799,1064,239,1079,250,1091,55,1104,67
349,4,1484,1028,1504,1040,1651,788,1671,799,1064,239,1079,250,1092,55,1105,67
350,4,1485,1028,1504,1040,1652,788,1672,799,1065,239,1080,250,1092,55,1106,67
351,4,1485,1029,1505,1041,1653,789,1673,800,1065,239,1080,250,1092,55,1106,67
352,4,1486,1029,1506,1041,1655,790,1675,801,1065,240,1081,251,1093,57,1105,68
353,4,1487,1030,1506,1042,1656,790,1676,802,1066,240,1081,251,1094,57,1106,68
354,4,1487,1031,1507,1043,1658,791,1678,803,1067,241,1082,252,1095,57,1107,68
355,4,1488,1032,1508,1044,1659,792,1678,803,1068,242,1083,253,1096,58,1108,69
356,4,1488,1034,1508,1046,1660,794,1680,806,1069,243,1084,254,1097,59,1109,70
357,4,1488,1035,1507,1047,1661,795,1680,806,1070,243,1085,254,1098,59,1110,70
358,4,1487,1035,1506,1047,1661,796,1681,808,1071,243,1086,254,1101,59,1113,70
359,4,1486,1035,1505,1047,1662,796,1682,808,1073,242,1089,253,1096,58,1115,70
360,4,1485,1034,1504,1046,1663,796,1682,807,1074,241,1089,252,1102,56,1117,67
361,4,1485,1034,1504,1046,1664,796,1683,808,1076,239,1092,250,1104,55,1119,66
362,4,1484,1035,1503,1047,1664,796,1684,808,1077,239,1093,250,1106,54,1121,65
363,4,1484,1035,1503,1047,1666,797,1685,809,1078,238,1094,249,1107,53,1122,65
364,4,1483,1037,1502,1049,1666,798,1686,810,1080,238,1096,249,1108,55,1124,65
365,4,1482,1038,1501,1050,1667,800,1687,812,1081,238,1097,249,1110,55,1126,65
366,4,1479,1041,1498,1053,1667,803,1686,815,1084,239,1100,250,1113,55,1129,65
367,4,1475,1045,1494,1057,1666,808,1686,820,1086,240,1102,251,1117,56,1133,66
368,4,1471,1048,1490,1060,1665,813,1684,825,1090,241,1106,252,1125,57,1139,67
369,3,1466,1052,1485,1064,1662,818,1682,830,1094,242,1110,253
370,3,1461,1056,1480,1068,1662,823,1682,835,1097,244,1113,255
371,3,1458,1060,1477,1072,1661,828,1680,840,1100,245,1116,256
372,3,1454,1063,1473,1075,1659,832,1679,844,1099,248,1119,258
373,4,1451,1066,1470,1078,1658,835,1677,847,1101,250,1121,260,1144,66,1160,77
374,4,1449,1068,1467,1080,1658,839,1677,851,1103,251,1123,261,1147,68,1164,78
375,4,1447,1069,1465,1081,1657,841,1676,853,1105,252,1125,262,1150,69,1167,79
376,4,1445,1070,1464,1082,1655,842,1675,854,1106,252,1126,262,1152,69,1169,79
377,4,1444,1071,1462,1083,1655,843,1675,855,1107,252,1127,262,1153,70,1170,80
378,4,1442,1071,1460,1083,1655,843,1674,855,1107,252,1127,262,1154,70,1171,80
379,4,1441,1069,1459,1081,1655,843,1674,854,1107,252,1127,262,1155,69,1172,79
380,4,1440,1068,1458,1080,1655,841,1674,852,1107,250,1127,260,1155,68,1172,78
381,4,1440,1066,1459,1078,1655,839,1674,850,1107,249,1127,259,1155,66,1172,76
382,4,1440,1064,1459,1076,1655,837,1674,849,1106,247,1126,257,1154,64,1172,74
383,4,1442,1062,1460,1074,1656,835,1675,846,1106,246,1126,256,1153,63,1170,73
384,4,1443,1060,1461,1072,1656,831,1676,843,1104,244,1124,254,1151,61,1168,71
385,4,1445,1058,1464,1070,1658,829,1677,840,1103,243,1123,253,1149,60,1166,70
386,4,1447,1055,1466,1067,1658,826,1678,838,1101,242,1121,252,1146,58,1163,68
387,4,1449,1052,1467,1064,1661,822,1680,833,1099,240,1119,250,1144,56,1161,66
388,4,1452,1050,1471,1062,1662,819,1681,831,1097,239,1117,249,1141,55,1158,65
389,4,1453,1048,1472,1060,1663,816,1682,828,1096,238,1116,248,1139,54,1156,64
390,4,1454,1046,1473,1058,1664,813,1684,825,1094,237,1114,247,1137,52,1154,62
391,4,1454,1043,1473,1055,1664,810,1684,822,1094,235,1114,245,1135,50,1152,60
392,4,1455,1040,1473,1052,1664,807,1684,819,1093,233,1113,243,1133,48,1150,58
393,4,1456,1038,1475,1050,1665,804,1684,816,1092,231,1112,241,1133,46,1150,56
394,4,1457,1035,1476,1047,1667,801,1687,813,1090,229,1110,239,1131,44,1148,54
395,4,1460,1031,1479,1043,1668,796,1688,808,1089,226,1109,236,1135,42,1146,52
396,4,1463,1027,1482,1039,1670,792,1689,804,1087,224,1107,234,1132,39,1143,49
397,3,1467,1023,1486,1035,1672,786,1692,798,1085,221,1105,231
398,4,1470,1019,1489,1031,1675,781,1695,793,1082,219,1102,229,1127,32,1137,43
399,4,1474,1015,1493,1027,1677,776,1697,788,1080,217,1100,227,1124,30,1134,40
400,4,1477,1012,1496,1024,1680,771,1700,783,1077,216,1098,226,1121,28,1131,38
401,4,1482,1010,1500,1022,1683,768,1703,780,1075,215,1096,225,1111,28,1125,38
402,3,1485,1008,1504,1020,1685,764,1705,776,1073,214,1094,224
403,4,1489,1007,1508,1019,1688,762,1708,774,1071,214,1092,224,1108,25,1120,38
404,4,1493,1007,1511,1019,1690,761,1710,773,1070,215,1092,225,1106,26,1117,38
405,3,1495,1007,1514,1019,1693,760,1713,772,1069,217,1090,227
406,4,1498,1008,1517,1020,1695,760,1715,772,1068,219,1089,229,1103,30,1114,42
407,4,1500,1008,1519,1020,1697,760,1717,772,1067,220,1089,230,1097,33,1111,43
408,4,1502,1010,1521,1022,1700,761,1720,773,1067,222,1089,232,1096,35,1110,45
409,4,1504,1011,1523,1023,1701,762,1721,774,1067,224,1089,234,1096,37,1110,47
410,4,1505,1013,1524,1025,1703,763,1723,775,1067,226,1089,237,1095,39,1109,49
411,4,1506,1015,1525,1027,1704,765,1724,777,1067,229,1089,240,1095,42,1109,52
412,4,1507,1017,1526,1029,1705,767,1725,779,1068,232,1089,242,1096,44,1110,54
413,4,1507,1020,1526,1032,1707,769,1727,781,1069,234,1090,244,1096,46,1110,56
414,4,1507,1022,1525,1034,1708,772,1728,784,1069,236,1091,246,1098,49,1112,59
415,4,1506,1024,1525,1036,1709,773,1729,785,1069,237,1091,248,1099,51,1113,61
416,4,1506,1025,1525,1037,1710,775,1730,787,1071,239,1093,249,1100,52,1114,62
417,4,1505,1027,1524,1039,1711,777,1731,789,1072,240,1094,250,1101,53,1115,63
418,4,1505,1027,1524,1039,1711,778,1731,790,1073,241,1095,251,1103,54,1117,64
419,4,1505,1029,1524,1041,1713,779,1732,791,1073,241,1095,252,1104,55,1118,65
420,4,1504,1030,1523,1042,1713,780,1733,792,1075,242,1097,253,1106,56,1120,66
421,4,1503,1031,1522,1043,1714,782,1734,794,1076,243,1098,253,1106,56,1120,66
422,4,1503,1032,1522,1044,1715,783,1735,795,1077,244,1099,254,1108,57,1122,67
423,4,1503,1033,1522,1045,1716,784,1735,796,1078,244,1101,255,1109,58,1123,68
424,4,1504,1034,1523,1046,1717,785,1737,797,1078,245,1100,256,1111,58,1125,68
425,4,1504,1035,1523,1047,1718,786,1738,798,1079,246,1101,257,1112,59,1126,69
426,4,1505,1036,1524,1048,1720,787,1740,799,1081,247,1103,257,1113,60,1127,70
427,4,1505,1037,1524,1049,1722,789,1742,801,1081,248,1103,259,1113,61,1128,72
428,4,1505,1039,1524,1051,1724,790,1744,802,1082,250,1104,261,1114,63,1129,74
429,4,1505,1041,1524,1053,1725,792,1746,804,1084,251,1105,261,1115,64,1130,75
430,4,1505,1043,1524,1055,1727,795,1747,807,1084,253,1106,264,1117,66,1132,77
431,4,1505,1045,1524,1057,1728,798,1748,810,1087,255,1108,265,1118,68,1133,79
432,4,1504,1048,1523,1060,1729,800,1749,812,1088,256,1110,266,1121,70,1136,81
433,4,1503,1051,1521,1063,1730,804,1750,816,1090,258,1112,269,1124,72,1139,83
434,4,1502,1055,1521,1067,1732,808,1752,820,1093,261,1114,271,1127,74,1142,84
435,4,1502,1058,1521,1070,1733,811,1753,823,1095,263,1116,273,1130,76,1145,86
436,4,1501,1060,1520,1072,1735,814,1755,826,1096,265,1118,275,1133,78,1147,88
437,4,1501,1063,1520,1075,1736,817,1757,829,1100,267,1121,277,1135,81,1150,91
438,4,1500,1065,1519,1077,1738,820,1758,832,1102,269,1123,279,1138,82,1153,93
439,4,1499,1067,1518,1079,1740,823,1760,835,1105,270,1126,280,1141,83,1156,94
440,4,1498,1069,1517,1081,1742,826,1762,838,1107,270,1128,280,1145,84,1159,94
441,4,1497,1071,1516,1083,1743,827,1764,839,1109,270,1131,281,1148,85,1162,95
442,4,1497,1072,1516,1084,1746,830,1766,842,1112,271,1135,282,1152,86,1167,96
443,4,1496,1073,1514,1084,1748,832,1768,844,1114,271,1137,282,1155,86,1170,96
444,4,1497,1074,1514,1085,1750,833,1770,845,1117,272,1139,283,1158,86,1173,96
445,4,1497,1075,1513,1085,1752,834,1772,846,1120,272,1142,283,1162,86,1176,96
446,4,1497,1075,1513,1085,1755,835,1776,847,1122,271,1144,282,1165,86,1179,96
447,4,1498,1074,1517,1084,1758,835,1778,847,1125,270,1147,280,1168,85,1182,95
448,4,1761,833,1782,847,1128,269,1149,280,1171,84,1185,94,1498,1071,1518,1081
449,4,1765,832,1786,846,1131,267,1152,278,1174,82,1188,92,1502,1071,1520,1081
450,4,1770,831,1791,845,1133,266,1154,277,1176,81,1190,91,1505,1070,1523,1080
451,4,1774,829,1795,843,1135,265,1156,276,1177,79,1191,89,1508,1069,1527,1080
452,4,1780,827,1802,841,1137,263,1158,274,1179,78,1193,88,1512,1067,1531,1078
453,4,1786,824,1807,838,1138,261,1160,272,1182,76,1194,86,1518,1065,1536,1077
454,4,1792,822,1814,836,1140,260,1161,271,1183,74,1195,84,1523,1064,1541,1076
455,4,1799,820,1821,835,1142,259,1163,270,1184,73,1196,83,1529,1063,1546,1074
456,4,1806,817,1828,832,1143,257,1165,268,1184,72,1196,82,1533,1061,1553,1073
457,4,1813,815,1834,829,1146,256,1167,267,1186,70,1198,80,1537,1059,1558,1071
458,4,1819,813,1840,827,1147,254,1168,265,1187,69,1199,79,1543,1057,1562,1069
459,4,1826,811,1848,825,1149,253,1170,264,1189,67,1201,77,1548,1056,1568,1068
460,4,1832,808,1854,823,1152,251,1173,262,1190,65,1202,75,1552,1054,1571,1065
461,4,1839,807,1860,821,1154,249,1176,260,1192,63,1204,73,1557,1053,1575,1064
462,4,1844,804,1866,819,1157,247,1178,258,1194,61,1206,71,1561,1051,1580,1062
463,4,1851,802,1873,816,1160,246,1180,257,1196,59,1208,69,1565,1049,1583,1060
464,3,1857,800,1879,815,1163,243,1184,254,1569,1047,1588,1058
465,3,1864,798,1886,813,1165,241,1186,252,1572,1046,1591,1057
466,3,1870,796,1893,811,1168,239,1189,250,1576,1044,1595,1055
467,3,1876,795,1898,810,1171,236,1192,247,1579,1042,1598,1053
468,3,1882,793,1904,808,1174,234,1195,245,1582,1041,1601,1052
469,3,1887,792,1909,807,1176,231,1197,242,1584,1039,1603,1050
470,3,1892,791,1914,806,1181,230,1201,240,1586,1038,1605,1049
471,3,1897,790,1919,805,1184,228,1204,238,1588,1038,1607,1049
472,3,1902,790,1924,805,1187,226,1208,237,1589,1037,1608,1048
473,3,1190,224,1211,235,1590,1037,1609,1048,1906,790,1922,804
474,2,1194,222,1215,233,1590,1037,1609,1048
475,2,1197,221,1218,232,1591,1038,1610,1049
476,2,1201,220,1222,231,1590,1038,1609,1049
477,2,1205,219,1226,230,1590,1039,1609,1050
478,2,1208,218,1229,229,1590,1039,1609,1050
479,2,1212,218,1233,229,1590,1040,1609,1051
480,2,1214,217,1236,228,1590,1041,1609,1052
481,2,1217,217,1239,229,1589,1042,1608,1053
482,3,1220,217,1242,229,1588,1042,1609,1055,1257,29,1278,40
483,3,1224,217,1245,228,1587,1043,1608,1056,1261,29,1282,40
484,3,1225,216,1247,228,1586,1044,1607,1057,1264,28,1285,39
485,3,1228,216,1250,228,1585,1044,1606,1057,1267,28,1289,39
486,3,1232,216,1253,228,1584,1044,1604,1057,1271,28,1292,39
487,3,1234,215,1254,226,1582,1044,1602,1057,1272,28,1294,39
488,3,1236,214,1256,225,1580,1043,1601,1056,1272,27,1298,38
489,2,1239,212,1259,223,1579,1042,1599,1054
490,2,1241,210,1261,221,1578,1039,1599,1052
491,3,1242,207,1262,218,1577,1037,1597,1049,1290,21,1303,31
492,3,1244,204,1263,215,1576,1034,1596,1046,1291,18,1304,28
493,3,1245,201,1265,212,1575,1032,1595,1044,1294,14,1310,25
494,3,1246,198,1265,209,1575,1030,1595,1042,1296,12,1311,22
495,3,1247,195,1267,206,1574,1027,1594,1039,1297,10,1312,20
496,3,1248,193,1268,204,1575,1025,1595,1037,1298,7,1313,17
497,3,1248,191,1268,202,1575,1022,1595,1034,1297,5,1313,15
498,3,1249,188,1269,199,1575,1020,1595,1032,1297,1,1316,12
499,3,1249,187,1269,198,1577,1018,1597,1030,1297,0,1316,10
500,3,1249,185,1269,196,1578,1017,1598,1029,1298,0,1316,10
501,3,1250,184,1270,195,1580,1015,1600,1027,1297,-2,1317,9
502,2,1249,183,1269,194,1582,1013,1602,1025
503,2,1248,182,1268,193,1585,1011,1605,1023
504,2,1247,181,1266,192,1587,1009,1607,1021
505,2,1246,180,1265,191,1590,1007,1610,1019
506,2,1245,179,1263,189,1592,1006,1613,1018
507,2,1244,179,1262,189,1595,1005,1616,1018
508,2,1243,179,1263,189,1598,1004,1619,1016
509,2,1241,179,1261,189,1601,1004,1622,1016
510,2,1240,180,1260,190,1604,1003,1625,1015
511,2,1239,180,1259,190,1606,1002,1627,1014
512,2,1238,181,1258,191,1609,1002,1630,1014
513,2,1237,182,1257,192,1611,1003,1632,1015
514,2,1237,183,1257,193,1612,1003,1633,1015
515,2,1237,184,1257,194,1614,1003,1635,1015
516,2,1237,185,1257,195,1616,1003,1637,1015
517,2,1237,184,1260,195,1618,1003,1639,1015
518,2,1237,184,1261,195,1620,1002,1641,1014
519,2,1237,184,1261,195,1621,1001,1642,1013
520,2,1236,184,1259,195,1624,1000,1644,1012
521,2,1235,184,1258,195,1627,999,1648,1011
522,2,1234,184,1257,195,1630,998,1651,1010
523,2,1234,184,1257,195,1633,997,1653,1009
524,2,1232,184,1255,195,1637,995,1658,1007
525,2,1231,184,1253,194,1640,993,1661,1005
526,2,1229,183,1251,193,1644,991,1665,1003
527,2,1229,182,1251,192,1647,988,1668,1000
528,2,1228,181,1250,191,1650,986,1671,998
529,2,1227,180,1249,190,1652,983,1673,995
530,2,1226,179,1248,189,1655,982,1676,994
531,2,1226,178,1248,188,1658,980,1679,992
532,2,1225,177,1248,188,1660,979,1681,991
533,2,1223,177,1248,188,1664,978,1685,990
534,2,1222,177,1247,188,1668,978,1689,990
535,2,1222,178,1246,188,1672,978,1693,990
536,2,1220,180,1244,190,1675,978,1696,990
537,2,1221,182,1243,192,1679,979,1699,990
538,2,1220,184,1244,195,1683,980,1703,991
539,2,1219,186,1244,197,1685,981,1706,992
540,2,1220,188,1244,199,1688,982,1708,993
541,2,1220,190,1244,201,1690,983,1710,994
542,2,1220,192,1244,203,1691,984,1711,995
543,2,1223,194,1245,204,1691,986,1711,997
544,2,1223,196,1245,206,1692,988,1712,999
545,2,1225,198,1247,208,1691,991,1712,1002
546,2,1227,200,1249,210,1691,995,1711,1006
547,2,1229,203,1251,213,1690,998,1710,1009
548,2,1232,205,1256,215,1688,1000,1709,1011
549,2,1233,207,1258,217,1688,1004,1708,1015
550,2,1237,210,1260,220,1688,1007,1708,1018
551,2,1238,211,1264,222,1688,1010,1708,1021
552,2,1242,214,1266,225,1688,1012,1709,1023
553,2,1243,217,1266,228,1689,1015,1709,1025
554,2,1246,219,1268,229,1690,1017,1710,1028
555,2,1247,221,1271,232,1691,1019,1711,1030
556,2,1249,224,1272,234,1692,1021,1711,1031
557,2,1250,225,1273,235,1693,1022,1713,1032
558,2,1251,226,1273,236,1693,1022,1713,1032
559,2,1252,226,1274,236,1694,1022,1714,1032
560,2,1253,226,1278,236,1695,1022,1715,1032
561,2,1254,226,1279,236,1695,1021,1715,1031
562,2,1255,226,1280,236,1694,1020,1715,1031
563,2,1255,225,1280,235,1697,1020,1717,1030
564,2,1259,225,1283,235,1697,1020,1717,1030
565,2,1260,225,1284,235,1697,1020,1717,1030
566,2,1261,225,1285,235,1698,1020,1718,1030
567,2,1262,225,1286,235,1699,1020,1719,1030
568,2,1264,224,1288,234,1699,1019,1719,1029
569,2,1264,224,1288,234,1701,1019,1721,1029
570,2,1267,223,1290,233,1702,1018,1722,1028
571,2,1267,222,1292,233,1704,1017,1724,1027
572,2,1270,221,1292,231,1707,1015,1726,1026
573,2,1270,220,1292,230,1709,1013,1728,1024
574,2,1270,219,1293,231,1711,1012,1730,1023
575,2,1270,218,1293,230,1713,1011,1732,1022
576,2,1272,217,1295,229,1715,1009,1734,1020
577,2,1272,216,1295,228,1717,1008,1736,1019
578,2,1273,215,1296,227,1719,1006,1738,1017
579,2,1273,214,1296,226,1721,1005,1740,1016
580,2,1274,215,1300,227,1723,1004,1742,1015
581,2,1275,214,1301,226,1724,1002,1744,1013
582,2,1278,214,1303,225,1726,1002,1745,1013
583,2,1280,213,1303,224,1727,1001,1747,1012
584,2,1281,213,1305,224,1728,1001,1747,1012
585,2,1282,212,1307,224,1729,1001,1748,1012
586,2,1283,212,1309,224,1730,1001,1749,1012
587,2,1284,212,1308,223,1730,1000,1749,1011
588,2,1286,212,1310,223,1731,1000,1750,1011
589,2,1287,211,1312,223,1731,999,1751,1010
590,2,1290,210,1314,221,1731,998,1750,1009
591,2,1291,210,1314,221,1732,997,1751,1008
592,2,1294,208,1318,218,1732,996,1751,1007
593,2,1296,207,1320,217,1732,996,1751,1007
594,2,1298,206,1322,216,1732,995,1751,1006
595,2,1299,205,1323,215,1733,995,1752,1006
596,2,1301,204,1326,214,1733,994,1752,1005
597,2,1302,204,1327,214,1734,994,1753,1005
598,2,1304,204,1328,214,1736,993,1755,1004
599,2,1306,203,1330,213,1737,992,1757,1003
600,2,1306,203,1331,213,1740,991,1759,1002
601,2,1307,203,1331,213,1743,991,1762,1002
602,1,1746,992,1765,1003
603,1,1748,992,1767,1003
604,1,1750,992,1769,1003
605,1,1752,991,1771,1002
606,1,1754,991,1773,1002
607,1,1755,991,1774,1002
608,1,1756,990,1775,1001
609,1,1758,990,1777,1001
610,1,1760,990,1779,1001
611,1,1761,990,1780,1001
612,1,1764,989,1783,1000
613,1,1766,989,1785,1000
614,1,1768,989,1787,1000
615,1,1771,989,1790,1000
616,1,1773,989,1792,1000
617,1,1776,989,1795,1000
618,1,1780,989,1799,1000
619,1,1783,989,1803,1000
620,1,1788,988,1807,999
621,1,1791,988,1811,999
622,1,1796,987,1815,998
623,1,1801,986,1821,997
624,1,1805,986,1825,998
625,1,1810,985,1830,997
626,1,1814,985,1833,996
627,1,1819,984,1839,995
628,1,1822,983,1842,995
629,1,1827,983,1846,994
630,1,1831,982,1850,993
631,1,1836,981,1856,992
632,1,1840,980,1860,991
633,1,1845,979,1864,990
634,1,1849,978,1868,989
635,1,1853,977,1873,989
636,1,1858,976,1877,987
637,1,1862,974,1883,986
638,1,1866,973,1887,985
639,1,1871,971,1892,983
640,1,1876,970,1896,982
641,1,1881,969,1901,980
642,1,1885,968,1906,980
643,2,1889,966,1910,978,1365,196,1388,206
644,2,1894,965,1914,977,1366,195,1389,205
645,2,1899,963,1919,975,1368,194,1391,204
646,2,1903,961,1924,973,1369,193,1392,203
647,1,1370,192,1393,202
648,1,1371,191,1394,201
649,1,1372,189,1395,199
650,1,1374,189,1397,199
651,1,1375,188,1398,198
652,1,1376,187,1399,197
653,1,1377,186,1400,196
654,1,1378,186,1403,197
655,1,1379,185,1403,195
656,1,1381,185,1404,195
657,1,1382,184,1406,194
658,1,1383,183,1406,193
659,1,1385,183,1408,193
660,1,1386,182,1409,192
661,1,1388,182,1411,192
662,1,1388,181,1411,191
663,1,1389,181,1413,191
664,1,1390,180,1414,190
665,1,1393,180,1416,190
666,1,1394,179,1418,189
667,1,1397,179,1420,189
668,1,1399,178,1422,188
669,1,1402,178,1425,188
670,1,1404,177,1427,187
671,1,1407,176,1431,186
672,1,1410,175,1433,185
673,1,1414,174,1437,184
674,1,1415,173,1438,183
675,1,1418,173,1441,183
676,1,1418,173,1441,183
677,1,1420,172,1443,182
678,1,1420,172,1443,182
679,1,1422,171,1445,181
680,1,1425,172,1448,182
681,1,1426,173,1449,183
682,1,1429,174,1452,184
683,1,1432,175,1455,185
684,1,1435,175,1458,185
685,1,1438,177,1464,187
686,1,1442,178,1468,188
687,1,1445,179,1471,189
688,1,1449,180,1475,190
689,1,1451,180,1477,190
690,1,1457,180,1479,190
691,1,1459,179,1483,189
692,1,1461,178,1485,188
693,1,1464,177,1488,187
694,1,1466,176,1491,187
695,1,1469,176,1493,186
696,1,1473,176,1498,186
697,1,1475,176,1500,186
698,1,1479,176,1504,186
699,1,1483,176,1507,186
700,1,1486,176,1510,186
701,1,1489,176,1514,186
702,1,1491,176,1517,187
703,1,1495,176,1520,186
704,1,1499,175,1524,185
705,1,1502,174,1527,184
706,1,1509,175,1530,186
707,1,1513,175,1533,186
708,1,1515,174,1537,185
709,1,1518,174,1539,185
710,1,1521,173,1542,184
711,1,1524,172,1545,183
712,1,1527,171,1548,182
713,1,1530,169,1551,180
714,1,1532,168,1554,180
715,1,1537,167,1558,178
716,1,1540,166,1560,177
717,1,1542,164,1564,176
718,1,1547,163,1569,174
719,1,1550,162,1571,173
720,1,1554,160,1576,172
721,1,1558,159,1580,171
722,1,1562,158,1585,170
723,1,1567,156,1589,168
724,1,1571,155,1593,167
725,1,1575,154,1597,166
726,1,1581,152,1604,164
727,1,1586,150,1609,162
728,1,1591,149,1614,161
729,1,1597,147,1619,159
730,1,1602,145,1625,157
731,1,1607,143,1630,155
732,1,1612,140,1635,152
733,1,1616,138,1639,150
734,1,1621,136,1643,148
735,1,1624,134,1647,146
736,1,1628,132,1650,144
737,1,1632,130,1655,142
738,1,1635,128,1657,139
739,1,1638,126,1660,138
740,1,1641,124,1663,136
741,1,1644,123,1666,135
742,1,1648,122,1670,134
743,1,1652,120,1674,132
744,1,1656,120,1679,132
745,1,1660,118,1682,130
746,1,1665,118,1687,130
747,1,1669,117,1691,129
748,1,1673,116,1695,128
749,1,1677,115,1699,127
750,1,1681,114,1703,125
751,1,1684,113,1706,124
752,1,1687,112,1709,123
753,1,1689,110,1710,121
754,1,1691,109,1713,120
755,1,1693,108,1714,119
756,1,1695,108,1715,119
757,1,1696,107,1717,118
758,1,1697,106,1717,117
759,1,1698,105,1718,116
760,1,1698,104,1718,115
761,1,1697,103,1717,114
762,1,1697,102,1717,112
763,1,1697,101,1717,111
764,1,1695,100,1714,110
765,1,1694,99,1713,109
766,1,1692,98,1712,108
767,1,1690,97,1710,107
768,1,1688,95,1708,105
769,1,1685,93,1705,104
770,1,1684,92,1703,102
771,1,1682,90,1701,100
772,1,1680,87,1699,97
773,1,1677,85,1696,95
774,1,1674,82,1694,93
775,1,1671,80,1691,90
776,1,1669,77,1690,88
777,1,1667,75,1687,85
778,1,1665,72,1685,83
779,1,1663,70,1683,80
780,1,1661,68,1681,79
781,1,1661,66,1681,76
782,1,1656,63,1679,74
783,1,1656,60,1679,71
784,1,1655,58,1679,69
785,1,1656,55,1680,66
786,1,1658,53,1682,64
787,1,1660,51,1684,62
788,1,1663,48,1687,60
789,1,1665,46,1689,58
790,1,1669,44,1693,56
791,1,1672,42,1696,54
792,1,1675,40,1699,51
793,1,1679,38,1704,50
794,1,1683,37,1707,49
795,1,1688,35,1712,46
796,1,1692,34,1715,45
797,1,1696,33,1720,44
798,1,1700,32,1724,43
799,1,1705,30,1729,42
800,1,1710,28,1734,40
801,1,1716,27,1739,38
802,1,1722,25,1746,37
803,1,1730,23,1752,34
804,1,1737,21,1759,32
805,1,1744,20,1766,32
806,1,1751,19,1773,31
807,1,1760,18,1782,29
808,1,1769,18,1791,29
809,1,1777,18,1799,29
810,1,1787,18,1809,29
811,1,1795,19,1820,29
812,1,1805,19,1830,29
813,1,1814,18,1839,28
814,1,1823,18,1848,28
815,1,1832,18,1857,28
816,1,1837,17,1864,27
817,1,1846,17,1873,27
818,1,1852,17,1879,27
819,1,1857,17,1884,27
820,1,1864,17,1891,27
821,1,1870,16,1897,26
822,1,1875,16,1902,26
823,1,1879,16,1906,26
824,1,1883,15,1910,25
825,1,1886,14,1913,24
826,1,1889,12,1916,22
827,1,1891,10,1918,20
828,1,1891,8,1918,18
829,1,1890,6,1917,16
830,1,1890,3,1917,13
831,1,1888,0,1916,10
832,1,1891,-2,1911,8
1114,1,1365,0,1380,10
1115,1,1366,1,1379,13
1116,1,1366,4,1380,17
1117,1,1367,6,1380,18
1118,1,1367,8,1380,22
1119,1,1366,12,1380,25
1120,1,1365,14,1379,27
1121,1,1363,15,1377,27
1122,1,1360,17,1374,29
1123,1,1359,18,1372,29
1124,1,1356,19,1369,30
1125,1,1353,19,1366,30
1126,1,1350,20,1363,31
1127,1,1346,21,1359,32
1128,1,1343,22,1356,33
1129,1,1340,24,1353,35
1130,1,1336,26,1349,37
1131,1,1333,28,1345,38
1132,1,1329,30,1342,41
1133,1,1325,32,1337,42
1134,1,1321,34,1333,44
1135,1,1318,35,1330,46
1136,1,1314,37,1326,48
1137,1,1309,39,1321,50
1138,1,1305,40,1317,51
1139,1,1300,42,1312,53
1140,1,1295,42,1307,53
1141,1,1290,43,1302,54
1142,1,1285,43,1297,54
1143,1,1279,43,1291,54
1144,1,1274,43,1286,54
1145,1,1269,43,1281,54
1146,1,1263,45,1275,56
1147,1,1258,45,1270,56
1148,1,1253,47,1265,58
1149,1,1248,49,1260,60
1150,1,1243,51,1255,62
1151,1,1238,53,1250,64
1152,1,1234,56,1247,68
1153,1,1230,59,1243,71
1154,1,1225,61,1238,73
1155,1,1221,63,1234,75
1156,1,1217,66,1231,78
1157,1,1213,68,1225,79
1158,1,1209,70,1221,81
1159,1,1206,72,1218,83
1160,1,1204,74,1215,84
1161,1,1200,75,1212,85
1162,1,1198,77,1210,87
1163,1,1197,78,1209,88
1164,1,1196,80,1208,90
1165,1,1195,81,1207,91
1166,1,1195,84,1207,94
1167,1,1195,87,1207,97
1168,1,1196,90,1208,100
1169,1,1197,92,1209,102
1170,1,1199,95,1211,105
1171,1,1200,98,1212,108
1172,1,1201,100,1213,110
1173,1,1202,103,1214,113
1174,1,1202,105,1214,115
1175,1,1202,107,1214,117
1176,1,1202,108,1215,118
1177,1,1202,109,1215,119
1178,1,1201,110,1214,120
1179,1,1201,111,1214,121
1180,1,1200,111,1213,121
1181,1,1199,111,1212,121
1182,1,1197,112,1210,122
1183,1,1196,112,1209,122
1184,1,1195,112,1208,122
1185,1,1193,111,1204,122
1186,1,1190,111,1201,122
1187,1,1188,112,1199,123
1188,1,1185,113,1196,124
1189,1,1182,113,1193,124
1190,1,1180,114,1191,124
1191,1,1176,115,1187,125
1192,1,1173,115,1184,125
1193,1,1169,116,1180,126
1194,1,1166,118,1177,128
1195,1,1162,119,1173,129
1196,1,1158,120,1170,130
1197,1,1154,121,1165,131
1198,1,1150,123,1161,133
1199,1,1144,125,1156,136
1200,1,1141,127,1153,138
1201,1,1136,130,1148,141
1202,1,1133,132,1145,143
1203,1,1127,134,1139,145
1204,1,1122,136,1134,147
1205,1,1118,138,1130,149
1206,1,1113,141,1125,152
1207,1,1107,144,1120,154
1208,2,1103,146,1116,156,1904,583,1920,600
1209,2,1099,149,1110,159,1897,585,1913,602
1210,2,1094,152,1105,162,1891,587,1907,604
1211,2,1091,154,1101,165,1884,590,1900,607
1212,2,1086,158,1098,170,1878,592,1894,609
1213,2,1082,162,1092,173,1873,594,1889,611
1214,2,1077,165,1089,175,1868,596,1884,613
1215,2,1074,170,1085,180,1863,599,1879,616
1216,1,1858,602,1874,619
1217,1,1853,605,1869,622
1218,1,1849,607,1864,623
1219,1,1845,610,1860,626
1220,1,1842,612,1857,628
1221,1,1839,614,1855,631
1222,1,1836,617,1851,633
1223,1,1833,619,1849,636
1224,1,1831,622,1847,639
1225,1,1829,625,1844,641
1226,1,1828,628,1843,644
1227,1,1826,632,1841,648
1228,1,1824,636,1839,652
1229,1,1823,640,1838,656
1230,1,1822,645,1837,661
1231,1,1821,650,1836,666
1232,1,1820,654,1835,670
1233,1,1818,659,1833,675
1234,1,1817,664,1832,680
1235,1,1816,669,1831,685
1236,1,1815,674,1830,690
1237,1,1814,678,1829,694
1238,1,1814,682,1829,698
1239,1,1813,686,1828,702
1240,1,1812,689,1827,705
1241,1,1812,692,1827,708
1242,1,1811,695,1826,711
1243,1,1811,697,1826,713
1244,1,1810,700,1825,716
1245,1,1810,701,1825,717
1246,1,1809,703,1824,719
1247,1,1808,705,1823,721
1248,1,1807,705,1822,721
1249,1,1806,705,1821,721
1250,2,1806,706,1821,722,1904,402,1921,414
1251,2,1805,705,1821,722,1902,402,1918,414
1252,3,1805,706,1820,722,1899,402,1915,414,1006,-1,1016,10
1253,3,1804,706,1820,723,1897,402,1913,414,1003,1,1014,11
1254,3,1803,706,1819,723,1894,402,1910,414,1001,0,1011,12
1255,3,1802,707,1818,724,1892,402,1908,414,999,1,1009,11
1256,3,1801,707,1817,724,1889,402,1905,414,999,1,1009,11
1257,3,1800,707,1816,724,1886,402,1902,414,994,1,1005,13
1258,3,1798,707,1814,724,1883,402,1899,414,992,2,1003,14
1259,3,1797,707,1813,724,1880,402,1896,414,989,2,1000,14
1260,3,1795,707,1811,724,1877,402,1893,414,987,2,998,14
1261,3,1794,706,1810,723,1873,401,1889,413,984,3,995,15
1262,3,1792,706,1808,723,1869,401,1885,413,981,4,992,16
1263,3,1791,705,1807,722,1865,400,1880,412,978,3,988,15
1264,3,1789,704,1805,721,1860,398,1876,410,975,3,985,15
1265,3,1786,702,1802,719,1856,397,1872,409,971,4,981,16
1266,3,1782,701,1800,715,1851,395,1867,407,967,4,977,16
1267,3,1780,699,1798,713,1846,393,1862,405,963,3,973,15
1268,3,1776,697,1793,711,1841,392,1857,404,959,3,969,15
1269,3,1773,696,1791,710,1836,391,1851,402,955,2,965,14
1270,3,1769,695,1787,709,1830,390,1845,402,952,3,962,15
1271,3,1765,695,1783,709,1824,390,1840,402,948,3,958,15
1272,3,1760,695,1778,709,1818,391,1833,402,945,4,955,16
1273,3,1755,696,1773,710,1811,392,1826,403,941,5,951,17
1274,3,1748,698,1766,712,1804,394,1819,405,937,6,948,19
1275,3,1742,699,1760,713,1796,396,1811,407,933,6,943,18
1276,3,1735,702,1753,716,1787,399,1803,411,930,7,940,19
1277,3,1727,706,1745,720,1780,404,1795,415,928,9,938,22
1278,3,1718,712,1736,726,1773,411,1788,422,927,11,937,24
1279,3,1709,718,1727,732,1766,418,1781,429,926,12,936,25
1280,3,1700,725,1717,738,1758,426,1773,437,926,13,936,26
1281,3,1691,731,1708,744,1750,434,1765,445,927,15,937,28
1282,3,1681,738,1698,751,1743,442,1757,453,927,17,937,29
1283,3,1671,744,1688,758,1734,450,1749,461,927,19,937,31
1284,3,1662,751,1680,765,1725,458,1740,469,927,20,937,33
1285,3,1652,756,1669,769,1716,465,1730,475,926,23,936,36
1286,3,1644,761,1661,774,1707,471,1722,482,922,25,932,38
1287,3,1634,766,1651,779,1699,477,1713,488,920,27,930,40
1288,3,1625,770,1643,784,1689,483,1704,494,919,29,930,41
1289,3,1617,774,1634,787,1681,488,1695,499,916,31,927,43
1290,3,1609,775,1626,788,1672,491,1686,502,913,32,924,44
1291,3,1602,776,1619,789,1663,493,1677,503,909,33,920,45
1292,3,1595,776,1612,789,1654,494,1668,504,904,34,915,46
1293,3,1589,775,1607,789,1646,493,1660,503,898,35,909,47
1294,3,1584,773,1602,787,1637,493,1651,503,891,35,902,47
1295,3,1580,772,1597,785,1630,491,1644,501,884,37,896,50
1296,3,1576,769,1593,783,1622,489,1636,499,876,38,888,51
1297,3,1573,767,1590,781,1615,486,1629,496,868,40,880,53
1298,4,1571,765,1588,779,1608,484,1622,494,859,43,871,56,1901,98,1918,110
1299,4,1570,763,1587,777,1602,481,1616,491,853,46,863,58,1887,96,1905,107
1300,4,1569,761,1586,775,1596,479,1610,489,845,49,855,61,1872,93,1890,104
1301,4,1568,759,1585,773,1590,478,1604,488,837,53,847,65,1859,91,1877,102
1302,4,1569,759,1586,773,1586,476,1600,486,830,57,840,69,1846,89,1864,100
1303,4,1569,759,1586,773,1582,477,1596,487,824,62,834,74,1833,88,1850,99
1304,4,1571,759,1588,773,1579,476,1593,486,818,68,828,80,1820,87,1837,98
1305,4,1574,759,1591,773,1576,476,1590,486,812,73,823,86,1809,85,1826,95
1306,4,1576,759,1593,773,1574,476,1588,486,806,79,816,91,1797,84,1815,95
1307,4,1580,759,1597,773,1572,476,1586,486,801,85,811,98,1788,83,1806,94
1308,4,1584,760,1601,774,1571,477,1585,487,797,90,807,102,1779,83,1796,93
1309,4,1588,761,1605,775,1571,478,1585,488,794,97,804,109,1771,82,1788,92
1310,4,1593,763,1610,777,1571,479,1585,489,791,103,801,116,1764,82,1781,92
1311,4,1598,765,1615,779,1572,481,1586,491,789,109,799,121,1759,82,1775,92
1312,4,1603,768,1620,782,1574,483,1588,493,788,115,798,127,1754,83,1771,93
1313,4,1609,771,1626,785,1575,487,1589,497,787,121,797,133,1751,84,1768,94
1314,4,1614,775,1631,789,1578,490,1592,500,788,126,798,138,1749,86,1766,96
1315,4,1619,779,1636,793,1581,494,1595,504,789,131,799,143,1748,88,1765,98
1316,4,1622,783,1640,798,1584,498,1598,508,791,136,801,148,1749,90,1765,100
1317,4,1626,786,1644,801,1587,502,1601,512,792,140,802,152,1750,93,1767,103
1318,4,1630,790,1648,805,1589,505,1604,515,794,143,804,155,1752,95,1769,105
1319,4,1633,795,1651,810,1592,509,1607,520,797,146,807,158,1755,98,1772,108
1320,4,1636,799,1654,814,1595,514,1610,525,799,148,809,160,1758,101,1775,111
1321,4,1639,804,1658,819,1598,519,1613,530,802,150,812,163,1762,104,1779,114
1322,4,1641,810,1660,826,1600,524,1615,535,805,152,815,164,1766,108,1783,118
1323,4,1642,816,1661,832,1603,530,1618,541,808,154,818,166,1771,113,1788,123
1324,4,1643,822,1662,837,1605,537,1620,548,812,156,822,168,1775,118,1792,128
1325,4,1643,829,1661,844,1606,543,1622,554,815,157,825,169,1780,123,1797,133
1326,4,1642,838,1662,849,1608,551,1625,561,819,158,830,171,1786,129,1803,139
1327,4,1641,845,1661,856,1609,559,1627,569,823,159,834,172,1792,136,1809,146
1328,4,1639,853,1659,864,1609,567,1627,577,827,160,838,173,1798,142,1815,153
1329,4,1635,860,1655,871,1610,575,1627,585,831,160,841,173,1804,149,1821,159
1330,4,1632,867,1652,878,1609,583,1626,593,835,160,845,173,1810,157,1827,168
1331,4,1627,874,1647,885,1608,590,1625,600,838,160,848,173,1816,164,1833,175
1332,4,1622,880,1642,891,1607,597,1624,607,842,159,852,172,1821,171,1838,182
1333,4,1617,885,1637,896,1605,603,1622,613,845,158,855,171,1826,177,1843,187
1334,4,1612,890,1631,901,1603,608,1620,618,847,157,857,170,1830,183,1847,193
1335,4,1606,893,1626,904,1600,613,1617,623,849,155,859,168,1833,189,1850,200
1336,4,1601,897,1620,908,1597,617,1614,627,851,153,861,166,1836,193,1853,203
1337,4,1595,900,1615,911,1594,621,1611,631,852,151,862,164,1838,198,1856,209
1338,4,1589,903,1608,914,1591,624,1608,634,854,149,864,160,1841,202,1858,213
1339,4,1583,905,1602,915,1587,628,1604,638,855,147,865,158,1842,206,1859,216
1340,4,1578,907,1597,918,1584,630,1602,640,855,145,865,156,1843,210,1860,221
1341,4,1573,909,1592,919,1580,632,1597,642,855,143,865,155,1843,213,1861,224
1342,4,1568,910,1587,920,1576,635,1593,645,854,140,865,153,1842,216,1859,226
1343,4,1563,912,1582,923,1572,636,1589,646,853,139,864,152,1840,219,1858,230
1344,4,1558,914,1578,925,1568,639,1585,649,852,137,863,150,1838,222,1856,233
1345,4,1553,916,1572,927,1564,641,1581,651,851,136,863,150,1836,225,1853,236
1346,4,1547,918,1567,929,1560,644,1577,654,851,137,862,149,1834,229,1852,240
1347,4,1543,921,1563,932,1556,647,1573,657,850,137,861,149,1831,232,1849,243
1348,4,1538,923,1558,934,1552,650,1569,660,849,137,860,149,1828,236,1846,247
1349,4,1533,926,1553,937,1548,653,1565,663,848,137,859,149,1826,239,1843,250
1350,4,1529,928,1549,939,1543,656,1560,666,847,137,858,149,1822,243,1839,254
1351,4,1525,931,1544,942,1539,659,1556,669,846,138,857,150,1818,247,1836,258
1352,4,1521,934,1540,944,1535,662,1552,672,845,139,856,150,1815,250,1833,261
1353,4,1517,937,1536,947,1531,665,1548,675,844,139,854,150,1812,254,1830,265
1354,4,1513,939,1532,950,1528,669,1545,679,843,140,853,151,1809,257,1827,268
1355,4,1509,942,1528,953,1524,672,1541,682,842,141,852,152,1806,261,1824,272
1356,4,1505,944,1524,955,1521,674,1538,684,841,141,851,152,1803,264,1821,275
1357,4,1502,946,1521,957,1517,676,1534,686,840,141,850,152,1801,267,1819,278
1358,4,1498,948,1517,958,1513,679,1531,689,839,142,849,153,1798,270,1817,281
1359,4,1495,951,1514,962,1511,682,1528,692,838,143,848,154,1795,273,1814,284
1360,5,1493,953,1512,963,1508,685,1525,695,837,143,847,154,1792,275,1811,287,786,382,799,394
1361,5,1491,956,1510,966,1505,688,1522,698,836,145,846,156,1789,278,1808,290,784,384,797,396
1362,5,1489,958,1508,968,1503,690,1520,700,835,146,845,157,1787,281,1805,292,782,385,795,397
1363,5,1487,960,1506,970,1500,693,1517,703,833,147,843,158,1783,283,1801,294,779,386,792,398
1364,5,1485,962,1505,972,1498,695,1515,705,832,149,842,160,1779,285,1797,296,777,388,790,400
1365,5,1483,963,1503,973,1495,697,1512,707,829,150,839,161,1776,286,1795,298,775,389,788,401
1366,5,1483,965,1502,975,1493,698,1510,708,828,152,838,163,1773,288,1790,299,773,390,786,402
1367,5,1481,966,1500,976,1491,699,1508,709,826,152,836,163,1770,289,1788,300,770,391,783,403
1368,5,1479,967,1499,977,1489,700,1506,710,824,153,834,164,1767,290,1785,301,768,391,781,403
1369,5,1478,967,1497,977,1487,701,1504,711,823,153,833,164,1765,291,1783,302,766,392,779,404
1370,5,1477,967,1497,977,1485,701,1502,711,821,153,831,164,1762,291,1780,303,764,392,777,404
1371,5,1475,967,1495,977,1483,701,1500,711,818,153,828,164,1759,291,1777,303,762,392,776,405
1372,5,1474,968,1494,978,1481,701,1498,711,816,153,826,164,1756,291,1774,303,759,392,773,405
1373,5,1472,968,1492,978,1478,702,1495,712,815,153,825,164,1754,292,1772,304,758,391,771,403
1374,5,1470,969,1490,979,1476,703,1493,713,814,153,824,164,1752,293,1770,305,756,391,770,404
1375,5,1468,970,1488,980,1473,704,1490,714,813,153,823,164,1750,294,1768,305,754,391,767,403
1376,5,1466,971,1486,981,1471,705,1488,715,811,153,821,164,1748,295,1767,307,752,390,766,403
1377,5,1463,972,1482,982,1469,706,1486,716,810,152,820,163,1746,296,1764,308,750,389,764,402
1378,5,1461,973,1481,983,1466,707,1483,717,809,152,819,163,1744,297,1762,309,749,388,763,401
1379,5,1458,974,1477,984,1463,708,1480,718,808,151,818,162,1742,299,1761,311,747,387,761,400
1380,5,1454,976,1474,986,1461,710,1478,720,808,151,818,162,1741,301,1759,313,745,387,759,400
1381,5,1451,977,1470,987,1458,712,1475,722,808,150,818,161,1740,303,1758,315,743,386,757,399
1382,5,1448,979,1468,989,1456,713,1473,723,808,149,818,160,1738,305,1757,317,742,384,756,397
1383,5,1444,980,1464,990,1453,715,1470,725,807,149,817,160,1738,308,1757,320,741,383,755,396
1384,5,1441,982,1461,992,1450,717,1467,727,807,148,817,159,1737,310,1755,322,740,382,754,395
1385,5,1438,983,1457,993,1448,719,1465,729,808,147,818,158,1737,312,1756,324,739,381,753,394
1386,5,1435,985,1455,995,1446,720,1463,730,808,146,818,157,1737,315,1756,327,738,380,752,393
1387,5,1432,987,1452,997,1444,722,1461,732,808,145,818,156,1736,317,1755,329,737,378,751,391
1388,5,1429,988,1449,999,1442,723,1459,733,809,144,819,155,1736,319,1755,331,737,377,751,389
1389,5,1427,990,1447,1001,1441,725,1458,735,810,144,820,155,1736,321,1755,333,736,375,750,388
1390,5,1425,991,1444,1001,1439,727,1456,737,810,143,820,154,1736,323,1755,335,735,374,749,387
1391,5,1422,992,1441,1002,1437,728,1454,738,810,142,820,153,1737,325,1756,337,735,373,749,386
1392,5,1420,994,1440,1004,1436,730,1453,740,811,141,821,152,1737,327,1756,339,734,372,748,385
1393,5,1418,995,1438,1006,1435,731,1452,741,812,141,822,153,1738,329,1757,341,734,371,748,384
1394,5,1417,997,1437,1007,1433,733,1451,743,813,140,823,151,1739,331,1758,343,734,370,748,383
1395,5,1415,998,1435,1009,1433,734,1450,744,813,140,823,151,1740,333,1758,344,734,369,748,382
1396,5,1414,1000,1434,1011,1431,736,1449,747,814,139,824,150,1740,334,1759,346,734,368,748,380
1397,5,1413,1001,1433,1012,1431,737,1449,747,815,139,825,150,1741,336,1760,348,734,368,748,381
1398,5,1412,1003,1432,1014,1430,739,1447,749,816,139,826,150,1742,337,1761,349,734,367,747,379
1399,5,1411,1005,1431,1016,1430,740,1447,750,816,139,826,150,1743,339,1762,351,734,367,747,379
1400,5,1411,1007,1431,1018,1430,742,1448,753,817,139,827,150,1744,340,1763,352,734,366,747,378
1401,5,1411,1009,1431,1020,1429,744,1447,755,818,139,828,150,1745,342,1764,354,734,365,747,377
1402,5,1410,1011,1430,1022,1429,746,1447,757,819,139,829,150,1747,344,1765,356,734,365,747,377
1403,5,1409,1013,1429,1024,1429,747,1448,759,820,139,830,150,1748,345,1767,357,735,365,748,377
1404,5,1409,1014,1429,1025,1429,749,1448,760,821,140,831,151,1749,347,1768,359,735,365,748,377
1405,5,1409,1016,1429,1027,1429,751,1448,762,822,140,832,151,1751,348,1770,360,736,365,750,375
1406,5,1408,1017,1428,1028,1429,752,1447,763,823,140,833,151,1753,350,1772,362,737,365,751,375
1407,5,1408,1018,1429,1029,1429,753,1447,764,823,140,833,151,1754,352,1773,363,737,363,751,373
1408,5,1408,1019,1428,1030,1429,753,1447,764,824,139,834,150,1756,353,1774,364,737,362,751,372
1409,5,1408,1020,1428,1031,1429,754,1447,765,825,138,835,149,1758,353,1777,364,738,360,752,370
1410,5,1407,1020,1427,1031,1429,754,1447,765,825,137,835,148,1760,353,1778,364,738,358,752,368
1411,5,1406,1021,1426,1032,1429,754,1447,765,827,135,837,146,1761,354,1780,365,739,357,753,367
1412,5,1405,1021,1425,1032,1429,755,1447,766,828,134,838,145,1764,355,1782,366,739,355,753,365
1413,5,1404,1022,1424,1033,1429,755,1447,766,829,132,839,143,1766,356,1785,367,740,353,754,363
1414,5,1403,1022,1423,1033,1429,756,1447,767,831,131,841,142,1768,356,1787,368,741,351,755,361
1415,5,1402,1023,1422,1034,1429,756,1447,767,832,129,842,140,1770,357,1788,368,741,349,755,359
1416,5,1401,1023,1421,1034,1429,757,1447,768,833,128,843,139,1772,358,1791,369,742,347,756,357
1417,5,1400,1024,1420,1035,1428,757,1446,768,834,127,844,138,1775,359,1794,371,742,345,756,355
1418,5,1398,1025,1418,1036,1428,759,1445,770,836,125,846,136,1777,360,1796,371,743,343,757,353
1419,5,1397,1026,1417,1037,1427,760,1445,771,837,124,847,135,1778,362,1797,374,744,341,758,351
1420,5,1396,1028,1415,1039,1427,761,1445,772,838,123,848,134,1780,363,1799,375,744,340,758,350
1421,5,1395,1029,1415,1040,1427,762,1445,773,839,123,849,134,1783,365,1802,377,745,339,759,349
1422,5,1393,1031,1413,1042,1426,764,1444,775,841,122,851,133,1784,367,1804,379,746,337,761,347
1423,5,1391,1033,1411,1044,1425,766,1443,777,843,121,853,132,1787,369,1807,381,747,336,762,346
1424,5,1388,1034,1407,1045,1425,767,1443,778,847,120,857,131,1790,372,1809,384,748,334,763,344
1425,5,1385,1036,1405,1047,1424,769,1442,780,849,119,859,130,1793,375,1812,387,749,332,764,343
1426,5,1383,1038,1403,1049,1423,771,1441,782,852,118,862,129,1795,378,1814,390,750,330,765,341
1427,5,1381,1040,1401,1051,1421,773,1439,784,854,117,864,128,1796,380,1816,392,751,328,766,339
1428,5,1379,1041,1399,1052,1421,774,1439,785,855,115,865,126,1798,383,1818,395,752,326,767,337
1429,5,1377,1041,1397,1052,1420,775,1438,786,857,114,867,125,1799,384,1820,397,752,325,767,336
1430,5,1375,1042,1395,1053,1419,775,1437,786,858,112,868,123,1801,385,1821,397,753,322,768,332
1431,5,1373,1042,1393,1053,1418,775,1436,786,859,111,869,122,1803,386,1823,398,753,320,768,330
1432,5,1371,1042,1391,1053,1417,775,1435,786,860,109,870,120,1805,387,1825,399,753,318,768,329
1433,5,1369,1042,1389,1053,1416,775,1434,786,860,107,870,118,1805,388,1825,400,753,315,768,326
1434,5,1368,1042,1388,1053,1415,776,1432,787,861,106,871,117,1806,389,1827,402,753,313,768,324
1435,5,1366,1043,1386,1054,1414,776,1432,787,862,104,872,116,1808,390,1828,402,754,311,769,322
1436,5,1364,1044,1384,1055,1413,777,1431,788,862,103,873,115,1808,391,1828,403,753,310,768,321
1437,5,1363,1044,1383,1055,1412,777,1430,788,863,102,874,114,1809,392,1829,404,753,308,768,319
1438,5,1362,1045,1382,1056,1411,778,1429,789,863,101,874,113,1809,393,1829,405,753,307,768,318
1439,5,1361,1046,1382,1057,1410,779,1428,790,863,101,874,113,1809,393,1829,406,753,307,768,318
1440,5,1360,1047,1380,1058,1410,780,1428,791,863,101,874,113,1809,394,1829,406,752,306,767,317
1441,5,1360,1047,1380,1058,1409,780,1427,791,862,101,873,113,1809,394,1829,406,751,306,766,317
1442,5,1360,1049,1380,1060,1408,781,1426,792,862,101,873,113,1809,395,1829,407,750,306,765,317
1443,5,1359,1050,1379,1061,1407,782,1425,793,860,102,871,114,1808,396,1828,408,750,306,765,317
1444,5,1358,1051,1378,1062,1406,783,1424,794,860,102,871,114,1808,397,1828,409,749,306,764,317
1445,5,1358,1052,1378,1063,1405,784,1423,795,860,102,871,114,1807,398,1827,410,748,306,764,317
1446,5,1357,1053,1377,1064,1405,785,1423,796,859,102,870,114,1807,398,1828,411,747,306,763,317
1447,5,1357,1052,1378,1063,1404,784,1422,795,858,102,869,114,1807,398,1827,411,747,305,762,316
1448,5,1357,1052,1377,1063,1404,784,1422,795,857,101,868,113,1806,397,1827,410,745,304,761,315
1449,5,1357,1052,1377,1063,1404,783,1422,794,856,100,867,112,1806,396,1827,409,744,303,760,314
1450,5,1358,1051,1378,1062,1403,783,1421,794,855,99,866,111,1806,395,1827,408,743,302,759,313
1451,5,1358,1051,1378,1062,1403,783,1421,794,854,99,865,111,1806,394,1826,406,742,302,758,313
1452,5,1359,1051,1380,1062,1403,782,1422,793,853,98,864,110,1806,392,1827,405,742,301,757,312
1453,5,1359,1051,1380,1062,1403,782,1422,793,852,97,863,109,1806,391,1827,404,741,300,756,311
1454,5,1360,1051,1380,1062,1404,782,1422,793,851,97,862,109,1806,390,1827,403,739,299,756,312
1455,5,1361,1052,1381,1063,1404,782,1422,793,850,97,861,109,1807,390,1828,403,739,299,756,312
1456,5,1362,1053,1383,1064,1404,783,1423,794,850,98,861,110,1808,391,1828,403,738,300,755,313
1457,5,1364,1055,1385,1066,1405,784,1423,795,849,99,860,111,1808,390,1829,403,738,301,755,314
1458,5,1365,1057,1386,1068,1405,786,1423,797,849,100,860,112,1808,391,1829,404,738,302,755,315
1459,5,1366,1059,1387,1070,1406,788,1424,799,848,101,859,113,1810,392,1830,404,738,303,755,316
1460,5,1368,1061,1388,1072,1406,790,1425,801,848,103,859,115,1810,393,1831,406,737,304,754,317
1461,5,1368,1063,1388,1074,1407,792,1426,803,848,104,859,116,1811,393,1832,406,737,306,754,319
1462,5,1369,1065,1390,1076,1407,794,1426,805,848,106,859,118,1812,395,1832,407,737,307,754,320
1463,5,1370,1067,1391,1078,1408,795,1427,806,848,107,859,119,1812,396,1833,409,737,308,754,321
1464,5,1370,1069,1391,1081,1408,797,1427,808,848,108,859,120,1814,397,1835,410,738,309,755,322
1465,5,1408,799,1427,810,849,109,860,121,1815,399,1836,412,738,309,756,322,1369,1070,1389,1080
1466,5,1408,801,1427,812,849,110,860,122,1816,400,1837,413,738,310,756,323,1370,1071,1388,1081
1467,4,1408,802,1427,813,849,111,860,123,1817,401,1838,414,738,311,756,324
1468,4,1408,804,1427,815,849,112,860,124,1818,402,1839,415,738,312,755,325
1469,4,1408,806,1427,817,849,113,860,125,1819,404,1840,417,738,312,756,325
1470,4,1408,807,1427,818,849,113,860,125,1820,405,1841,418,738,312,755,325
1471,4,1408,809,1427,820,849,114,860,126,1820,406,1841,419,737,313,755,327
1472,4,1407,810,1425,821,849,114,860,126,1822,407,1843,420,737,313,755,326
1473,4,1408,811,1426,822,850,114,861,126,1822,407,1843,420,737,312,755,325
1474,4,1407,813,1425,824,850,114,861,126,1823,410,1844,423,738,313,756,327
1475,4,1406,814,1425,826,850,115,861,127,1824,411,1845,424,737,313,755,326
1476,4,1406,817,1425,828,851,115,862,127,1825,413,1846,426,738,313,755,326
1477,4,1405,819,1424,830,851,117,862,129,1825,415,1846,428,737,315,754,328
1478,4,1405,821,1424,833,851,118,862,130,1825,416,1847,429,737,316,754,329
1479,4,1405,823,1424,835,850,119,861,131,1825,417,1846,430,737,317,754,330
1480,4,1405,824,1424,836,849,121,860,133,1825,418,1846,431,736,318,753,331
1481,4,1405,826,1423,837,848,122,859,134,1824,418,1845,431,735,319,752,332
1482,4,1405,827,1423,838,847,123,858,135,1824,419,1846,432,734,320,752,333
1483,4,1404,827,1422,838,846,124,857,136,1824,418,1845,431,733,320,751,334
1484,4,1405,828,1423,839,845,124,856,136,1823,418,1845,431,732,321,749,334
1485,4,1404,828,1422,839,843,125,854,137,1822,417,1844,430,730,322,748,335
1486,4,1403,828,1422,840,842,125,853,137,1822,417,1844,430,728,321,746,335
1487,4,1402,828,1420,839,841,124,852,136,1821,416,1842,429,727,321,745,335
1488,4,1400,828,1418,839,840,124,851,136,1821,416,1842,429,726,320,746,334
1489,4,1399,828,1417,839,839,123,850,135,1821,416,1842,429,725,319,745,333
1490,4,1397,828,1415,839,839,122,850,134,1820,416,1841,429,724,318,744,332
1491,4,1396,828,1413,839,838,122,849,134,1819,416,1840,429,723,318,743,332
1492,4,1395,829,1413,840,837,121,848,133,1819,416,1840,429,721,317,741,331
1493,4,1393,829,1411,840,836,121,847,133,1818,417,1839,430,720,317,740,331
1494,4,1393,830,1410,840,835,121,846,133,1817,417,1837,430,719,317,739,331
1495,4,1391,832,1409,843,834,122,845,134,1815,418,1836,431,718,318,738,332
1496,4,1389,834,1407,845,833,122,844,135,1815,420,1836,433,717,318,737,332
1497,4,1387,836,1405,847,833,122,845,135,1815,423,1836,436,716,318,736,332
1498,4,1385,838,1402,849,833,123,845,136,1814,426,1835,439,716,318,736,332
1499,4,1382,840,1400,851,834,123,846,136,1814,429,1835,442,715,318,735,332
1500,4,1379,844,1396,855,834,123,846,136,1814,433,1835,446,715,317,735,331
1501,4,1376,847,1394,858,836,123,848,136,1814,438,1835,451,715,317,735,331
1502,4,1373,850,1391,861,838,123,850,136,1814,443,1835,456,715,316,736,330
1503,4,1369,854,1387,865,839,124,851,137,1815,449,1836,462,715,316,736,330
1504,4,1366,857,1384,868,841,125,853,138,1815,454,1836,467,716,316,736,330
1505,4,1362,861,1380,872,843,125,855,138,1815,460,1836,473,716,315,736,329
1506,4,1359,865,1376,876,845,125,857,138,1815,466,1836,479,718,314,738,328
1507,4,1355,867,1373,878,847,125,859,138,1815,471,1836,484,718,313,738,327
1508,4,1351,869,1369,880,849,124,861,137,1815,476,1836,489,718,312,741,324
1509,4,1347,872,1365,883,851,123,863,136,1815,481,1836,494,718,310,742,322
1510,4,1344,873,1362,884,853,122,865,135,1816,486,1836,499,719,308,742,320
1511,4,1340,875,1358,886,856,120,868,133,1816,489,1836,502,720,306,744,318
1512,4,1336,876,1354,887,858,119,870,132,1817,494,1838,507,720,303,744,315
1513,4,1333,877,1350,888,860,117,872,130,1817,498,1838,511,721,300,745,312
1514,4,1330,878,1347,888,863,115,875,128,1817,501,1839,514,722,297,746,309
1515,4,1327,879,1344,890,864,113,876,126,1819,504,1840,517,723,295,747,307
1516,4,1324,879,1341,890,866,110,880,121,1819,507,1840,520,724,293,748,305
1517,4,1321,879,1339,890,868,108,882,119,1821,509,1842,522,724,289,749,301
1518,4,1320,879,1337,889,870,106,883,117,1822,511,1844,524,725,286,750,298
1519,4,1317,880,1334,891,872,104,885,114,1824,514,1845,527,726,284,750,296
1520,4,1315,881,1332,891,875,102,889,113,1826,517,1847,530,727,282,751,294
1521,4,1314,882,1331,892,877,101,891,112,1829,520,1850,533,729,280,753,292
1522,4,1313,883,1330,894,880,100,894,111,1831,523,1852,536,731,278,755,290
1523,4,1313,885,1329,895,883,99,896,109,1834,526,1855,539,733,277,757,289
1524,4,1312,887,1329,897,885,99,899,110,1837,528,1858,541,735,276,759,288
1525,4,1313,888,1330,898,887,99,901,110,1841,530,1862,543,736,276,760,288
1526,4,1314,890,1331,900,889,100,903,111,1845,531,1866,544,739,276,763,288
1527,4,1316,891,1333,901,890,101,904,112,1848,532,1870,546,739,277,764,289
1528,4,1318,892,1335,902,891,102,905,113,1853,532,1875,545,740,278,765,291
1529,4,1320,892,1337,902,892,103,906,114,1859,531,1880,544,742,279,766,291
1530,4,1323,892,1340,902,893,103,907,114,1864,529,1886,542,743,279,768,292
1531,4,1325,891,1343,902,894,103,908,114,1869,528,1891,542,745,278,770,290
1532,4,1328,891,1345,901,895,102,909,113,1875,526,1897,539,747,277,772,289
1533,4,1331,890,1348,901,896,100,910,111,1881,524,1903,537,749,276,773,288
1534,4,1334,889,1352,900,897,100,911,111,1887,521,1909,535,751,276,775,288
1535,4,1338,888,1355,899,899,99,913,110,1894,518,1916,532,753,275,777,287
1536,4,1341,887,1359,898,899,98,913,109,754,274,778,286,1901,515,1920,530
1537,3,1345,885,1363,896,900,97,914,108,756,273,781,285
1538,3,1349,883,1367,894,902,96,916,107,757,272,782,284
1539,3,1352,882,1370,893,902,94,916,105,761,270,785,282
1540,3,1356,881,1374,892,904,93,918,104,763,269,787,280
1541,3,1358,881,1376,892,906,92,920,103,765,268,789,279
1542,3,1361,881,1379,892,909,90,923,101,768,266,792,277
1543,3,1363,882,1381,893,912,90,926,101,771,265,796,277
1544,3,1365,882,1383,893,915,90,929,101,775,264,799,275
1545,3,1368,884,1386,895,919,89,933,100,779,262,803,275
1546,3,1370,886,1388,897,922,88,936,99,782,261,806,274
1547,3,1371,887,1389,898,926,89,940,100,786,260,809,273
1548,3,1373,889,1391,900,930,88,944,99,789,259,813,272
1549,3,1374,890,1392,901,934,88,948,99,793,258,817,271
1550,3,1375,892,1393,903,937,88,951,99,797,257,821,270
1551,3,1376,894,1394,905,941,87,955,98,800,256,824,269
1552,3,1377,895,1395,906,945,87,959,98,804,254,828,267
1553,3,1377,896,1395,907,949,86,963,97,808,253,832,266
1554,3,1378,897,1395,908,952,85,966,96,810,251,834,264
1555,3,1379,897,1398,908,956,84,970,95,814,249,838,262
1556,3,1380,897,1397,908,958,83,972,94,816,248,840,261
1557,3,1381,897,1399,908,961,82,975,93,819,246,843,259
1558,3,1382,896,1400,907,963,81,977,92,821,244,845,257
1559,3,1384,895,1402,906,964,80,978,91,822,242,846,255
1560,3,1385,894,1403,905,965,78,979,89,823,241,847,254
1561,3,1387,893,1405,904,966,77,980,88,825,239,848,252
1562,3,1388,892,1406,903,967,75,981,86,825,237,849,250
1563,3,1390,891,1409,902,966,74,982,85,826,236,850,249
1564,3,1392,890,1410,901,966,73,982,84,827,234,850,247
1565,3,1394,887,1412,898,966,71,982,82,827,233,851,246
1566,3,1396,885,1414,896,966,69,982,80,828,231,851,244
1567,3,1398,882,1416,893,965,67,981,78,828,229,852,242
1568,3,1402,878,1421,889,964,65,980,76,827,227,851,240
1569,3,1405,875,1424,887,962,64,977,75,825,226,849,239
1570,3,1408,872,1426,883,959,62,974,73,824,224,848,237
1571,3,1411,869,1429,880,956,60,972,71,823,223,847,236
1572,3,1414,867,1433,878,954,60,970,71,822,223,846,236
1573,3,1417,865,1436,876,952,60,968,71,821,223,845,236
1574,3,1419,864,1437,875,951,59,967,70,820,223,844,236
1575,3,1422,863,1441,875,949,59,965,70,819,223,843,236
1576,3,1424,862,1443,874,948,60,963,71,819,224,843,237
1577,3,1427,860,1445,871,945,60,960,71,817,224,841,237
1578,3,1430,859,1449,870,943,61,959,72,815,225,840,238
1579,3,1432,858,1451,870,941,62,956,72,814,226,838,239
1580,3,1435,857,1454,868,937,63,952,74,812,227,836,240
1581,3,1437,856,1456,867,935,64,950,74,810,229,834,242
1582,3,1439,854,1458,866,933,65,948,75,809,230,833,243
1583,3,1441,854,1460,865,929,67,944,77,808,230,832,243
1584,3,1442,853,1461,864,926,66,945,77,807,231,831,244
1585,3,1443,853,1462,865,923,67,942,78,806,232,830,245
1586,3,1444,853,1463,864,924,66,945,79,805,232,829,245
1587,3,1444,853,1463,865,926,67,944,79,805,233,829,246
1588,3,1445,853,1464,865,924,68,943,81,805,233,829,246
1589,3,1445,853,1464,865,925,68,943,80,805,233,829,246
1590,3,1446,854,1465,865,923,69,942,81,805,233,829,246
1591,3,1446,855,1465,866,923,70,942,82,806,234,829,247
1592,3,1446,857,1465,868,924,71,943,83,805,234,830,247
1593,3,1446,859,1465,870,925,72,944,84,806,234,830,247
1594,3,1445,860,1464,871,925,73,944,85,807,235,831,248
1595,3,1445,862,1464,873,928,73,945,86,807,236,831,249
1596,3,1445,863,1464,874,928,73,945,86,808,237,832,250
1597,3,1445,865,1464,876,929,75,946,88,808,237,832,250
1598,3,1445,866,1464,877,930,77,946,89,809,238,833,251
1599,3,1445,867,1464,878,930,78,946,90,809,239,833,252
1600,3,1446,868,1465,879,931,78,947,90,809,239,833,252
1601,3,1446,870,1465,881,931,80,947,92,809,240,834,253
1602,3,1446,871,1465,882,933,81,949,93,811,241,835,254
1603,3,1446,872,1465,883,934,81,950,93,811,241,836,254
1604,3,1446,874,1465,885,935,82,951,94,813,241,837,254
1605,3,1446,875,1465,886,936,82,952,94,814,241,838,254
1606,3,1446,876,1465,887,938,82,954,94,816,241,840,254
1607,3,1446,878,1465,889,941,82,957,94,817,240,841,253
1608,3,1445,881,1464,892,943,82,959,94,819,240,843,253
1609,3,1445,884,1464,895,945,83,961,95,822,241,847,254
1610,3,1444,886,1463,897,948,84,964,96,824,241,849,254
1611,3,1443,889,1462,900,951,84,967,96,827,241,852,254
1612,3,1442,892,1461,903,955,85,971,97,830,241,855,254
1613,3,1440,896,1459,907,959,85,975,97,833,240,858,253
1614,3,1439,900,1458,911,964,86,980,98,837,240,862,253
1615,3,1437,903,1456,914,969,86,985,98,841,240,866,253
1616,3,1436,906,1455,917,973,86,989,98,844,240,869,253
1617,3,1435,910,1454,921,978,87,994,99,848,240,873,253
1618,3,1434,913,1454,924,982,88,998,100,851,239,876,252
1619,3,1434,916,1453,927,987,88,1003,100,855,240,880,252
1620,3,1434,918,1453,929,990,88,1006,100,858,240,883,252
1621,3,1434,919,1453,930,993,88,1009,100,861,239,886,251
1622,3,1435,920,1454,931,996,88,1012,100,863,238,888,250
1623,3,1436,920,1455,931,999,88,1015,100,866,238,891,250
1624,3,1438,920,1457,931,1000,87,1016,99,868,237,893,249
1625,3,1440,920,1459,931,1002,86,1018,98,870,236,895,248
1626,3,1443,919,1462,930,1003,85,1020,98,871,235,896,247
1627,3,1446,919,1465,930,1004,85,1020,97,872,235,897,247
1628,3,1450,918,1469,929,1005,84,1021,96,874,234,899,246
1629,3,1453,917,1472,928,1005,83,1022,95,876,234,901,246
1630,3,1457,916,1476,927,1005,83,1022,95,876,234,900,246
1631,3,1462,914,1481,925,1005,83,1022,95,877,234,901,246
1632,3,1467,913,1486,924,1004,82,1021,94,877,234,902,246
1633,3,1471,911,1491,922,1004,81,1021,93,879,233,903,245
1634,3,1475,910,1495,922,1004,80,1021,93,879,233,904,245
1635,3,1479,908,1499,920,1004,80,1021,93,880,232,905,244
1636,3,1482,907,1502,919,1005,79,1022,92,882,231,906,243
1637,3,1486,906,1506,918,1006,78,1023,91,883,230,907,242
1638,3,1489,905,1508,916,1007,76,1024,89,885,229,909,241
1639,3,1491,903,1511,915,1008,75,1025,88,886,227,910,239
1640,3,1494,901,1514,912,1009,73,1025,85,888,225,912,236
1641,3,1496,899,1516,910,1010,70,1028,83,889,223,913,235
1642,3,1499,896,1519,907,1010,67,1028,80,890,220,914,231
1643,3,1503,892,1523,903,1010,65,1027,78,891,218,915,229
1644,3,1507,888,1527,899,1010,61,1027,74,891,215,915,227
1645,3,1510,884,1530,896,1009,58,1026,71,891,212,915,223
1646,3,1513,880,1533,892,1008,55,1025,68,890,209,914,220
1647,3,1517,876,1537,887,1006,52,1023,65,891,207,914,218
1648,3,1519,874,1539,886,1006,51,1023,64,890,205,914,216
1649,3,1522,872,1542,884,1005,49,1022,62,890,204,913,215
1650,3,1525,872,1545,884,1004,48,1021,60,891,204,914,215
1651,3,1526,872,1546,883,1004,49,1020,61,892,205,915,216
1652,3,1527,872,1547,884,1005,49,1022,61,892,204,915,215
1653,3,1528,873,1548,884,1005,49,1022,62,894,204,917,215
1654,3,1527,873,1548,885,1006,49,1024,62,895,204,917,215
1655,3,1527,874,1548,886,1006,49,1023,62,896,203,919,214
1656,3,1527,876,1547,887,1008,49,1025,62,896,201,922,213
1657,3,1527,877,1547,888,1009,50,1026,63,896,202,922,215
1658,3,1527,878,1546,889,1009,50,1026,63,897,202,922,214
1659,3,1527,878,1547,889,1009,51,1027,64,897,202,922,214
1660,3,1527,879,1546,890,1009,51,1027,64,898,202,923,214
1661,3,1526,879,1545,890,1009,51,1027,64,898,202,923,214
1662,3,1526,877,1545,888,1009,51,1027,64,897,201,923,213
1663,3,1526,876,1546,887,1008,50,1026,63,897,200,922,212
1664,3,1526,874,1545,885,1006,49,1024,62,896,199,921,211
1665,3,1526,872,1545,883,1008,47,1025,58,895,197,920,209
1666,3,1527,869,1547,880,1006,46,1022,57,893,196,918,208
1667,3,1529,866,1549,877,1004,45,1021,56,891,195,917,207
1668,3,1531,863,1551,874,1000,45,1017,56,888,195,914,207
1669,3,1534,860,1554,871,996,45,1013,56,886,195,912,207
1670,3,1536,856,1556,867,992,44,1009,55,883,195,908,207
1671,3,1539,853,1559,864,988,44,1005,55,880,195,905,207
1672,3,1541,851,1561,862,985,44,1002,55,877,196,903,208
1673,3,1543,849,1563,860,980,45,997,56,875,196,901,208
1674,3,1545,847,1564,858,980,46,994,57,873,197,899,209
1675,3,1546,845,1566,856,978,46,992,57,871,197,897,209
1676,3,1547,845,1567,856,976,47,990,58,869,198,896,210
1677,3,1549,843,1569,854,973,48,987,59,869,199,895,211
1678,3,1550,842,1570,853,972,47,986,58,868,199,894,211
1679,3,1552,840,1571,851,966,48,985,59,866,199,892,211
1680,3,1552,838,1572,849,964,48,983,59,865,200,891,212
1681,3,1554,838,1574,849,962,48,979,59,864,200,889,212
1682,3,1554,837,1574,848,961,49,978,60,864,200,890,212
1683,3,1554,837,1574,848,961,49,978,60,863,200,889,212
1684,3,1554,838,1574,849,960,50,977,61,863,201,889,213
1685,3,1554,839,1574,850,961,51,978,62,864,201,890,213
1686,3,1554,841,1574,852,962,52,979,63,865,201,891,213
1687,3,1553,844,1573,855,963,53,979,63,866,202,892,214
1688,3,1552,846,1572,857,965,54,981,64,869,203,894,215
1689,3,1551,849,1571,860,967,55,984,67,870,203,895,215
1690,3,1550,852,1570,863,970,56,987,68,871,204,897,216
1691,3,1550,856,1569,867,972,58,988,70,874,205,899,217
1692,3,1548,859,1568,870,974,59,991,71,876,205,901,217
1693,3,1547,862,1566,873,977,60,994,72,879,206,905,217
1694,3,1546,866,1566,877,980,62,997,74,882,207,908,218
1695,3,1545,869,1565,880,984,63,1001,75,884,207,910,218
1696,3,1544,873,1564,884,987,64,1004,76,887,208,912,219
1697,3,1543,875,1563,886,990,66,1006,78,888,208,915,219
1698,3,1543,877,1563,888,991,66,1008,78,891,209,917,220
1699,3,1543,878,1563,889,993,69,1010,79,892,209,918,220
1700,3,1543,879,1563,890,994,69,1011,79,893,209,919,220
1701,3,1544,879,1564,890,995,69,1012,79,895,209,920,220
1702,3,1545,879,1564,890,996,69,1013,79,895,208,921,219
1703,3,1545,879,1565,890,997,68,1014,78,896,208,922,219
1704,3,1546,880,1565,891,998,68,1015,78,898,207,923,218
1705,3,1547,880,1567,891,1000,68,1017,78,899,206,925,217
1706,3,1548,881,1568,892,1001,68,1018,78,901,206,927,217
1707,3,1550,882,1569,893,1002,68,1019,78,902,206,927,217
1708,3,1551,883,1570,894,1003,69,1020,79,903,206,930,217
1709,3,1552,883,1571,894,1005,69,1022,79,902,206,930,218
1710,3,1552,883,1572,894,1006,69,1023,79,904,206,930,217
1711,3,1554,884,1574,895,1004,69,1024,79,906,206,932,217
1712,3,1555,885,1574,896,1005,69,1025,79,908,206,934,217
1713,3,1555,886,1574,897,1008,69,1028,79,910,206,936,217
1714,3,1555,888,1575,899,1010,69,1030,79,912,206,938,217
1715,3,1556,890,1576,901,1012,69,1033,79,914,206,940,217
1716,3,1556,892,1576,903,1015,70,1036,80,916,206,943,218
1717,3,1556,895,1576,906,1018,71,1038,81,919,206,945,217
1718,3,1556,897,1575,908,1022,72,1042,82,921,206,949,218
1719,3,1557,899,1576,910,1024,72,1044,82,924,208,951,220
1720,3,1557,901,1578,912,1027,73,1047,83,926,208,953,220
1721,3,1559,902,1578,912,1030,73,1050,83,928,208,956,220
1722,3,1560,903,1579,914,1032,74,1052,84,930,208,957,219
1723,3,1562,905,1581,916,1039,74,1053,84,931,209,959,221
1724,3,1562,905,1583,916,1041,75,1055,85,933,209,960,221
1725,3,1563,905,1585,917,1042,75,1056,85,935,209,963,221
1726,3,1567,906,1586,917,1044,75,1058,85,937,209,964,221
1727,3,1569,906,1588,917,1045,74,1059,84,938,209,965,220
1728,3,1570,905,1590,916,1046,73,1060,83,939,208,967,220
1729,3,1572,905,1592,916,1048,73,1062,83,941,207,967,218
1730,3,1574,903,1594,914,1049,71,1063,81,942,206,969,218
1731,3,1576,901,1596,912,1050,70,1064,80,943,205,972,216
1732,3,1579,900,1598,911,1050,68,1064,78,944,204,973,215
1733,3,1581,898,1600,909,1051,67,1065,77,945,203,975,213
1734,3,1583,897,1602,908,1052,66,1066,76,946,202,976,212
1735,3,1585,897,1604,908,1053,64,1067,74,948,201,978,211
1736,3,1587,897,1607,908,1055,63,1070,74,949,200,979,210
1737,3,1589,897,1609,908,1057,63,1071,73,951,199,981,209
1738,3,1591,896,1611,907,1058,62,1072,72,952,199,982,209
1739,3,1594,896,1614,907,1059,62,1073,72,954,198,984,208
1740,3,1596,895,1616,906,1062,61,1076,71,955,197,986,207
1741,3,1599,895,1620,906,1062,60,1076,70,957,197,987,207
1742,3,1601,894,1621,905,1063,60,1077,70,958,197,988,207
1743,3,1604,894,1624,905,1064,60,1078,70,959,196,989,206
1744,3,1607,894,1628,905,1065,59,1079,69,960,196,990,206
1745,3,1610,894,1630,905,1066,59,1080,69,961,196,991,206
1746,3,1613,894,1633,905,1066,59,1080,69,962,196,992,208
1747,3,1616,893,1637,904,1067,59,1081,69,963,196,994,208
1748,3,1618,892,1638,903,1068,59,1082,69,964,196,995,208
1749,3,1621,891,1642,902,1069,59,1083,69,965,196,996,208
1750,3,1624,890,1645,901,1069,58,1083,68,966,196,996,208
1751,3,1627,889,1647,900,1069,58,1083,68,966,196,996,208
1752,3,1630,887,1651,898,1069,56,1084,66,966,195,997,207
1753,3,1633,884,1654,895,1068,56,1082,66,966,194,996,206
1754,3,1636,882,1656,893,1068,54,1082,64,966,193,997,206
1755,3,1639,880,1659,891,1067,53,1081,63,966,191,997,203
1756,3,1641,878,1661,889,1066,52,1080,62,966,191,997,203
1757,3,1643,876,1664,888,1066,51,1080,61,966,189,997,202
1758,3,1647,875,1668,886,1066,49,1080,59,966,189,997,202
1759,3,1649,873,1670,884,1066,49,1080,59,967,189,997,201
1760,3,1653,873,1673,884,1066,48,1080,58,967,188,998,200
1761,3,1655,873,1676,884,1066,49,1080,59,968,189,999,201
1762,3,1658,873,1679,885,1067,49,1082,59,969,189,1000,201
1763,3,1660,875,1680,886,1069,49,1084,60,971,189,1002,201
1764,3,1663,876,1683,887,1071,49,1086,60,973,190,1003,202
1765,3,1664,877,1685,888,1073,49,1088,60,975,190,1006,202
1766,3,1667,878,1688,889,1075,49,1090,60,978,190,1008,202
1767,3,1669,879,1690,890,1077,49,1092,60,980,190,1011,203
1768,3,1672,879,1692,890,1080,49,1095,59,982,190,1012,202
1769,3,1675,878,1696,890,1081,49,1096,60,984,189,1015,201
1770,3,1679,877,1700,889,1083,48,1098,59,986,188,1017,200
1771,3,1683,876,1705,888,1084,47,1099,58,987,188,1018,200
1772,3,1688,876,1709,888,1085,47,1100,57,989,187,1019,199
1773,3,1692,875,1714,887,1087,45,1102,56,991,187,1022,199
1774,3,1697,875,1718,887,1089,45,1103,55,994,185,1024,197
1775,3,1702,875,1723,886,1092,44,1106,54,996,185,1027,197
1776,3,1707,874,1728,886,1095,43,1109,53,999,184,1030,196
1777,3,1713,873,1734,885,1097,42,1111,52,1002,183,1032,195
1778,3,1720,872,1741,884,1098,42,1112,52,1004,182,1034,194
1779,3,1726,871,1748,883,1100,41,1114,51,1007,182,1037,194
1780,3,1734,871,1755,882,1102,40,1116,50,1010,181,1040,193
1781,3,1741,870,1762,882,1105,39,1119,49,1013,180,1043,192
1782,3,1749,870,1771,882,1107,39,1121,49,1015,180,1045,192
1783,3,1756,868,1778,880,1110,38,1124,48,1019,179,1050,191
1784,3,1765,867,1787,879,1112,37,1126,47,1022,178,1053,190
1785,3,1773,865,1795,877,1114,35,1129,46,1025,177,1055,189
1786,3,1781,862,1803,874,1116,33,1130,43,1028,175,1058,187
1787,3,1789,860,1811,874,1118,31,1132,41,1030,173,1061,186
1788,3,1798,858,1820,872,1119,29,1134,39,1033,171,1063,183
1789,3,1807,856,1829,870,1122,26,1136,36,1036,170,1065,181
1790,3,1816,854,1838,868,1124,25,1138,35,1039,168,1069,180
1791,3,1824,852,1846,866,1126,23,1140,33,1042,167,1072,179
1792,3,1833,850,1855,864,1128,21,1142,31,1045,165,1075,177
1793,3,1842,847,1864,861,1128,19,1143,30,1045,163,1078,176
1794,3,1852,845,1874,859,1131,16,1149,27,1053,162,1080,173
1795,3,1861,842,1884,856,1132,15,1150,26,1055,161,1082,172
1796,3,1870,840,1893,854,1134,13,1152,24,1057,159,1085,170
1797,3,1878,838,1901,853,1134,12,1152,24,1058,158,1087,170
1798,3,1887,837,1909,851,1136,11,1154,23,1060,157,1090,169
