0,1,584,805,595,816
1,1,581,803,591,814
2,1,579,801,589,812
3,1,575,799,585,810
4,1,571,797,581,808
5,1,566,794,576,805
6,1,562,792,572,803
7,1,558,792,568,803
8,1,554,792,564,803
9,1,549,793,559,804
10,1,545,794,555,805
11,1,540,794,550,805
12,1,534,794,544,805
13,1,528,793,538,804
14,1,522,793,532,804
15,1,517,794,527,805
16,1,511,793,521,804
17,1,504,790,514,801
18,1,494,787,504,798
19,1,480,773,492,787
20,1,463,758,475,769
21,1,445,733,455,747
22,1,426,706,437,719
23,1,408,680,418,690
24,2,389,651,400,663,562,1047,577,1062
25,2,376,622,386,632,531,1030,542,1041
26,2,361,597,371,609,503,1010,515,1025
27,2,480,995,492,1009,349,571,360,586
28,2,460,981,473,993,339,552,352,566
29,2,445,971,459,985,334,536,345,547
30,2,437,969,451,983,330,526,341,539
31,2,433,973,446,984,331,525,341,535
32,2,435,980,449,991,334,528,344,538
33,2,446,988,458,998,341,533,351,543
34,2,462,993,474,1004,352,539,362,550
35,2,367,544,377,554,484,996,495,1008
36,2,386,548,396,558,506,1000,518,1014
37,2,408,551,418,561,533,1005,543,1017
38,2,431,556,442,566,558,1010,571,1021
39,2,458,562,469,572,585,1017,596,1029
40,2,485,569,496,579,612,1025,624,1037
41,2,513,577,524,587,637,1034,648,1047
42,2,541,585,552,595,661,1045,672,1056
43,2,567,595,577,605,683,1058,693,1068
44,2,592,602,602,612,702,1066,713,1079
45,1,615,609,625,619
46,2,635,615,645,625,283,786,294,796
47,2,651,619,661,629,296,785,307,795
48,2,665,620,675,630,307,780,318,790
49,2,676,618,686,628,314,775,325,785
50,2,684,616,694,626,319,769,330,779
51,2,690,615,700,625,323,765,334,775
52,2,694,616,704,626,324,765,335,775
53,2,695,619,705,629,324,767,335,777
54,2,696,625,706,635,322,773,333,783
55,2,695,633,706,644,320,781,331,791
56,2,692,642,703,653,317,791,328,801
57,2,689,649,700,660,313,799,324,809
58,2,685,655,696,666,309,807,320,817
59,2,682,659,693,670,305,814,316,824
60,2,678,664,689,675,302,824,313,834
61,2,675,668,686,679,299,832,310,842
62,2,672,673,684,685,298,842,309,852
63,2,671,679,682,690,298,852,309,862
64,2,671,683,682,694,300,862,311,872
65,2,672,686,683,697,303,871,314,881
66,2,674,689,685,700,307,878,319,889
67,2,678,690,689,701,312,885,323,895
68,2,683,691,694,702,319,890,330,900
69,2,689,691,700,702,327,895,338,905
70,2,696,691,707,702,334,898,345,908
71,2,704,691,715,702,343,900,354,910
72,2,712,690,723,701,351,901,362,911
73,2,721,690,732,701,359,902,370,912
74,2,730,689,741,700,367,901,378,911
75,2,739,686,750,697,376,898,387,908
76,2,749,683,760,694,384,895,395,905
77,2,757,681,768,692,391,891,402,901
78,2,766,678,777,689,397,886,408,896
79,2,775,675,786,686,403,881,414,891
80,2,783,671,794,682,409,874,420,884
81,2,791,667,802,678,414,867,425,877
82,2,798,664,809,675,419,861,430,871
83,2,805,661,816,672,423,856,434,866
84,2,812,658,824,670,428,851,439,861
85,2,818,657,830,669,433,848,444,858
86,2,824,657,836,669,437,847,448,857
87,2,830,655,841,666,441,844,452,854
88,3,835,653,846,664,445,841,456,851,451,947,464,961
89,3,841,653,852,664,449,841,460,851,454,947,467,961
90,3,846,655,857,666,453,842,464,852,442,947,455,960
91,3,851,656,862,667,458,844,469,854,437,949,450,962
92,3,856,656,867,667,462,844,473,854,433,947,446,960
93,3,861,659,871,669,466,844,477,854,429,947,441,959
94,3,867,654,877,667,470,842,481,852,425,944,438,957
95,3,871,650,882,665,474,839,485,849,420,940,432,952
96,3,876,649,887,663,478,837,489,847,415,938,428,951
97,3,882,650,892,662,482,836,493,846,412,937,423,948
98,3,886,648,897,661,487,837,498,847,408,938,419,949
99,3,891,648,902,660,492,838,503,848,406,939,418,952
100,2,897,650,907,662,497,842,508,852
101,2,903,652,913,665,503,847,514,857
102,2,908,655,918,666,508,852,519,862
103,2,913,658,923,670,513,856,524,866
104,2,917,661,928,673,517,861,528,871
105,2,922,663,933,675,522,866,533,876
106,2,926,666,938,678,526,870,537,880
107,2,931,669,943,681,531,873,542,883
108,2,937,671,948,683,536,878,547,888
109,2,941,673,953,686,541,883,552,893
110,2,949,675,960,686,547,885,558,895
111,2,953,673,964,685,552,885,563,895
112,2,958,673,969,685,557,887,568,897
113,2,965,674,975,687,562,890,573,900
114,2,970,678,980,690,567,895,578,905
115,2,975,683,986,696,571,901,582,911
116,2,981,689,991,700,576,906,587,916
117,2,985,693,996,704,580,909,591,919
118,2,992,694,1002,706,585,912,596,922
119,2,997,697,1007,709,590,915,601,925
120,2,1003,698,1013,712,594,917,605,927
121,2,1007,699,1018,712,598,917,609,927
122,2,1012,699,1023,713,602,917,613,927
123,2,1017,702,1028,716,606,919,617,929
124,2,1021,703,1032,717,608,920,619,930
125,2,1025,704,1036,718,611,920,622,930
126,3,1028,703,1039,717,615,920,626,930,326,1011,339,1023
127,3,1031,704,1042,718,617,922,628,932,321,1012,334,1024
128,3,1034,711,1044,723,617,925,628,935,314,1013,327,1025
129,3,1036,719,1046,731,616,930,627,940,305,1013,318,1025
130,3,1037,725,1047,738,615,932,626,942,300,1014,312,1025
131,3,1039,728,1049,740,616,933,627,943,289,1009,303,1022
132,3,1041,730,1051,743,616,932,627,942,284,1006,298,1019
133,3,1044,731,1054,743,618,933,629,943,278,1006,292,1019
134,3,1046,732,1056,744,620,932,631,942,275,1004,289,1017
135,3,1049,731,1059,743,622,931,633,941,270,1002,284,1015
136,3,1052,730,1062,742,624,930,635,940,266,1000,280,1013
137,3,1053,729,1065,742,627,930,639,943,264,1000,279,1011
138,3,1057,730,1069,743,630,932,642,945,262,1002,277,1013
139,3,1060,731,1072,744,634,934,646,947,259,1003,274,1014
140,3,1064,733,1076,746,637,936,649,949,256,1006,271,1017
141,3,1068,735,1080,748,641,940,653,953,255,1010,270,1021
142,3,1072,739,1084,752,645,944,657,957,253,1014,269,1025
143,3,1076,742,1088,755,649,948,661,961,251,1018,266,1029
144,3,1080,748,1092,761,654,954,666,967,248,1023,263,1034
145,3,1086,755,1097,767,659,963,671,976,248,1030,263,1041
146,3,1091,762,1103,775,666,970,678,983,249,1038,265,1049
147,3,1098,765,1110,778,673,974,685,987,251,1043,266,1054
148,3,1105,765,1117,779,682,977,694,990,255,1049,270,1060
149,3,1115,766,1127,779,694,984,706,997,261,1059,276,1070
150,3,1124,766,1137,780,707,989,719,1002,270,1068,285,1079
151,2,1136,768,1147,780,721,995,732,1005
152,2,1146,767,1158,780,733,1000,744,1010
153,2,1154,770,1165,782,742,1006,753,1016
154,2,1160,776,1171,788,748,1010,759,1020
155,2,1165,781,1176,793,752,1015,763,1025
156,2,1167,783,1178,795,754,1016,765,1026
157,2,1169,784,1180,796,755,1015,766,1025
158,2,1170,784,1181,796,757,1015,768,1025
159,2,1170,783,1181,795,758,1016,769,1026
160,2,1169,783,1180,795,758,1017,769,1027
161,2,1167,783,1178,795,757,1015,768,1025
162,2,1165,781,1176,793,756,1014,767,1024
163,2,1163,778,1174,790,755,1013,766,1023
164,2,1161,779,1171,790,753,1013,764,1023
165,2,1157,782,1167,793,750,1015,761,1025
166,2,1153,786,1163,797,744,1017,755,1027
167,2,1148,794,1158,805,739,1022,750,1032
168,2,1142,801,1152,812,732,1027,744,1037
169,2,1134,809,1147,822,726,1032,738,1042
170,2,1129,819,1140,830,721,1038,733,1050
171,2,1125,826,1136,837,717,1043,729,1055
172,2,1120,832,1132,844,713,1048,725,1060
173,2,1116,838,1127,849,710,1050,722,1062
174,2,1112,839,1125,852,708,1051,720,1063
175,2,1110,841,1121,852,706,1051,718,1063
176,2,1108,843,1119,854,705,1051,717,1063
177,2,1105,843,1115,853,705,1050,717,1062
178,2,1104,840,1114,850,705,1046,717,1058
179,2,1103,840,1113,850,705,1044,717,1056
180,2,1101,840,1113,851,705,1040,717,1052
181,2,1099,840,1111,851,703,1033,715,1045
182,3,1097,839,1109,850,701,1026,713,1038,89,1053,105,1063
183,3,1096,838,1108,849,700,1018,712,1030,83,1035,100,1046
184,3,1096,835,1109,847,701,1010,713,1022,79,1018,98,1030
185,3,1098,832,1110,843,704,1000,716,1012,79,1001,98,1013
186,3,1100,827,1113,839,709,992,721,1004,80,986,97,998
187,3,1106,824,1119,836,716,987,728,999,83,975,100,987
188,3,1111,824,1124,836,724,983,736,995,88,968,105,980
189,3,1118,823,1131,835,735,980,747,992,94,962,111,974
190,3,1125,824,1139,837,745,980,757,992,101,959,118,971
191,3,1133,825,1147,838,758,980,770,992,109,958,126,970
192,3,1144,825,1158,838,771,980,783,992,117,957,135,970
193,3,1153,826,1167,839,784,981,796,993,126,957,143,969
194,3,1162,827,1176,840,797,981,809,993,136,956,153,968
195,3,1171,828,1185,841,811,982,823,994,145,956,162,968
196,3,1182,829,1195,842,823,985,836,998,155,956,172,968
197,3,1192,831,1205,844,836,987,849,1000,164,957,181,969
198,3,1201,835,1218,846,850,987,862,999,173,956,190,968
199,3,1210,838,1227,850,863,989,875,1001,182,955,199,967
200,3,1219,842,1235,853,876,992,888,1004,189,955,206,968
201,3,1227,844,1244,854,197,957,214,971,889,994,900,1008
202,3,1234,848,1251,858,204,957,220,970,900,998,911,1012
203,3,1240,854,1257,864,210,957,226,970,910,1001,921,1015
204,3,1245,859,1262,869,215,958,232,972,920,1006,931,1020
205,3,1251,867,1268,877,221,964,238,978,931,1014,942,1028
206,3,1252,877,1267,887,226,967,243,981,940,1018,951,1032
207,3,1254,883,1269,893,229,968,246,982,947,1022,958,1036
208,3,1254,889,1269,899,229,969,246,983,952,1027,963,1041
209,3,1253,896,1268,906,227,968,244,982,954,1033,965,1047
210,3,1245,906,1262,917,223,967,240,981,954,1039,965,1053
211,3,1237,914,1253,925,217,965,234,979,952,1043,963,1057
212,3,1230,919,1246,930,209,961,226,975,948,1047,959,1061
213,3,1221,925,1234,935,200,958,217,972,943,1051,954,1065
214,3,1209,932,1222,942,192,957,209,971,939,1055,950,1069
215,3,1199,937,1212,947,184,959,201,973,936,1060,947,1074
216,3,1188,939,1201,949,176,961,193,975,933,1061,944,1075
217,3,1178,937,1191,947,170,963,187,977,932,1060,943,1074
218,3,1169,936,1183,946,165,968,182,982,932,1059,943,1073
219,3,1160,934,1174,945,160,973,177,987,932,1059,943,1073
220,3,1151,934,1164,944,156,980,173,994,933,1060,944,1074
221,3,1142,935,1155,945,152,989,169,1003,934,1062,945,1077
222,3,1133,939,1147,950,149,1002,165,1016,937,1068,948,1082
223,2,148,1017,163,1030,1125,945,1141,956
224,2,145,1033,161,1046,1118,953,1135,964
225,2,145,1050,161,1063,1112,961,1128,972
226,2,1109,968,1124,980,145,1065,163,1079
227,1,1103,975,1119,988
228,1,1100,981,1115,994
229,1,1093,991,1107,1003
230,1,1091,994,1108,1009
231,1,1088,998,1106,1014
232,1,1088,1000,1106,1016
233,1,1087,1004,1105,1019
234,1,1086,1006,1104,1021
235,1,1084,1011,1102,1026
236,1,1079,1018,1097,1034
237,1,1073,1029,1090,1044
238,1,1063,1042,1080,1057
239,1,1049,1053,1067,1068
240,1,1034,1060,1052,1076
241,1,1016,1066,1037,1084
247,1,122,1056,138,1068
248,1,116,1050,132,1062
249,1,110,1045,126,1057
250,1,105,1042,121,1054
251,1,100,1042,116,1054
252,1,96,1043,112,1055
253,1,92,1044,108,1056
254,1,86,1044,102,1056
255,1,82,1044,98,1056
256,1,78,1043,94,1055
257,1,75,1043,91,1055
258,1,73,1043,89,1055
259,1,72,1044,88,1056
260,1,71,1043,87,1055
261,1,70,1040,86,1052
262,1,70,1039,86,1051
263,1,71,1039,87,1051
264,1,72,1038,88,1050
265,1,74,1034,90,1046
266,1,75,1027,91,1039
267,1,75,1018,91,1030
268,1,76,1011,92,1023
269,1,78,1008,94,1020
270,1,84,1008,100,1020
271,1,92,1011,108,1023
272,1,101,1014,117,1026
273,1,110,1015,127,1028
274,1,121,1017,137,1029
275,1,132,1019,148,1031
276,1,143,1020,160,1032
277,1,156,1022,172,1034
278,1,169,1025,186,1038
279,1,182,1025,198,1037
280,1,195,1026,212,1038
281,1,206,1025,222,1037
282,1,218,1028,234,1040
283,1,228,1033,244,1045
284,1,236,1037,252,1049
285,1,242,1040,258,1052
286,1,244,1041,260,1053
287,1,244,1038,260,1050
288,1,243,1033,259,1045
289,1,242,1027,258,1039
290,1,239,1021,255,1033
291,1,234,1017,250,1029
292,1,227,1017,243,1029
293,1,220,1017,236,1029
294,1,212,1015,228,1027
295,1,204,1015,220,1027
296,1,196,1019,212,1031
297,1,188,1022,204,1034
298,1,181,1027,197,1039
299,1,175,1033,191,1045
300,1,171,1040,187,1052
301,1,168,1045,184,1057
302,1,166,1051,182,1063
303,1,166,1058,182,1070
304,1,168,1064,184,1076
305,1,170,1067,186,1079
306,1,171,1070,187,1082
307,1,173,1072,190,1085
308,1,176,1073,192,1085
309,1,176,1073,192,1085
338,1,225,1065,239,1076
339,1,217,1061,231,1072
340,1,208,1058,222,1069
341,1,200,1051,214,1062
342,1,193,1046,207,1057
343,1,187,1042,201,1053
344,1,184,1040,198,1051
345,1,181,1040,195,1051
346,1,180,1042,194,1053
347,1,181,1044,195,1055
348,1,182,1048,196,1059
349,1,185,1052,199,1064
350,1,189,1058,203,1069
351,1,194,1062,208,1073
352,1,200,1064,215,1075
353,1,208,1066,222,1077
354,1,217,1065,231,1076
355,1,226,1065,241,1077
356,1,234,1062,249,1074
357,1,242,1057,257,1069
358,1,249,1051,264,1063
359,1,255,1046,270,1059
360,1,259,1040,274,1053
361,1,262,1034,278,1048
362,1,266,1029,281,1042
363,1,269,1023,284,1036
364,1,270,1016,285,1031
365,1,272,1011,286,1024
366,1,272,1003,286,1016
367,1,272,995,286,1008
368,1,270,986,284,999
369,1,269,976,283,989
370,1,267,967,281,980
371,1,265,960,279,973
372,1,263,953,277,966
373,1,261,948,275,961
374,1,260,943,274,956
375,1,258,937,272,950
376,1,258,931,271,943
377,1,257,925,270,937
378,1,257,921,271,934
379,1,259,922,273,935
380,1,263,926,277,939
381,1,267,931,280,943
382,1,270,935,283,947
383,1,272,935,287,949
384,1,273,936,288,950
385,1,273,933,288,947
386,1,274,927,289,941
387,1,273,921,288,935
388,1,273,916,289,930
389,1,274,913,289,927
390,1,275,915,291,930
391,1,276,921,292,936
392,1,277,926,293,941
393,1,277,931,293,946
394,1,279,939,295,954
395,1,282,946,298,961
396,1,286,950,302,965
397,1,291,952,307,967
398,1,296,955,312,970
399,1,302,958,318,973
400,1,308,961,324,976
401,1,315,962,331,977
402,1,323,962,339,977
403,1,331,962,347,977
404,1,338,960,354,975
405,1,345,958,361,973
406,1,352,956,368,971
407,1,359,952,375,967
408,1,367,945,383,960
409,1,374,940,390,955
410,1,381,935,397,950
411,1,390,933,406,948
412,1,398,933,414,948
413,1,408,933,425,948
414,1,418,937,435,952
415,1,427,945,443,960
416,1,436,946,453,961
417,1,447,947,463,962
418,1,459,946,476,961
419,1,471,946,488,961
420,1,484,946,501,962
421,1,496,951,512,966
422,1,510,959,527,974
423,1,526,972,539,988
424,1,540,984,552,1002
425,1,551,996,565,1016
426,1,562,1013,576,1029
427,1,574,1030,587,1048
428,1,585,1049,599,1068
429,1,596,1067,611,1081
436,1,17,750,35,774
437,1,30,763,49,788
438,1,44,779,63,804
439,1,59,795,78,821
440,1,75,810,94,836
441,1,91,827,110,853
442,1,109,846,127,870
443,1,125,861,144,887
444,1,141,877,160,903
445,1,158,894,177,920
446,1,176,910,194,935
447,1,191,921,211,947
448,1,207,933,225,957
449,1,220,936,240,962
450,1,233,937,251,961
451,1,245,936,263,960
452,1,256,935,274,960
453,1,269,937,287,961
454,1,280,942,300,967
455,1,294,950,314,975
456,1,308,963,328,988
457,1,324,982,344,1008
458,1,342,1003,362,1028
459,1,361,1023,383,1048
460,1,382,1042,404,1067
461,1,404,1061,426,1080
503,1,1825,1065,1847,1080
504,1,1827,1059,1847,1076
505,1,1828,1054,1848,1068
506,1,1831,1043,1851,1060
507,1,1834,1038,1854,1055
508,1,1836,1035,1856,1050
509,1,1840,1029,1861,1046
510,1,1846,1024,1867,1041
511,1,1851,1022,1872,1039
512,1,1856,1022,1877,1040
513,1,1861,1022,1881,1039
514,1,1868,1021,1889,1039
515,1,1874,1021,1895,1039
516,1,1879,1026,1900,1044
517,1,1884,1033,1905,1051
518,1,1887,1041,1908,1059
519,1,1889,1050,1910,1068
520,1,1890,1060,1911,1078
521,1,1890,1069,1911,1087
914,1,1898,929,1918,951
915,1,1885,938,1919,957
916,1,1878,945,1916,962
917,1,1868,948,1906,965
918,1,1859,949,1897,966
919,1,1850,952,1888,969
920,1,1842,956,1880,973
921,1,1834,961,1872,978
922,1,1827,967,1865,984
923,1,1821,973,1859,990
924,1,1815,980,1853,997
925,1,1810,988,1848,1005
926,1,1805,996,1843,1013
927,1,1800,1005,1838,1022
928,1,1795,1015,1833,1032
929,1,1790,1022,1828,1039
930,1,1785,1028,1823,1045
931,1,1781,1033,1819,1050
932,1,1777,1036,1815,1053
933,1,1773,1038,1811,1055
934,1,1769,1039,1807,1056
935,1,1767,1040,1805,1057
