0,1,892,264,905,274
1,1,888,268,903,279
2,1,885,272,900,282
3,1,883,273,898,283
4,1,878,273,894,284
5,1,873,274,889,285
6,1,867,274,885,284
7,1,862,273,880,283
8,1,856,271,874,281
9,1,853,269,871,279
10,1,849,267,867,277
11,1,845,265,863,275
12,1,843,261,861,271
13,1,840,260,858,270
14,1,840,259,853,269
15,1,838,261,851,271
16,1,835,264,848,274
17,1,832,266,845,276
18,1,830,267,843,277
19,1,829,267,842,277
20,1,827,267,840,277
21,1,828,267,841,277
22,1,827,267,840,277
23,1,829,266,842,276
24,1,829,265,842,275
25,1,832,265,845,275
26,1,834,265,847,275
27,1,836,265,849,275
28,1,839,265,852,275
29,1,843,265,856,275
30,1,846,263,859,273
31,1,849,261,862,271
32,1,853,260,866,270
33,1,855,258,868,268
34,1,858,255,871,265
35,1,861,251,874,261
36,1,865,248,878,258
37,1,868,248,881,258
38,1,870,248,883,258
39,1,872,250,885,260
40,1,873,252,886,262
105,1,975,258,991,268
106,1,975,258,991,268
107,1,976,257,992,267
108,1,979,256,995,266
109,1,979,256,995,266
110,1,981,255,995,265
111,1,983,255,997,265
112,1,986,253,1000,263
113,1,988,250,1002,260
114,1,991,248,1005,258
115,1,992,245,1007,255
116,1,992,244,1009,254
117,1,994,243,1011,253
118,1,994,242,1011,252
119,1,994,241,1011,251
120,1,993,238,1010,248
121,1,994,237,1011,247
122,1,996,234,1011,244
123,1,996,232,1011,242
124,1,999,229,1012,239
125,1,1000,228,1013,238
126,1,1002,227,1016,237
127,1,1004,226,1018,236
128,1,1007,226,1022,236
129,1,1009,226,1024,236
130,1,1011,226,1025,236
131,1,1014,225,1028,235
132,1,1017,222,1031,232
133,1,1022,220,1036,230
134,1,1026,218,1040,228
135,1,1030,216,1045,227
136,1,1034,216,1048,226
137,1,1037,215,1052,226
138,1,1041,213,1057,224
139,1,1043,212,1059,223
140,1,1045,211,1061,222
141,1,1046,212,1062,223
142,1,1049,212,1064,223
143,1,1050,212,1065,223
144,1,1053,211,1068,222
145,1,1054,210,1069,221
146,1,1056,208,1071,219
147,1,1055,206,1070,217
148,1,1054,205,1069,216
149,1,1053,203,1068,214
150,1,1052,202,1066,212
151,1,1050,200,1065,211
152,1,1048,197,1063,208
153,1,1048,194,1063,204
154,1,1047,191,1063,201
155,1,1048,189,1063,199
156,1,1048,187,1064,197
157,1,1048,187,1064,197
158,1,1051,187,1065,197
159,1,1052,188,1066,198
160,1,1053,189,1067,199
161,1,1054,189,1068,199
162,1,1053,189,1068,199
163,1,1053,188,1068,198
164,1,1053,187,1067,197
165,1,1053,185,1067,195
166,1,1053,183,1067,193
167,1,1052,181,1066,191
168,1,1052,179,1067,190
169,1,1052,178,1067,189
170,1,1053,177,1068,188
171,1,1053,176,1068,187
172,1,1055,176,1071,187
173,1,1057,176,1073,187
174,1,1059,174,1075,185
175,1,1063,173,1078,183
176,1,1065,171,1080,181
177,1,1068,169,1083,179
178,1,1070,167,1086,178
179,1,1072,166,1088,176
180,1,1075,165,1091,176
181,1,1076,165,1093,176
182,1,1078,164,1095,175
183,1,1080,164,1097,175
184,1,1085,164,1100,174
185,1,1087,164,1103,174
186,1,1090,163,1105,173
187,1,1094,161,1109,171
188,1,1096,159,1112,169
189,1,1099,156,1114,166
190,1,1101,153,1116,163
191,1,1102,150,1117,160
192,1,1101,146,1116,156
193,1,1101,144,1114,154
194,1,1100,142,1113,152
195,1,1099,141,1112,151
196,1,1100,141,1113,151
197,1,1101,141,1114,151
198,1,1100,140,1113,150
199,1,1101,140,1114,150
200,1,1100,141,1113,151
201,1,1100,141,1113,151
202,1,1099,142,1112,152
203,1,1097,143,1111,154
204,1,1094,145,1108,156
205,1,1092,146,1106,157
206,1,1088,146,1102,157
207,1,1083,146,1097,157
208,1,1078,147,1092,157
209,1,1072,148,1086,159
210,1,1066,150,1080,161
211,1,1061,152,1075,163
212,1,1060,154,1071,164
213,1,1056,154,1067,164
214,1,1054,152,1067,163
215,1,1051,152,1064,163
216,1,1050,153,1063,164
217,1,1050,155,1063,166
218,1,1052,158,1065,169
219,1,1054,161,1067,172
220,1,1057,164,1070,175
221,1,1059,167,1072,178
222,1,1062,169,1075,180
223,1,1063,169,1077,180
224,1,1065,169,1078,180
225,1,1068,168,1081,179
226,1,1070,166,1083,177
227,1,1075,165,1088,176
228,1,1081,165,1094,176
229,1,1086,165,1099,176
230,1,1094,166,1107,177
231,1,1101,168,1114,179
232,1,1107,170,1120,181
233,1,1113,171,1126,182
234,1,1118,172,1131,183
235,1,1121,172,1134,183
236,1,1124,170,1137,181
237,1,1126,168,1139,179
238,1,1127,166,1141,177
239,1,1130,164,1142,174
240,1,1130,162,1142,173
241,1,1130,161,1142,171
242,1,1129,159,1142,170
243,1,1127,158,1140,169
244,1,1125,157,1138,168
245,1,1122,155,1136,167
246,1,1119,154,1133,166
247,1,1116,153,1130,165
248,1,1113,153,1128,165
249,1,1109,154,1124,167
250,1,1105,156,1120,169
251,1,1104,159,1117,169
252,1,1100,161,1113,171
253,1,1096,162,1109,172
254,1,1092,164,1105,174
255,1,1090,165,1103,175
256,1,1087,167,1100,177
257,1,1084,168,1097,178
258,1,1082,169,1095,179
259,1,1079,170,1092,180
260,1,1078,171,1091,181
261,1,1076,172,1089,182
262,1,1076,172,1089,182
263,1,1076,173,1089,183
264,1,1077,175,1090,185
265,1,1078,176,1091,186
266,1,1079,177,1092,187
267,1,1082,178,1095,188
268,1,1086,181,1099,191
269,1,1089,183,1102,193
270,1,1091,185,1105,196
271,1,1093,188,1107,199
272,1,1094,190,1108,201
273,1,1096,191,1110,202
274,1,1097,192,1111,203
275,1,1099,192,1114,203
276,1,1101,191,1115,202
277,1,1100,191,1113,201
326,1,1211,142,1228,152
327,1,1211,142,1228,152
328,1,1209,141,1226,151
329,1,1206,141,1223,151
330,1,1206,140,1223,150
331,1,1205,138,1222,148
332,1,1207,135,1218,145
333,1,1202,130,1218,140
334,1,1202,125,1219,135
335,1,1201,120,1218,130
336,1,1204,116,1221,126
337,1,1206,113,1224,124
338,1,1210,108,1229,119
339,1,1216,106,1232,117
340,1,1221,105,1236,115
341,1,1225,104,1241,115
342,1,1231,105,1246,115
343,1,1234,106,1249,116
344,1,1237,107,1252,118
345,1,1241,108,1256,118
346,1,1243,110,1258,120
347,1,1246,109,1262,120
348,1,1249,109,1265,120
349,1,1251,110,1266,121
350,1,1254,110,1270,121
351,1,1256,111,1272,122
352,1,1259,112,1275,123
353,1,1261,113,1276,123
354,1,1262,112,1279,122
355,1,1262,112,1279,122
356,1,1262,110,1279,120
357,1,1261,109,1278,119
358,1,1258,108,1275,118
359,1,1255,105,1274,116
360,1,1254,104,1269,114
361,1,1250,102,1265,112
362,1,1247,101,1262,111
363,1,1244,100,1259,110
364,1,1242,101,1257,111
365,1,1240,103,1256,113
366,1,1237,105,1252,115
367,1,1235,107,1251,117
368,1,1234,109,1249,119
369,1,1233,110,1248,120
370,1,1234,109,1249,119
371,1,1236,108,1251,118
372,1,1239,107,1254,117
373,1,1241,107,1256,117
374,1,1243,107,1258,117
375,1,1244,108,1259,118
376,1,1244,108,1259,118
377,1,1244,107,1260,118
378,1,1248,107,1262,117
379,1,1254,107,1266,117
390,1,1283,107,1299,117
391,1,1282,106,1298,116
392,1,1281,103,1295,116
393,1,1281,102,1294,114
394,1,1281,101,1298,112
395,1,1285,99,1300,110
396,1,1286,100,1301,110
397,1,1287,100,1302,110
398,1,1287,101,1303,111
399,1,1288,100,1303,111
400,1,1287,100,1302,111
401,1,1285,99,1302,111
402,1,1282,99,1299,112
403,1,1280,98,1297,110
404,1,1277,97,1294,110
405,1,1274,96,1291,109
406,1,1273,95,1287,106
407,1,1271,94,1285,105
408,1,1267,94,1281,105
409,1,1265,93,1280,105
410,1,1263,94,1278,106
411,1,1262,95,1277,107
412,1,1262,95,1277,107
413,1,1263,95,1278,106
414,1,1262,96,1277,108
415,1,1260,96,1275,108
416,1,1258,96,1273,108
417,1,1256,95,1271,107
418,1,1253,95,1267,106
419,1,1250,95,1264,106
420,1,1247,94,1262,105
421,1,1244,95,1258,106
422,1,1239,94,1253,105
423,1,1239,95,1250,105
424,1,1235,96,1248,106
425,1,1231,96,1244,106
426,1,1228,97,1241,107
427,1,1227,97,1240,107
428,1,1227,96,1240,106
429,1,1228,97,1241,107
430,1,1228,99,1241,109
431,1,1229,100,1242,110
432,1,1230,102,1243,112
433,1,1230,104,1244,115
434,1,1232,106,1245,116
435,1,1236,106,1248,118
436,1,1237,109,1248,120
437,1,1238,111,1250,123
438,1,1239,115,1250,125
439,1,1240,117,1251,127
440,1,1241,120,1252,130
441,1,1240,121,1252,132
442,1,1240,122,1251,132
443,1,1240,123,1252,134
444,1,1240,124,1252,135
445,1,1240,124,1252,135
446,1,1240,124,1252,135
447,1,1240,124,1252,135
448,1,1239,124,1251,135
449,1,1238,124,1250,135
450,1,1237,126,1249,137
451,1,1236,127,1247,137
452,1,1234,127,1246,137
453,1,1232,127,1244,138
454,1,1230,127,1241,137
455,1,1227,125,1238,135
456,1,1225,124,1236,134
457,1,1224,125,1235,135
458,1,1223,127,1234,137
459,1,1223,129,1235,139
460,1,1222,131,1234,142
461,1,1221,133,1233,144
462,1,1221,134,1233,145
463,1,1221,135,1233,146
464,1,1221,136,1233,147
465,1,1221,137,1233,148
466,1,1223,138,1234,148
467,1,1225,140,1236,150
468,1,1227,141,1239,152
469,1,1229,141,1241,152
470,1,1228,141,1240,152
471,1,1226,141,1238,152
472,1,1225,141,1236,151
473,1,1223,141,1234,151
474,1,1221,140,1232,150
475,1,1217,139,1229,150
476,1,1212,140,1223,150
477,1,1208,140,1219,150
478,1,1204,140,1215,150
479,1,1200,140,1211,150
480,1,1195,139,1206,149
481,1,1190,139,1201,149
482,1,1185,139,1196,149
483,1,1180,141,1191,151
484,1,1176,143,1187,153
485,1,1171,145,1183,156
486,1,1166,148,1178,159
487,1,1162,151,1174,162
488,1,1158,154,1170,165
489,1,1155,157,1167,168
490,1,1152,160,1163,170
491,1,1150,162,1162,173
492,1,1148,164,1159,174
493,1,1146,167,1157,177
494,1,1144,169,1155,179
495,1,1143,170,1154,180
496,1,1142,171,1154,182
497,1,1142,171,1154,182
498,1,1142,172,1154,183
499,1,1142,174,1154,185
500,1,1143,175,1155,186
501,1,1144,178,1156,189
502,1,1145,181,1157,192
503,1,1146,182,1159,194
504,1,1148,184,1161,196
505,1,1149,186,1162,198
506,1,1150,187,1164,200
507,1,1151,189,1165,202
508,1,1153,189,1168,203
509,1,1156,193,1171,206
510,1,1159,196,1173,209
511,1,1160,200,1173,210
512,1,1158,200,1171,210
513,1,1156,198,1169,208
514,1,1155,198,1168,208
515,1,1156,198,1169,208
516,1,1157,199,1170,209
517,1,1157,200,1170,210
518,1,1155,202,1168,212
519,1,1152,204,1165,214
520,1,1147,203,1160,213
521,1,1141,203,1154,213
522,1,1135,200,1146,210
523,1,1128,201,1139,211
524,1,1119,204,1130,214
525,1,1108,205,1119,215
526,1,1094,205,1105,215
527,1,1080,208,1091,218
528,1,1072,212,1083,222
529,1,1068,214,1079,224
530,1,1068,217,1079,227
531,1,1069,222,1080,232
532,1,1071,230,1082,240
533,1,1074,240,1085,250
534,1,1075,247,1086,257
535,1,1074,248,1085,258
536,1,1069,247,1080,257
537,1,1064,245,1075,255
538,1,1060,242,1071,252
539,1,1059,239,1070,249
540,1,1061,237,1072,247
541,1,1065,238,1076,248
542,1,1069,241,1080,251
543,1,1073,244,1084,254
544,1,1078,248,1089,258
545,1,1082,252,1093,262
546,1,1084,254,1095,264
547,1,1083,255,1094,265
548,1,1079,254,1090,264
549,1,1077,251,1088,261
550,1,1079,246,1090,256
551,1,1084,240,1098,250
552,1,1088,236,1100,246
553,1,1090,232,1102,242
554,1,1090,228,1102,238
555,1,1091,227,1103,237
556,1,1092,226,1104,236
557,1,1092,226,1104,236
558,1,1093,227,1105,237
559,1,1096,230,1106,240
560,1,1095,236,1105,246
561,1,1093,243,1103,253
562,1,1091,250,1101,260
563,1,1088,254,1098,264
564,1,1086,258,1096,268
565,1,1083,258,1093,268
566,1,1079,256,1089,266
567,1,1072,254,1086,264
568,1,1067,254,1081,264
569,1,1063,254,1077,264
570,1,1060,254,1074,264
571,1,1055,254,1069,264
572,1,1053,255,1067,265
573,1,1050,257,1064,267
574,1,1049,258,1063,268
575,1,1047,259,1062,269
576,1,1045,260,1059,270
577,1,1043,262,1057,272
578,1,1040,264,1054,274
579,1,1038,265,1052,276
580,1,1037,268,1051,279
581,1,1035,270,1049,281
582,1,1034,271,1048,282
583,1,1033,273,1047,284
584,1,1031,274,1045,285
585,1,1031,273,1045,284
586,1,1030,273,1044,284
587,1,1028,271,1043,283
588,1,1026,269,1042,281
589,1,1024,267,1040,279
590,1,1024,265,1039,277
591,1,1023,265,1038,275
592,1,1023,264,1038,274
593,1,1025,264,1040,274
594,1,1027,267,1042,277
595,1,1029,270,1045,280
596,1,1032,273,1048,283
597,1,1035,275,1051,286
598,1,1037,277,1050,287
599,1,1039,277,1052,287
600,1,1039,277,1052,287
601,1,1039,276,1052,286
602,1,1041,275,1054,285
603,1,1043,273,1057,284
604,1,1045,272,1058,282
605,1,1047,273,1060,283
606,1,1049,276,1062,286
607,1,1051,277,1064,287
608,1,1052,277,1065,287
609,1,1052,277,1065,287
610,1,1053,277,1066,287
611,1,1054,278,1067,288
612,1,1055,280,1068,290
613,1,1057,282,1071,293
614,1,1058,284,1072,295
615,1,1059,286,1073,297
616,1,1060,286,1072,296
617,1,1061,285,1073,295
618,1,1062,284,1074,294
619,1,1063,282,1075,292
620,1,1063,280,1075,290
621,1,1062,279,1074,289
622,1,1060,279,1072,289
623,1,1057,278,1069,288
624,1,1053,278,1065,288
625,1,1049,278,1061,288
626,1,1044,278,1056,288
627,1,1039,278,1051,288
628,1,1033,277,1045,287
629,1,1027,276,1039,286
630,1,1021,275,1033,285
631,1,1013,274,1027,284
632,1,1008,272,1022,282
633,1,1004,270,1018,280
634,1,1000,269,1014,279
635,1,997,269,1011,279
636,1,992,267,1006,277
637,1,988,265,1002,275
638,1,984,265,998,275
639,1,980,264,994,274
640,1,978,263,992,273
641,1,974,263,988,273
642,1,972,264,986,274
643,1,972,264,986,274
644,1,973,262,983,272
645,1,974,259,984,269
646,1,975,256,985,266
647,1,976,253,986,263
648,1,979,252,989,262
649,1,983,252,993,262
650,1,988,255,998,265
651,1,993,258,1003,268
652,1,999,261,1009,271
653,1,1005,264,1015,274
654,1,1011,266,1021,276
655,1,1016,266,1026,276
656,1,1022,266,1032,276
657,1,1028,263,1038,273
701,1,1161,293,1171,303
702,1,1160,290,1170,300
703,1,1162,289,1172,299
704,1,1165,286,1176,296
705,1,1169,282,1182,292
706,1,1174,277,1187,287
710,1,1192,256,1204,266
718,1,1239,216,1254,226
736,1,1260,180,1272,190
737,1,1249,178,1263,188
738,1,1238,177,1256,187
739,1,1232,175,1245,185
740,1,1217,174,1231,184
741,1,1219,170,1233,180
742,1,1211,167,1226,177
743,1,1206,166,1217,176
744,1,1196,164,1209,174
745,1,1188,163,1201,173
746,1,1182,161,1193,171
747,1,1169,159,1183,170
748,1,1164,158,1174,168
749,1,1154,157,1166,167
750,1,1149,154,1162,164
751,1,1146,154,1158,164
752,1,1144,153,1157,163
753,1,1145,153,1159,163
754,1,1148,155,1162,165
755,1,1152,159,1164,169
756,1,1156,161,1168,171
757,1,1159,163,1172,173
786,1,1247,111,1261,121
787,1,1249,110,1263,120
788,1,1250,110,1264,120
789,1,1250,109,1264,119
790,1,1247,107,1261,117
791,1,1243,105,1257,115
792,1,1239,101,1252,111
793,1,1234,99,1247,109
794,1,1231,98,1244,108
795,1,1229,97,1242,107
796,1,1228,97,1241,107
797,1,1227,97,1240,107
798,1,1227,96,1240,106
799,1,1227,95,1240,105
800,1,1232,92,1242,102
801,1,1237,91,1248,103
802,1,1244,92,1256,102
803,1,1252,93,1263,103
804,1,1257,92,1268,103
805,1,1263,89,1274,99
811,1,1271,64,1286,74
812,1,1273,67,1286,78
813,1,1273,71,1287,81
814,1,1275,75,1289,85
815,1,1279,77,1293,87
816,1,1279,77,1293,87
817,1,1282,77,1293,87
818,1,1280,78,1292,90
819,1,1277,78,1288,90
820,1,1268,77,1279,89
821,1,1256,75,1268,85
822,1,1243,73,1255,83
823,1,1231,72,1244,82
824,1,1220,73,1232,83
825,1,1212,74,1222,84
826,1,1204,76,1215,87
827,1,1198,79,1208,89
828,1,1192,81,1203,92
829,1,1186,84,1198,96
830,1,1184,87,1194,97
831,1,1183,89,1193,100
832,1,1183,94,1193,104
833,1,1182,101,1192,111
834,1,1182,105,1192,115
835,1,1180,105,1191,117
836,1,1177,104,1188,117
837,1,1177,104,1187,115
838,1,1174,104,1184,114
839,1,1173,105,1183,118
840,1,1174,106,1186,116
841,1,1175,108,1187,118
842,1,1176,110,1188,120
843,1,1180,113,1190,124
844,1,1181,117,1191,129
845,1,1182,121,1193,133
846,1,1183,127,1195,137
847,1,1185,131,1196,141
848,1,1185,134,1199,144
849,1,1185,135,1198,145
850,1,1179,137,1192,147
880,1,1056,197,1068,207
881,1,1055,197,1066,207
882,1,1057,196,1068,206
883,1,1058,195,1069,205
884,1,1057,194,1071,204
885,1,1059,194,1073,204
886,1,1065,194,1075,204
887,1,1068,196,1078,206
888,1,1068,196,1080,206
889,1,1072,195,1082,205
909,1,1058,149,1071,159
910,1,1057,148,1067,158
911,1,1054,148,1064,158
912,1,1050,150,1061,160
925,1,1013,170,1025,180
926,1,1012,170,1024,180
927,1,1011,170,1023,180
928,1,1010,171,1022,181
929,1,1009,172,1022,182
930,1,1008,174,1020,184
931,1,1007,175,1019,185
932,1,1009,174,1020,184
933,1,1008,176,1020,186
934,1,1007,179,1019,189
935,1,1008,181,1019,191
936,1,1007,182,1018,192
937,1,1007,183,1018,193
938,1,1007,183,1019,193
939,1,1007,183,1019,193
940,1,1007,182,1019,192
941,1,1008,179,1019,189
942,1,1008,177,1019,187
943,1,1009,174,1019,184
944,1,1008,175,1018,185
945,1,1007,176,1017,186
946,1,1007,177,1017,187
947,1,1006,178,1016,188
948,1,1004,179,1016,189
949,1,1003,181,1014,191
950,1,1004,180,1014,190
951,1,1003,179,1013,189
952,1,1004,178,1014,188
953,1,1004,178,1015,189
954,1,1004,179,1015,190
955,1,1007,178,1017,188
956,1,1007,178,1017,188
957,1,1009,177,1019,187
958,1,1012,175,1022,185
959,1,1017,175,1027,185
960,1,1022,176,1032,186
961,1,1026,175,1037,186
962,1,1031,174,1043,185
963,1,1035,172,1048,182
964,1,1039,170,1052,180
965,1,1041,170,1054,180
966,1,1042,170,1056,181
967,1,1047,168,1058,178
968,1,1046,166,1057,176
969,1,1043,163,1055,173
970,1,1039,160,1051,170
971,1,1036,157,1047,167
972,1,1030,154,1041,164
973,1,1025,154,1036,164
974,1,1020,154,1030,164
975,1,1015,153,1025,163
976,1,1010,152,1021,162
977,1,1006,152,1016,162
978,1,1000,155,1012,165
979,1,992,157,1006,167
980,1,986,162,999,172
981,1,979,165,993,176
982,1,973,171,986,182
983,1,966,176,979,187
984,1,961,180,974,191
985,1,954,184,966,194
986,1,948,187,960,197
987,1,942,192,954,202
988,1,938,195,950,205
989,1,935,197,947,207
990,1,929,201,942,211
991,1,933,202,943,212
992,1,932,206,943,216
993,1,932,210,944,220
994,1,934,215,946,225
995,1,936,216,949,226
996,1,939,219,953,229
997,1,943,222,957,232
998,1,948,224,962,234
999,1,951,224,966,234
1000,1,955,223,969,233
1001,1,958,221,973,232
1002,1,964,220,976,230
1003,1,967,219,979,229
1004,1,968,220,980,230
1005,1,973,218,985,228
1006,1,975,218,987,228
1007,1,975,219,988,229
1008,1,975,219,989,230
1009,1,979,218,990,228
1010,1,979,219,990,229
1011,1,979,219,990,229
1012,1,978,219,989,229
1013,1,978,219,989,229
1014,1,977,219,988,229
1015,1,976,218,987,228
1016,1,974,215,985,225
1017,1,971,212,983,222
1018,1,967,210,979,221
1019,1,965,208,977,219
1020,1,962,207,974,218
1021,1,961,208,973,219
1022,1,959,209,970,219
1023,1,955,210,967,221
1024,1,953,209,965,220
1025,1,952,209,964,220
1026,1,952,209,964,220
1027,1,952,210,964,221
1028,1,951,211,964,223
1029,1,951,211,964,223
1030,1,951,211,964,222
1031,1,950,211,963,223
1032,1,950,210,963,222
1033,1,950,210,963,222
1034,1,949,210,962,222
1035,1,949,208,962,220
1036,1,948,206,961,217
1037,1,947,204,960,215
1038,1,946,204,959,215
1039,1,945,203,958,214
1040,1,942,201,955,213
1041,1,943,200,955,211
1042,1,942,200,955,211
1043,1,943,200,955,211
1044,1,943,199,955,210
1045,1,944,198,956,209
1046,1,943,195,955,206
1047,1,942,189,955,200
1048,1,942,183,955,194
1049,1,943,177,956,189
1050,1,945,172,958,184
1051,1,948,166,961,178
1052,1,954,162,966,173
1053,1,959,161,971,172
1054,1,964,162,976,173
1055,1,966,165,978,176
1056,1,970,170,982,181
1057,1,971,175,982,185
1058,1,971,179,982,189
1059,1,973,182,986,192
1060,1,973,185,986,195
1061,1,974,186,987,196
1062,1,974,187,987,197
1063,1,971,188,984,198
1064,1,968,186,981,196
1065,1,968,181,981,191
1066,1,967,176,980,186
1067,1,967,173,980,183
1068,1,967,173,980,183
1069,1,968,177,982,188
1070,1,969,183,983,194
1071,1,970,190,984,201
1072,1,972,198,984,208
1073,1,973,204,985,214
1074,1,975,206,987,216
1075,1,977,207,989,217
1076,1,977,206,989,216
1077,1,975,205,987,215
1078,1,973,205,985,215
1079,1,971,206,983,216
1080,1,968,208,980,218
1081,1,966,211,978,221
1082,1,964,213,976,223
1083,1,962,214,974,224
1084,1,959,216,971,226
1085,1,956,218,968,228
1086,1,952,222,964,232
1087,1,949,224,961,234
1088,1,945,226,958,237
1089,1,943,229,955,239
1090,1,940,230,952,240
1091,1,938,230,951,241
1092,1,936,230,948,240
1093,1,933,230,945,240
1094,1,932,230,944,240
1095,1,933,232,945,242
1096,1,934,235,946,245
1097,1,933,238,945,248
1098,1,932,241,944,251
1099,1,932,243,944,253
1100,1,934,242,946,252
1101,1,934,242,947,253
1102,1,936,242,948,252
1103,1,937,242,949,252
1104,1,938,242,950,252
1105,1,938,242,950,252
1106,1,938,240,952,250
1107,1,938,239,952,249
1108,1,938,237,952,247
1109,1,938,234,952,244
1110,1,938,233,952,243
1111,1,939,233,953,243
1112,1,940,234,954,244
1113,1,940,235,954,245
1114,1,940,236,954,246
1115,1,941,238,955,248
1116,1,939,239,953,249
1117,1,937,237,951,247
1118,1,934,234,948,244
1119,1,929,232,944,242
1120,1,925,229,939,239
1121,1,920,226,935,237
1122,1,917,223,932,234
1123,1,914,221,928,231
1124,1,912,219,926,229
1125,1,909,216,923,226
1126,1,907,215,921,225
1127,1,906,215,920,225
1128,1,905,215,920,225
1129,1,905,215,920,225
1130,1,905,214,919,224
1131,1,906,213,920,223
1132,1,906,212,920,222
1133,1,908,210,922,220
1134,1,910,210,924,220
1135,1,912,209,927,219
1136,1,913,208,928,219
1137,1,915,206,930,216
1138,1,916,204,931,214
1139,1,917,204,931,214
1140,1,919,203,934,213
1141,1,920,204,935,214
1142,1,920,204,935,214
1143,1,920,204,935,214
1144,1,920,202,935,212
1145,1,919,202,934,212
1146,1,919,202,934,212
1147,1,918,202,933,212
1148,1,916,202,931,212
1149,1,913,204,928,214
1150,1,909,206,924,216
1151,1,905,208,920,218
1152,1,900,211,915,221
1153,1,896,215,911,225
1154,1,892,219,907,229
1155,1,889,221,904,231
1156,1,887,223,902,233
1157,1,885,224,901,234
1158,1,882,226,898,237
1159,1,881,226,897,236
1160,1,880,227,896,238
1161,1,879,228,895,239
1162,1,878,227,894,238
1163,1,878,225,895,236
1164,1,878,225,893,235
1165,1,878,226,893,236
1166,1,877,227,892,237
1167,1,876,228,891,238
1168,1,874,231,889,241
1169,1,873,234,888,244
1170,1,872,236,887,246
1171,1,871,237,886,247
1172,1,871,237,886,247
1173,1,871,236,887,246
1174,1,871,235,887,245
1175,1,872,234,887,244
1176,1,874,234,887,244
1177,1,875,234,888,244
1178,1,875,235,888,245
1179,1,875,236,888,246
1180,1,875,237,888,247
1181,1,876,239,889,249
1182,1,876,240,889,250
1183,1,876,241,889,251
1184,1,876,243,889,253
1185,1,878,244,891,254
1186,1,879,245,892,255
1187,1,879,244,892,254
1188,1,880,241,893,251
1189,1,881,238,894,248
1190,1,881,233,894,243
1191,1,882,230,895,240
1192,1,881,228,894,238
1193,1,878,226,891,236
1194,1,874,223,887,233
1195,1,871,221,884,231
1196,1,870,221,883,231
1197,1,868,221,881,231
1198,1,865,223,878,233
1199,1,860,224,873,234
1200,1,856,225,869,235
1201,1,852,225,865,235
1202,1,848,224,861,234
1203,1,845,225,858,235
1204,1,842,226,856,237
1205,1,841,227,854,237
1206,1,840,225,853,235
1207,1,837,225,850,235
1208,1,834,226,847,236
1209,1,831,228,844,238
1210,1,825,229,838,239
1211,1,821,231,834,241
1212,1,817,233,830,243
1213,1,814,234,827,244
1214,1,811,235,824,245
1215,1,810,236,824,247
1216,1,811,237,827,247
1217,1,814,237,830,247
1218,1,818,238,834,248
1219,1,823,239,839,249
1220,1,828,239,844,249
1221,1,834,239,850,249
1222,1,839,238,855,248
1223,1,845,237,861,247
1224,1,851,237,867,247
1225,1,859,237,874,247
1226,1,865,236,880,246
1227,1,870,234,885,244
1228,1,872,230,887,241
1229,1,874,226,889,236
1230,1,875,223,890,233
1231,1,877,220,892,230
1232,1,877,218,892,228
1233,1,877,217,892,227
1234,1,876,217,890,227
1235,1,876,217,890,227
1236,1,874,218,890,229
1237,1,873,218,889,230
1238,1,873,218,888,229
1239,1,873,217,888,228
1240,1,873,217,889,228
1241,1,872,217,886,227
1242,1,871,217,885,227
1243,1,870,217,884,227
1244,1,869,217,883,227
1245,1,868,216,882,226
1246,1,868,216,882,226
1247,1,869,217,883,227
1248,1,869,219,883,229
1249,1,869,221,883,231
1250,1,870,222,884,232
1251,1,870,223,884,233
1252,1,869,224,883,234
1253,1,869,224,883,234
1254,1,869,224,883,234
1255,1,870,223,884,233
1256,1,870,222,884,232
1257,1,871,221,885,231
1258,1,874,222,888,232
1259,1,876,224,890,234
1260,1,877,225,891,235
1261,1,878,226,892,236
1262,1,879,227,893,237
1263,1,881,231,895,241
1264,1,880,235,894,245
1265,1,879,238,893,248
1266,1,877,244,891,254
1267,1,871,247,885,257
1268,1,865,246,879,256
1269,1,859,243,873,253
1270,1,854,241,868,251
1271,1,850,240,864,250
1272,1,846,238,860,248
1273,1,843,238,858,248
1274,1,839,238,854,249
1275,1,837,239,851,249
1276,1,836,241,850,251
1277,1,836,242,850,252
1278,1,835,241,849,251
1279,1,834,240,848,250
1280,1,833,239,847,249
1281,1,832,238,846,248
1282,1,832,237,846,247
1283,1,832,236,846,246
1284,1,833,237,847,247
1285,1,835,238,849,248
1286,1,836,240,850,250
1287,1,838,241,852,251
1288,1,840,241,855,251
1289,1,841,241,855,251
1290,1,842,240,857,251
1291,1,843,241,858,251
1292,1,844,242,859,253
1293,1,846,243,860,253
1294,1,849,243,863,253
1295,1,851,244,865,254
1296,1,852,245,866,255
1297,1,852,245,866,255
1298,1,851,245,865,255
1299,1,851,244,865,254
1300,1,852,243,866,253
1301,1,852,242,866,252
1302,1,852,242,866,252
1303,1,852,242,866,252
1304,1,853,242,868,252
1305,1,855,242,869,252
1306,1,856,242,870,252
1307,1,856,240,870,250
1308,1,857,239,871,249
1309,1,858,237,873,248
1310,1,859,236,872,246
1311,1,860,235,873,245
1312,1,862,235,875,245
1313,1,865,235,878,245
1314,1,865,235,878,245
1315,1,866,236,879,246
1316,1,867,237,880,247
1317,1,866,236,879,246
1318,1,866,236,879,246
1319,1,866,236,879,246
1320,1,866,236,879,246
1321,1,865,235,876,245
1322,1,864,235,875,245
1380,1,955,259,968,269
1381,1,953,259,966,269
1382,1,962,260,975,271
1403,1,988,246,1004,256
1404,1,988,246,1004,256
1405,1,988,246,1004,256
1406,1,987,246,1003,256
1407,1,987,246,1003,256
1408,1,988,245,1004,255
1409,1,988,245,1004,255
1410,1,987,244,1003,254
1411,1,987,244,1003,254
1412,1,987,243,1003,253
1413,1,987,241,1003,251
1414,1,987,240,1003,250
1415,1,988,239,1005,250
1416,1,990,239,1006,249
1417,1,993,239,1009,249
1418,1,998,238,1013,248
1419,1,1001,239,1015,249
1420,1,1004,236,1018,247
1421,1,1007,236,1023,246
1422,1,1016,233,1026,243
1423,1,1019,231,1029,241
1425,1,1020,228,1035,238
1426,1,1024,226,1039,236
1427,1,1025,225,1039,235
1428,1,1027,222,1043,232
1429,1,1030,222,1047,232
1430,1,1035,221,1051,231
1431,1,1036,221,1052,231
1432,1,1040,221,1055,231
1433,1,1042,218,1058,228
1434,1,1043,217,1059,227
1435,1,1046,215,1063,226
1436,1,1046,215,1063,225
1437,1,1047,213,1064,223
1438,1,1047,211,1063,221
1439,1,1048,209,1064,219
1440,1,1047,207,1065,217
1441,1,1050,206,1065,216
1442,1,1050,205,1065,215
1443,1,1051,205,1065,215
1444,1,1051,204,1069,214
1445,1,1052,204,1070,214
1446,1,1054,204,1070,214
1447,1,1056,204,1072,214
1448,1,1057,204,1074,214
1449,1,1059,204,1075,214
1450,1,1059,203,1077,213
1451,1,1061,202,1078,212
1452,1,1064,200,1077,210
1453,1,1064,199,1077,209
1454,1,1062,198,1080,208
1455,1,1064,196,1080,206
1456,1,1065,195,1082,205
1457,1,1066,194,1083,204
1458,1,1066,194,1083,204
1459,1,1071,190,1086,201
1460,1,1072,189,1085,200
1461,1,1073,187,1087,199
1462,1,1076,186,1091,196
1463,1,1076,184,1091,194
1464,1,1077,181,1092,191
1465,1,1078,178,1095,188
1466,1,1080,174,1097,186
1467,1,1081,172,1098,182
1468,1,1083,170,1099,180
1469,1,1084,167,1100,177
1470,1,1085,166,1101,176
1471,1,1086,166,1101,176
1472,1,1088,165,1102,175
1473,1,1087,166,1104,176
1474,1,1089,167,1105,177
1475,1,1092,168,1108,178
1476,1,1094,166,1110,178
1477,1,1096,169,1111,179
1478,1,1096,170,1111,180
1479,1,1097,170,1113,180
1480,1,1102,168,1114,178
1481,1,1103,166,1115,176
1482,1,1102,165,1114,175
1483,1,1103,163,1116,174
1484,1,1102,162,1115,173
1485,1,1102,161,1115,172
1486,1,1102,160,1115,171
1487,1,1102,160,1115,171
1488,1,1102,158,1116,169
1489,1,1101,158,1115,169
1490,1,1101,158,1115,169
1491,1,1101,159,1114,169
1492,1,1102,162,1116,173
1493,1,1102,163,1116,174
1494,1,1101,163,1116,173
1495,1,1104,161,1116,171
1496,1,1100,159,1116,170
1497,1,1101,158,1115,168
1498,1,1102,156,1116,166
1499,1,1103,155,1117,165
1500,1,1105,154,1119,164
1501,1,1106,152,1120,162
1502,1,1108,152,1122,162
1503,1,1111,151,1124,161
1504,1,1114,151,1128,161
1505,1,1119,151,1133,161
1506,1,1124,152,1138,163
1507,1,1128,152,1141,162
1508,1,1131,152,1144,162
1509,1,1134,151,1147,161
1510,1,1138,150,1153,161
1511,1,1140,149,1155,159
1512,1,1142,147,1158,159
1513,1,1144,146,1158,156
1514,1,1145,144,1160,154
1515,1,1144,143,1160,153
1516,1,1145,142,1162,152
1517,1,1145,141,1161,151
1518,1,1145,141,1161,151
1519,1,1145,141,1161,151
1520,1,1145,142,1161,152
1521,1,1145,143,1161,153
1522,1,1144,144,1160,154
1523,1,1142,145,1159,155
1524,1,1142,146,1158,156
1525,1,1142,146,1158,156
1526,1,1140,147,1156,157
1527,1,1137,147,1153,157
1528,1,1139,146,1151,156
1529,1,1137,145,1149,155
1530,1,1136,144,1148,154
1531,1,1134,144,1146,154
1532,1,1133,144,1145,154
1533,1,1132,145,1144,155
1534,1,1131,147,1144,158
1535,1,1129,148,1143,160
1536,1,1130,150,1144,161
1537,1,1131,151,1145,162
1538,1,1132,152,1145,163
1539,1,1133,152,1147,162
1540,1,1136,152,1150,162
1541,1,1137,153,1151,163
1542,1,1141,154,1155,164
1543,1,1143,155,1158,165
1544,1,1145,156,1160,167
1545,1,1145,157,1160,168
1546,1,1144,158,1161,170
1547,1,1144,160,1161,170
1548,1,1145,159,1162,169
1549,1,1147,159,1164,169
1550,1,1150,159,1166,169
1551,1,1151,159,1167,169
1552,1,1152,158,1169,168
1553,1,1153,158,1170,168
1554,1,1153,158,1170,168
1555,1,1153,158,1168,168
1556,1,1154,158,1171,168
1557,1,1154,157,1174,168
1558,1,1155,157,1174,167
1559,1,1155,158,1174,170
1560,1,1155,158,1175,168
1561,1,1155,157,1173,168
1562,1,1154,156,1172,166
1563,1,1155,154,1172,164
1564,1,1151,153,1171,164
1565,1,1151,153,1169,163
1644,1,1242,149,1256,159
1645,1,1242,149,1256,159
1658,1,1230,131,1249,144
1659,1,1231,129,1250,142
1660,1,1230,127,1252,141
1661,1,1225,127,1248,141
1662,1,1231,124,1248,135
1663,1,1229,123,1248,135
1664,1,1237,119,1256,130
1665,1,1237,119,1253,129
1666,1,1244,115,1257,125
1667,1,1244,113,1259,124
1668,1,1248,111,1263,122
1669,1,1249,110,1264,121
1670,1,1250,109,1265,120
1671,1,1251,108,1266,119
1672,1,1252,107,1267,118
1673,1,1251,106,1266,117
1674,1,1252,104,1266,114
1675,1,1252,100,1267,111
1676,1,1251,97,1266,107
1677,1,1250,95,1266,107
1678,1,1250,94,1263,104
1679,1,1247,91,1265,104
1680,1,1246,91,1265,104
1681,1,1248,92,1264,104
1682,1,1249,93,1263,105
1683,1,1250,94,1265,106
1684,1,1251,95,1265,105
1685,1,1247,96,1263,109
1686,1,1249,97,1263,107
1687,1,1246,98,1262,111
1688,1,1246,98,1260,108
1689,1,1241,98,1257,108
1690,1,1238,97,1255,108
1691,1,1234,97,1252,108
1692,1,1234,96,1249,108
1693,1,1231,98,1245,111
1694,1,1227,100,1241,113
1695,1,1222,102,1237,112
1696,1,1219,104,1232,114
1697,1,1214,107,1227,117
1698,1,1212,107,1224,119
1699,1,1209,109,1220,120
1700,1,1207,112,1219,124
1701,1,1206,114,1219,127
1702,1,1208,116,1221,129
1703,1,1208,119,1222,131
1704,1,1209,122,1224,135
1705,1,1210,124,1225,137
1706,1,1212,126,1227,139
1707,1,1212,129,1227,142
1708,1,1211,132,1226,145
1709,1,1214,136,1225,147
1710,1,1214,139,1225,150
1711,1,1214,142,1225,153
1712,1,1214,145,1225,156
1713,1,1218,148,1228,158
1714,1,1218,151,1228,161
1715,1,1220,151,1231,161
1716,1,1222,151,1233,161
1717,1,1224,152,1235,162
1718,1,1226,154,1237,164
1719,1,1227,153,1238,163
1720,1,1224,154,1235,164
1721,1,1222,151,1235,161
1722,1,1222,149,1232,159
1723,1,1219,147,1231,157
1724,1,1217,144,1230,155
1725,1,1214,146,1228,158
1726,1,1216,148,1227,158
1727,1,1215,149,1229,159
1728,1,1215,150,1229,160
1729,1,1213,152,1227,162
1730,1,1213,154,1226,164
1731,1,1213,155,1227,165
1732,1,1216,155,1228,165
1733,1,1216,155,1228,165
1734,1,1213,156,1225,166
1735,1,1210,156,1223,166
1736,1,1209,155,1222,165
1737,1,1208,153,1221,163
1738,1,1205,154,1218,164
1739,1,1204,155,1217,165
1740,1,1201,156,1214,166
1741,1,1197,156,1210,166
1742,1,1197,157,1207,167
1743,1,1195,158,1206,169
1744,1,1194,159,1207,169
1745,1,1192,162,1205,172
1746,1,1192,166,1205,176
1747,1,1191,170,1204,180
1748,1,1195,173,1206,183
1749,1,1193,175,1204,185
1750,1,1194,177,1205,187
1753,1,1193,179,1208,189
1754,1,1191,182,1206,192
1755,1,1194,182,1207,192
1756,1,1197,184,1208,194
1757,1,1195,186,1206,196
1758,1,1197,188,1208,198
1759,1,1195,191,1206,201
1760,1,1196,192,1208,202
1761,1,1197,194,1209,204
1762,1,1194,196,1206,206
1763,1,1191,198,1203,208
1764,1,1196,197,1207,207
1765,1,1193,198,1204,208
1766,1,1190,199,1203,209
1767,1,1187,199,1201,210
1768,1,1187,199,1200,209
1769,1,1190,198,1201,208
1770,1,1190,198,1201,208
1771,1,1190,198,1201,208
1772,1,1190,200,1201,210
1773,1,1191,203,1202,213
1774,1,1192,205,1203,215
1775,1,1191,208,1202,218
1776,1,1192,211,1203,221
1777,1,1192,215,1203,225
1778,1,1195,217,1208,227
1779,1,1195,219,1208,229
1780,1,1196,219,1207,229
1781,1,1192,220,1203,230
1782,1,1187,220,1200,230
1783,1,1182,220,1195,230
1784,1,1182,220,1193,230
1785,1,1179,219,1192,229
1786,1,1177,218,1190,228
1787,1,1173,218,1186,228
1788,1,1175,216,1187,226
1789,1,1172,216,1184,226
1790,1,1169,216,1181,226
1791,1,1168,217,1180,227
1792,1,1165,219,1177,229
1793,1,1161,221,1173,231
1794,1,1160,223,1172,233
1795,1,1157,225,1169,235
1796,1,1153,227,1165,237
1797,1,1150,228,1162,238
1798,1,1148,229,1158,239
1799,1,1144,231,1154,241
