0,3,913,271,934,282,1068,38,1081,49,1427,925,1449,937
1,3,913,272,934,283,1068,40,1082,51,1425,929,1447,941
2,3,915,274,935,285,1072,43,1085,54,1423,935,1445,947
3,3,917,277,937,287,1076,46,1089,57,1420,941,1442,953
4,3,920,280,941,291,1082,50,1095,61,1416,949,1438,961
5,3,924,283,944,293,1089,55,1102,66,1414,956,1436,968
6,3,927,285,947,296,1096,60,1110,71,1412,962,1434,974
7,3,930,287,950,297,1411,966,1433,978,1101,64,1113,75
8,3,932,287,952,297,1410,968,1432,980,1106,65,1121,77
9,3,935,286,955,296,1410,969,1432,981,1109,66,1125,77
10,3,938,283,959,293,1411,968,1433,980,1114,64,1126,75
11,3,941,279,962,289,1411,967,1433,979,1119,61,1132,73
12,3,944,276,964,286,1411,967,1433,979,1124,58,1137,69
13,3,948,273,968,283,1411,968,1433,980,1131,55,1146,65
14,3,952,270,973,280,1411,969,1433,981,1136,54,1149,66
15,3,956,268,977,279,1411,970,1433,982,1143,53,1156,65
16,3,960,266,981,277,1412,972,1434,984,1149,52,1162,64
17,3,965,264,986,275,1413,973,1435,985,1159,52,1174,62
18,3,969,263,990,274,1414,974,1436,986,1165,51,1180,61
19,3,973,260,994,271,1415,973,1437,985,1171,49,1187,60
20,3,977,256,998,267,1417,973,1439,985,1176,44,1191,57
21,3,981,253,1001,264,1419,972,1441,984,1182,41,1197,54
22,3,986,249,1007,260,1421,971,1443,983,1189,39,1203,52
23,3,989,246,1010,257,1423,970,1445,982,1195,36,1210,49
24,3,994,241,1015,252,1425,968,1447,980,1203,34,1216,44
25,3,997,236,1019,247,1428,966,1450,978,1210,30,1223,40
26,3,1002,234,1023,245,1432,965,1454,977,1215,27,1228,38
27,3,1005,232,1025,242,1436,963,1458,975,1219,25,1229,37
28,3,1006,229,1027,240,1440,961,1462,973,1222,22,1232,34
29,3,1008,226,1029,237,1443,958,1465,970,1224,19,1234,31
30,3,1008,222,1029,233,1445,955,1467,967,1227,15,1237,27
31,3,1010,220,1031,231,1445,953,1467,965,1228,12,1238,24
32,3,1010,216,1031,227,1445,951,1467,963,1231,9,1241,21
33,3,1012,213,1032,223,1443,949,1465,961,1234,6,1244,18
34,3,1012,211,1034,222,1441,950,1463,962,1234,5,1247,16
35,3,1013,209,1035,220,1440,949,1462,961,1237,4,1250,16
36,3,1013,210,1033,220,1439,949,1461,961,1237,4,1250,16
37,3,1012,209,1033,220,1436,950,1458,962,1238,5,1251,16
38,3,1012,210,1031,220,1432,951,1454,963,1239,5,1253,16
39,3,1012,210,1031,220,1426,953,1448,965,1243,7,1255,17
40,3,1012,210,1032,220,1419,955,1441,967,1243,8,1258,19
41,3,1011,211,1030,221,1413,957,1435,969,1245,10,1261,23
42,3,1010,212,1029,222,1409,958,1431,970,1247,12,1261,24
43,3,1007,213,1027,223,1407,958,1429,970,1246,13,1260,25
44,3,1002,215,1021,225,1406,957,1428,969,1241,16,1256,26
45,3,997,216,1017,226,1406,955,1428,967,1238,16,1250,27
46,3,993,218,1013,228,1408,954,1431,966,1232,17,1244,27
47,3,988,219,1007,229,1411,952,1434,964,1223,17,1238,29
48,3,982,221,1002,231,1415,948,1436,960,1214,17,1230,29
49,3,978,223,997,233,1420,945,1441,957,1207,17,1223,29
50,3,972,224,991,234,1427,942,1448,955,1199,16,1215,28
51,3,967,226,987,237,1434,939,1456,951,1193,16,1206,27
52,3,964,228,983,239,1440,937,1462,949,1185,16,1199,28
53,3,963,231,983,242,1444,937,1466,949,1184,16,1199,28
54,3,964,233,984,244,1447,940,1469,952,1183,17,1197,27
55,3,966,235,986,246,1450,943,1472,955,1187,19,1203,29
56,3,970,238,990,249,1453,945,1475,957,1192,23,1207,33
57,3,973,240,992,251,1456,948,1478,960,1197,23,1212,34
58,3,977,242,996,252,1458,951,1480,963,1203,25,1217,35
59,3,981,243,999,253,1459,954,1481,966,1209,28,1222,38
60,3,985,244,1004,254,1459,958,1481,970,1215,29,1229,39
61,3,990,246,1008,256,1459,963,1481,975,1223,30,1237,42
62,3,995,248,1013,258,1456,968,1478,980,1232,32,1246,42
63,3,1001,248,1019,258,1452,973,1474,985,1243,34,1255,44
64,3,1006,249,1024,259,1447,977,1469,989,1252,37,1265,47
65,3,1011,248,1029,258,1441,979,1462,991,1260,39,1277,50
66,3,1016,245,1034,255,1435,980,1456,992,1271,39,1285,49
67,3,1021,242,1039,252,1430,981,1451,993,1281,38,1295,48
68,3,1025,241,1044,251,1425,983,1446,994,1291,38,1305,48
69,3,1029,240,1048,250,1421,984,1442,995,1299,38,1313,48
70,3,1032,238,1051,248,1418,985,1439,996,1306,38,1321,48
71,3,1036,236,1055,246,1416,985,1437,996,1315,37,1329,47
72,3,1039,235,1058,245,1414,985,1435,996,1321,37,1335,47
73,3,1043,231,1063,241,1412,983,1433,994,1329,35,1343,45
74,3,1047,227,1067,237,1411,980,1432,991,1336,32,1350,42
75,2,1049,223,1068,233,1412,978,1433,989
76,2,1051,220,1070,230,1414,975,1435,986
77,2,1054,216,1074,227,1418,972,1438,983
78,2,1054,214,1074,224,1424,968,1445,979
79,2,1055,211,1074,221,1430,965,1451,976
80,2,1056,210,1075,220,1437,963,1457,974
81,2,1058,209,1077,219,1443,962,1463,973
82,2,1061,208,1080,218,1449,960,1470,971
83,2,1062,206,1082,216,1456,958,1476,969
84,2,1063,204,1084,215,1464,956,1485,967
85,2,1068,203,1090,214,1472,954,1493,965
86,2,1070,203,1092,213,1480,951,1501,962
87,2,1069,201,1095,211,1487,950,1508,961
88,2,1072,199,1097,210,1494,948,1515,959
89,2,1075,196,1100,206,1501,945,1522,956
90,2,1077,195,1104,205,1509,943,1530,954
91,2,1079,194,1105,204,1517,942,1538,953
92,2,1080,194,1106,204,1525,940,1547,951
93,2,1082,194,1108,204,1530,940,1552,951
94,2,1085,193,1110,203,1535,939,1557,951
95,2,1086,193,1112,203,1540,938,1562,950
96,2,1087,192,1112,203,1543,937,1565,949
97,2,1088,192,1114,202,1548,935,1570,947
98,2,1088,192,1112,202,1553,933,1575,945
99,2,1086,192,1111,202,1558,930,1580,942
100,2,1083,190,1108,201,1563,927,1586,939
101,2,1082,190,1105,202,1566,924,1588,936
102,2,1080,190,1104,200,1568,921,1590,933
103,2,1080,188,1103,199,1568,920,1590,932
104,2,1078,188,1101,199,1569,919,1591,930
105,2,1077,187,1099,199,1570,917,1592,929
106,2,1076,188,1098,199,1571,915,1593,927
107,2,1074,188,1097,199,1571,914,1593,926
108,2,1072,188,1093,200,1571,913,1593,925
109,2,1071,187,1093,199,1570,912,1592,924
110,2,1071,187,1093,198,1571,912,1593,924
111,2,1070,188,1091,200,1574,910,1596,922
112,2,1067,188,1088,199,1577,907,1599,919
113,2,1066,187,1087,199,1579,904,1601,915
114,2,1063,186,1086,196,1580,903,1602,914
115,2,1065,185,1087,197,1579,904,1601,916
116,2,1066,186,1089,196,1580,907,1602,919
117,2,1071,190,1090,200,1581,912,1603,923
118,2,1071,193,1096,203,1583,917,1605,929
119,2,1075,197,1099,207,1586,923,1609,935
120,2,1080,201,1102,211,1589,928,1611,940
121,2,1087,204,1104,214,1592,933,1614,945
122,2,1089,207,1111,217,1594,937,1617,949
123,2,1095,208,1118,218,1597,941,1620,953
124,2,1101,209,1125,219,1599,943,1622,955
125,2,1105,208,1130,218,1601,943,1624,955
126,2,1111,206,1135,216,1604,943,1626,955
127,2,1118,204,1140,214,1607,943,1629,955
128,2,1122,202,1144,213,1610,943,1632,955
129,2,1127,200,1149,211,1614,943,1636,955
130,2,1130,199,1153,210,1617,943,1639,955
131,2,1134,198,1156,208,1619,944,1641,956
132,2,1139,198,1162,208,1621,946,1643,957
133,2,1144,197,1166,207,1622,948,1644,959
134,2,1148,196,1171,207,1621,948,1643,960
135,2,1153,195,1176,205,1622,949,1644,960
136,2,1156,192,1181,202,1623,949,1644,960
137,2,1160,191,1184,201,1623,948,1645,959
138,2,1163,189,1188,199,1622,947,1645,959
139,2,1167,186,1189,196,1624,947,1645,958
140,2,1170,183,1194,195,1623,946,1646,958
141,2,1173,183,1198,193,1624,947,1647,959
142,2,1176,182,1201,192,1626,947,1650,959
143,2,1178,182,1202,192,1632,947,1653,958
144,2,1182,181,1205,191,1635,947,1656,958
145,2,1184,180,1207,190,1637,947,1658,958
146,2,1188,179,1210,189,1640,945,1662,957
147,2,1190,177,1214,187,1646,943,1666,954
148,2,1193,174,1216,185,1653,938,1674,949
149,2,1192,171,1216,181,1662,932,1683,943
150,2,1191,168,1215,178,1672,926,1693,937
151,2,1190,165,1214,175,1683,922,1704,933
152,2,1189,163,1213,173,1692,917,1713,928
153,2,1189,161,1213,171,1702,912,1723,923
154,2,1189,157,1213,167,1711,905,1733,917
155,2,1189,153,1213,163,1721,899,1743,911
156,2,1188,150,1213,160,1732,894,1754,906
157,2,1187,148,1212,158,1744,887,1766,899
158,2,1185,146,1210,156,1757,880,1779,892
159,2,1182,143,1207,153,1768,874,1790,886
160,2,1180,142,1204,152,1777,870,1799,881
161,2,1181,140,1207,151,1782,869,1805,881
162,2,1183,139,1209,150,1786,869,1808,880
163,2,1186,138,1211,149,1786,870,1810,882
164,2,1188,137,1214,148,1785,871,1809,883
165,2,1192,136,1218,147,1782,873,1805,885
166,2,1200,133,1224,145,1777,875,1801,887
167,2,1204,132,1228,144,1775,875,1799,887
168,2,1206,131,1230,143,1775,876,1798,887
169,2,1207,132,1230,144,1776,876,1799,887
170,2,1208,133,1231,144,1779,875,1802,887
171,2,1204,136,1226,147,1784,872,1807,884
172,2,1198,137,1221,148,1790,867,1814,879
173,2,1193,137,1215,148,1799,860,1823,872
174,2,1188,136,1210,147,1807,850,1831,862
175,2,1180,133,1203,145,1817,840,1841,852
176,2,1174,129,1198,141,1825,830,1849,842
177,2,1171,124,1196,137,1833,824,1857,836
178,2,1169,123,1194,136,1841,820,1866,832
179,2,1169,125,1192,137,1848,819,1873,832
180,2,1170,128,1194,140,1855,821,1880,834
181,2,1171,132,1195,144,1861,824,1886,837
182,2,1172,135,1197,148,1867,827,1892,840
183,2,1179,138,1201,148,1873,829,1898,842
184,2,1183,141,1203,151,1879,830,1904,843
185,2,1184,141,1205,151,1884,829,1909,842
186,2,1186,140,1207,150,1889,827,1913,840
187,2,1187,140,1208,150,1893,826,1917,839
188,2,1190,140,1213,150,1897,825,1922,838
189,2,1192,139,1214,149,1901,826,1925,839
190,2,1192,140,1217,151,1903,828,1928,841
191,2,1198,142,1221,152,1904,832,1929,845
192,2,1202,143,1226,154,1904,837,1929,850
193,2,1207,145,1232,155,1903,842,1928,855
194,2,1211,147,1238,157,1902,848,1926,861
195,2,1217,149,1241,159,1898,853,1922,866
196,2,1222,149,1250,159,1893,858,1917,870
197,2,1230,148,1254,158,1891,859,1915,871
198,2,1233,147,1258,157,1891,858,1915,871
199,2,1236,144,1259,154,1893,857,1917,870
200,2,1236,142,1261,152,1895,855,1920,868
201,2,1238,140,1264,150,1898,853,1923,866
202,2,1240,138,1264,148,1904,848,1928,861
203,2,1239,136,1262,146,1911,840,1938,854
204,1,1236,132,1262,142
205,1,1233,127,1257,139
206,1,1229,123,1253,135
207,1,1227,118,1251,130
208,1,1224,113,1249,125
209,1,1223,109,1247,121
210,1,1223,106,1248,118
211,1,1224,104,1248,116
212,1,1224,103,1248,115
253,1,1259,109,1279,119
259,1,1267,105,1287,115
260,1,1271,100,1293,110
261,1,1279,95,1299,105
262,1,1286,91,1306,101
263,1,1291,87,1312,97
264,1,1295,84,1318,94
265,1,1303,84,1325,94
266,1,1314,87,1334,97
267,1,1325,90,1346,100
268,1,1337,92,1357,102
269,1,1346,92,1368,102
270,1,1353,91,1375,101
271,1,1359,87,1380,97
273,1,1364,80,1384,90
274,1,1361,76,1384,88
275,1,1361,70,1383,80
276,1,1356,65,1379,76
277,1,1354,59,1376,70
278,1,1349,52,1371,63
279,1,1343,46,1365,57
280,1,1334,40,1356,51
281,1,1324,37,1346,48
282,1,1319,35,1339,45
283,1,1320,36,1340,46
284,1,1323,40,1344,50
285,1,1330,42,1350,52
286,1,1337,46,1356,56
287,1,1343,49,1364,59
288,1,1352,52,1373,62
289,1,1359,55,1383,65
290,1,1366,55,1388,65
291,1,1370,55,1392,66
292,1,1374,57,1395,67
293,1,1376,56,1400,67
294,1,1380,59,1402,69
295,1,1381,57,1404,67
296,1,1384,56,1407,66
297,1,1384,53,1407,64
298,1,1386,48,1408,58
299,1,1386,42,1408,53
300,1,1384,35,1406,45
301,1,1382,28,1401,38
302,1,1378,20,1398,30
303,1,1373,12,1393,22
304,1,1371,3,1392,13
310,1,1377,0,1402,10
311,1,1377,4,1402,14
312,1,1377,6,1402,16
313,1,1377,7,1402,17
314,1,1376,7,1401,17
315,1,1374,4,1399,14
316,1,1371,0,1397,10
336,1,1235,10,1256,20
337,1,1236,12,1257,23
338,1,1231,15,1251,25
339,1,1230,18,1248,28
340,1,1229,19,1249,30
341,1,1230,20,1247,31
342,1,1235,20,1252,30
343,1,1239,20,1258,31
344,1,1248,20,1267,33
345,1,1258,25,1279,35
346,1,1270,29,1291,39
347,1,1283,35,1304,45
348,1,1296,40,1316,50
349,1,1306,42,1323,53
350,1,1314,42,1333,52
351,1,1323,35,1338,45
352,1,1328,27,1344,38
353,1,1331,20,1347,30
354,1,1331,15,1354,25
355,1,1332,9,1353,19
356,1,1332,4,1355,14
389,1,1145,5,1162,17
390,1,1139,6,1157,19
391,1,1138,9,1154,21
392,1,1135,16,1151,26
393,1,1134,23,1150,33
394,1,1133,31,1149,41
395,1,1136,39,1150,49
396,1,1134,49,1150,61
397,1,1132,56,1147,67
398,1,1131,62,1147,72
399,1,1131,66,1146,76
403,1,1139,75,1156,85
404,1,1142,77,1159,87
405,1,1144,77,1160,89
406,1,1146,78,1162,90
407,1,1148,79,1164,91
408,1,1149,82,1165,92
409,1,1148,82,1166,96
410,1,1149,85,1165,97
413,1,1144,87,1161,97
414,1,1142,86,1159,96
415,1,1139,85,1156,95
416,1,1134,85,1152,96
417,1,1130,85,1147,95
418,1,1125,87,1143,97
419,1,1119,88,1139,98
420,1,1115,89,1133,99
421,1,1110,90,1126,100
422,1,1106,91,1123,101
423,1,1101,93,1117,103
424,1,1097,93,1112,103
425,1,1088,93,1108,104
426,1,1084,93,1104,104
428,1,1078,97,1095,107
429,1,1075,101,1092,111
430,1,1073,105,1090,115
431,1,1070,109,1087,119
432,1,1066,113,1084,123
437,1,1051,127,1067,137
438,1,1047,130,1063,141
439,1,1043,134,1059,145
440,1,1039,138,1056,149
441,2,1037,142,1051,153,1898,457,1917,468
442,2,1032,145,1046,156,1889,461,1911,474
443,2,1028,149,1042,160,1879,466,1901,479
444,2,1023,154,1037,165,1870,472,1892,485
445,2,1018,160,1032,171,1861,476,1883,489
446,2,1012,165,1027,175,1853,477,1875,490
447,2,1007,169,1022,179,1846,479,1867,491
448,2,1001,175,1016,185,1840,479,1861,492
449,2,994,181,1009,191,1835,478,1856,491
450,2,990,186,1005,196,1832,479,1853,492
451,2,987,188,1002,198,1830,478,1851,491
452,2,984,187,999,197,1830,474,1851,487
453,2,982,185,997,195,1829,472,1851,485
454,2,980,185,995,195,1830,473,1851,486
455,2,982,186,997,196,1832,479,1853,492
456,2,984,189,999,199,1834,489,1856,502
457,2,987,195,1002,205,1836,502,1858,515
458,2,991,200,1006,210,1837,517,1859,530
459,2,996,204,1011,214,1838,534,1860,547
460,2,1001,207,1016,217,1838,551,1860,564
461,2,1006,209,1021,219,1836,566,1858,579
462,2,1009,206,1024,216,1832,574,1854,587
463,2,1010,200,1025,210,1827,578,1849,591
464,2,1008,195,1023,205,1821,576,1843,589
465,2,1005,188,1020,198,1815,572,1837,585
466,2,1000,182,1015,192,1809,563,1831,576
467,2,992,179,1007,189,1802,554,1824,567
468,2,1796,545,1818,558,984,177,998,188
469,2,1788,535,1810,548,974,176,989,189
470,2,963,179,978,192,1779,527,1801,540
471,2,953,184,968,196,1771,521,1792,538
472,2,943,188,960,200,1760,524,1780,540
473,2,937,194,952,206,1749,529,1770,546
474,2,929,199,945,213,1735,538,1755,552
475,2,922,207,937,220,1722,547,1742,561
476,2,915,213,931,228,1708,558,1728,571
477,2,907,219,923,234,1694,566,1713,581
478,2,899,224,915,239,1679,572,1699,585
479,2,888,230,905,243,1666,576,1685,589
480,2,880,233,897,246,1652,581,1672,594
481,2,873,236,890,249,1641,587,1660,600
482,2,866,241,883,254,1630,594,1650,608
483,2,859,248,876,261,1621,605,1640,617
484,2,854,257,871,270,1613,615,1633,628
485,2,854,266,868,279,1608,627,1626,639
486,2,847,277,864,291,1605,638,1623,650
487,2,845,285,863,302,1603,650,1622,662
488,2,847,295,861,308,1603,660,1622,673
489,2,845,303,861,318,1605,671,1625,684
490,2,848,310,864,325,1608,682,1627,695
491,2,851,315,868,330,1611,694,1631,708
492,2,855,320,874,335,1615,706,1635,719
493,2,860,324,878,339,1619,718,1639,730
494,1,1623,727,1643,740
495,2,872,325,887,338,1626,734,1646,748
496,2,877,323,894,337,1628,742,1648,755
497,2,1629,746,1649,760,882,321,898,334
498,2,1629,751,1649,765,886,317,902,330
499,2,1627,754,1647,768,888,312,905,326
500,2,1625,757,1645,771,891,306,909,321
501,2,1622,760,1642,773,891,302,910,316
502,2,1617,762,1637,775,892,296,912,311
503,2,1613,764,1633,777,894,292,911,306
504,2,1607,767,1627,780,894,286,912,302
505,2,1601,770,1621,784,894,285,911,299
506,2,1594,773,1614,787,894,282,911,296
507,2,1587,777,1607,790,893,279,911,292
508,2,1579,778,1599,791,891,273,910,288
509,2,1573,777,1592,791,888,269,907,283
510,2,1564,779,1584,792,886,263,906,278
511,2,1554,782,1574,795,885,259,905,273
512,1,1545,783,1565,798
513,1,1538,784,1558,799
514,1,1532,785,1553,798
515,1,1528,784,1549,797
516,1,1525,783,1546,796
517,1,1524,780,1542,793
518,2,1522,777,1541,790,861,243,882,257
519,2,1522,773,1541,786,858,241,877,254
520,2,1522,769,1543,782,853,239,872,255
521,2,1523,766,1543,780,851,239,871,253
522,2,1524,765,1543,779,848,238,867,252
523,2,1526,766,1545,779,848,238,868,251
524,2,1527,768,1547,781,848,237,868,250
525,2,1531,772,1551,784,849,240,870,252
526,2,1535,772,1554,786,850,241,869,254
527,2,1539,775,1559,788,850,242,871,256
528,2,1543,777,1562,790,851,244,873,256
529,2,1546,782,1565,796,855,241,877,256
530,2,1547,792,1566,806,861,242,880,256
531,2,1547,804,1567,818,867,243,887,256
532,2,1544,815,1564,829,875,243,894,258
533,2,1541,822,1560,836,880,244,901,255
534,2,1537,826,1556,840,885,241,906,254
535,2,1532,826,1550,840,887,234,907,247
536,1,1528,826,1547,839
537,1,1526,822,1545,837
538,2,1524,819,1543,833,885,217,906,231
539,2,1523,817,1542,831,881,212,901,226
540,2,1521,814,1540,829,878,212,898,226
541,2,1520,812,1539,827,874,210,896,223
542,2,1520,809,1539,823,872,207,892,220
543,2,1520,806,1539,819,866,207,887,219
544,2,1522,800,1538,814,859,206,881,219
545,2,1524,797,1543,809,854,206,876,219
546,2,1527,790,1547,803,847,208,869,220
547,2,1530,784,1550,796,840,206,862,220
548,2,1533,776,1552,790,834,206,856,219
549,2,1536,772,1555,786,830,208,849,218
550,2,1539,771,1558,786,824,210,844,223
551,2,1540,773,1559,788,823,213,841,226
552,2,1540,775,1560,790,820,217,838,230
553,2,1539,778,1559,794,816,220,835,234
554,2,1537,781,1557,797,814,223,834,237
555,2,1534,783,1554,800,811,225,831,239
556,2,1531,787,1551,803,807,226,828,241
557,2,1526,789,1546,803,802,228,823,243
558,2,1522,793,1540,806,798,230,819,245
559,2,1517,794,1535,807,793,231,814,246
560,2,1511,795,1530,808,789,230,811,246
561,2,1506,795,1525,809,785,229,807,245
562,2,1502,796,1522,811,781,230,803,246
563,2,1499,799,1518,814,777,232,798,247
564,2,1496,804,1516,819,774,236,796,252
565,2,1495,810,1514,824,772,240,794,256
566,2,1494,815,1514,829,770,244,792,260
567,2,1495,819,1514,834,768,249,790,265
568,2,1495,824,1514,838,767,253,789,269
569,2,1496,826,1516,841,767,256,789,272
570,2,1496,827,1516,841,766,258,788,274
571,2,1495,826,1516,841,766,256,788,272
572,2,1491,826,1511,840,767,250,789,266
573,2,1485,826,1505,841,770,243,792,259
574,2,1479,828,1500,842,773,235,796,251
575,2,1473,831,1493,846,776,229,798,245
576,2,1468,836,1488,851,778,226,800,242
577,2,1464,841,1484,855,780,225,802,241
578,2,1460,846,1479,860,781,225,804,241
579,2,1455,852,1475,865,782,225,805,242
580,2,1451,856,1470,869,782,226,805,243
581,2,1446,860,1465,873,782,226,805,243
582,2,1441,867,1461,879,781,227,804,244
583,2,1435,870,1454,883,781,227,804,244
584,2,1428,875,1448,887,781,227,805,244
585,2,1422,878,1441,890,781,225,804,242
586,2,1417,877,1437,889,780,222,804,239
587,2,1415,876,1435,887,779,220,802,237
588,2,1413,872,1431,885,777,218,800,235
589,2,1413,871,1432,883,775,215,799,232
590,2,1414,871,1433,882,773,215,800,227
591,2,1415,871,1435,882,772,215,799,227
592,2,1418,871,1437,882,772,216,799,228
593,2,1420,872,1439,883,773,216,800,228
594,2,1422,874,1442,886,774,216,802,228
595,2,1426,875,1445,886,776,218,803,230
596,2,1428,878,1447,889,779,220,806,232
597,2,1431,881,1451,893,782,221,809,233
598,2,1433,886,1453,897,787,221,814,233
599,2,1434,889,1454,900,792,221,819,233
600,2,1435,893,1455,904,797,221,824,233
601,2,1435,898,1455,909,803,220,830,232
602,2,1435,902,1455,914,809,219,836,231
603,2,1434,907,1454,919,817,219,843,231
604,2,1431,911,1451,922,823,216,850,228
605,2,1428,915,1448,927,830,213,856,225
606,2,1424,917,1444,929,837,209,863,221
607,2,1423,915,1443,926,843,204,869,216
608,2,1422,912,1441,923,846,198,872,210
609,2,1422,909,1440,919,848,192,875,204
610,2,1423,906,1441,916,850,188,877,200
611,2,1424,904,1442,915,851,185,878,197
612,2,1425,901,1445,913,852,183,879,195
613,2,1425,899,1446,911,854,178,880,190
614,2,1424,899,1445,911,859,175,883,186
615,2,1424,899,1444,911,862,173,886,184
616,2,1425,898,1445,910,864,171,888,182
617,2,1425,898,1446,909,865,169,889,180
618,2,1427,899,1448,910,866,169,890,180
619,2,1428,899,1449,910,867,170,891,181
620,2,1430,899,1450,910,869,169,893,180
621,2,1431,898,1451,909,871,167,895,178
622,2,1434,896,1454,907,872,164,896,175
623,2,1437,893,1457,904,873,162,897,173
624,2,1441,889,1461,900,872,159,896,170
625,2,1446,886,1466,897,869,157,896,168
626,2,1452,883,1472,894,868,156,895,167
627,2,1460,880,1480,891,866,158,892,169
628,2,1468,877,1488,888,863,159,890,170
629,2,1476,875,1497,886,861,161,887,172
630,2,1484,873,1505,884,859,163,886,174
631,2,1490,872,1511,883,856,164,885,176
632,2,1495,873,1515,884,860,166,887,177
633,2,1498,875,1518,886,860,165,889,177
634,2,1500,878,1520,889,864,165,894,177
635,2,1500,882,1520,893,872,165,898,176
636,2,1501,887,1522,898,878,165,905,176
637,2,1501,891,1521,902,883,165,910,176
638,2,1501,895,1521,906,889,165,915,176
639,2,1502,899,1522,910,894,165,920,176
640,2,1504,901,1524,912,897,164,923,175
641,2,1504,902,1524,913,900,164,927,176
642,2,1504,904,1524,915,904,163,931,175
643,2,1504,906,1524,917,908,161,935,173
644,2,1505,908,1526,919,912,161,939,173
645,2,1507,909,1527,920,915,161,941,172
646,2,1510,908,1530,919,918,160,944,171
647,2,1512,907,1532,918,920,158,946,169
648,2,1516,904,1536,915,922,156,948,167
649,2,1520,900,1540,911,924,152,950,163
650,2,1524,896,1544,907,925,148,951,159
651,2,1528,892,1548,903,926,145,952,156
652,2,1532,889,1552,900,927,142,953,153
653,2,1534,886,1554,897,929,138,955,149
654,2,1536,884,1556,895,932,134,959,145
655,2,1536,882,1556,893,935,130,962,141
656,2,1538,882,1558,893,938,127,964,138
657,2,1540,884,1560,895,942,126,968,137
658,2,1543,885,1563,896,945,126,972,137
659,2,1545,885,1565,896,947,127,973,138
660,2,1547,885,1567,896,949,126,975,137
661,2,1549,885,1569,896,950,126,977,137
662,2,1549,885,1569,896,951,125,978,136
663,2,1549,886,1569,897,953,125,979,136
664,2,1550,887,1570,898,955,125,982,136
665,2,1552,888,1572,899,956,127,983,138
666,2,1555,888,1575,899,956,129,982,140
667,2,1558,887,1578,898,955,131,982,142
668,2,1561,887,1581,898,954,132,980,143
669,2,1566,886,1586,897,954,134,980,145
670,2,1571,884,1591,895,954,135,980,146
671,2,1577,882,1597,893,954,137,980,148
672,2,1584,880,1604,891,953,139,979,150
673,2,1590,879,1611,890,953,140,979,151
674,2,1596,877,1616,888,954,141,980,152
675,2,1601,875,1622,886,955,141,980,152
676,2,1606,873,1627,884,956,141,982,152
677,2,1611,872,1632,883,957,140,982,151
678,2,1615,870,1636,881,959,139,984,150
679,2,1620,870,1641,882,962,138,987,149
680,2,1624,869,1645,881,965,137,990,148
681,2,1628,868,1649,880,967,136,993,147
682,2,1632,869,1653,881,970,136,995,146
683,2,1635,869,1656,881,974,135,998,145
684,2,1638,869,1659,881,976,134,1001,145
685,2,1641,869,1662,881,979,133,1003,143
686,2,1645,869,1666,881,981,132,1005,142
687,2,1648,869,1669,881,983,131,1008,141
688,2,1651,867,1672,879,984,130,1011,141
689,2,1653,865,1674,877,985,129,1010,140
690,2,1655,863,1676,875,987,126,1011,136
691,2,1657,860,1678,872,988,122,1013,132
692,2,1660,857,1681,869,988,119,1012,129
693,2,1664,853,1685,865,987,117,1011,127
694,2,1668,850,1689,862,987,115,1011,125
695,2,1672,849,1693,861,986,114,1010,124
696,2,1675,848,1696,860,986,113,1010,123
697,2,1678,846,1699,858,986,112,1010,122
698,2,1681,844,1702,855,986,110,1010,120
699,2,1681,846,1702,858,987,107,1011,117
700,2,1680,851,1701,863,993,106,1017,116
701,2,1680,857,1701,868,998,106,1022,116
702,2,1680,862,1701,873,1003,107,1027,117
703,2,1680,867,1700,878,1006,107,1031,118
704,2,1680,872,1701,883,1011,107,1036,118
705,2,1680,874,1700,885,1016,106,1041,117
706,2,1681,873,1701,884,1020,104,1044,114
707,2,1684,870,1704,881,1022,100,1046,110
708,2,1688,865,1708,876,1022,95,1046,105
709,2,1692,861,1712,872,1022,91,1046,101
710,2,1697,858,1717,869,1023,88,1047,98
711,2,1703,854,1723,865,1022,85,1046,95
712,2,1711,849,1731,860,1021,84,1045,94
713,2,1719,843,1740,854,1019,82,1043,92
714,2,1726,839,1747,850,1017,80,1041,90
715,2,1732,836,1753,847,1015,79,1040,89
716,2,1736,835,1757,846,1016,78,1040,88
717,2,1739,835,1760,847,1017,77,1042,87
718,2,1742,835,1763,847,1017,76,1042,87
719,2,1745,835,1766,847,1019,76,1044,87
720,2,1747,835,1768,847,1020,76,1045,87
721,2,1749,833,1770,845,1021,75,1046,86
722,2,1751,831,1772,843,1020,73,1045,84
723,2,1754,828,1775,840,1020,72,1045,83
724,2,1757,823,1778,835,1018,70,1043,81
725,2,1761,817,1782,829,1016,67,1041,78
726,2,1766,809,1787,821,1013,65,1037,75
727,2,1770,804,1791,816,1009,62,1034,72
728,2,1774,800,1795,812,1006,61,1030,71
729,2,1778,797,1799,809,1002,62,1027,72
730,2,1781,797,1802,808,999,65,1024,76
731,2,1782,798,1803,810,996,70,1020,80
732,2,1783,800,1803,811,993,75,1017,85
733,2,1781,802,1801,813,991,80,1016,91
734,2,1778,805,1798,816,990,84,1014,94
735,2,1773,806,1793,817,988,86,1012,96
736,2,1768,805,1788,816,986,86,1010,96
737,2,1762,804,1782,815,983,86,1007,96
738,2,1757,804,1777,815,982,84,1006,94
739,2,1751,805,1771,816,981,83,1006,93
740,2,1747,806,1767,817,981,82,1005,92
741,2,1744,806,1764,817,981,82,1006,92
742,2,1743,804,1763,815,980,81,1004,91
743,2,1744,803,1764,814,978,81,1002,91
744,2,1746,802,1766,813,976,83,1000,93
745,2,1749,803,1769,814,975,87,999,97
746,2,1753,803,1773,814,974,89,998,99
747,2,1758,802,1778,813,972,92,996,102
748,2,1763,802,1783,813,973,95,997,105
749,2,1770,802,1791,813,973,97,997,107
750,2,1778,801,1798,812,974,98,998,108
751,2,1785,798,1805,809,975,98,999,108
752,2,1794,793,1815,804,975,97,999,107
753,2,1802,789,1823,801,975,96,999,106
754,2,1810,786,1831,798,976,94,1000,104
755,2,1818,783,1840,795,977,94,1001,104
756,2,1827,780,1848,792,979,93,1003,103
757,2,1833,778,1855,790,980,92,1004,102
758,2,1840,777,1861,789,981,92,1005,102
759,2,1843,775,1867,788,985,90,1009,100
760,2,1850,771,1874,784,986,88,1010,98
761,2,1858,764,1883,777,986,86,1010,96
762,2,1867,756,1892,769,984,83,1008,93
763,2,1876,750,1901,763,983,82,1007,92
764,2,1883,748,1908,762,983,79,1007,89
765,2,1892,747,1917,764,986,78,1008,90
766,2,1898,751,1923,768,991,79,1012,91
767,2,1901,757,1926,774,995,79,1017,92
768,2,1902,763,1926,780,1001,79,1023,92
769,2,1903,766,1926,782,1006,78,1028,91
770,2,1902,768,1924,783,1010,76,1032,89
771,2,1902,769,1924,784,1013,74,1035,86
772,2,1901,770,1922,785,1015,72,1037,84
773,2,1900,771,1921,786,1017,71,1039,83
774,2,1901,771,1922,786,1018,70,1041,80
775,2,1903,771,1924,785,1018,71,1041,81
776,2,1905,769,1926,784,1017,71,1041,83
777,2,1905,769,1926,784,1016,73,1039,85
778,2,1905,769,1926,784,1015,75,1040,87
779,1,1015,76,1040,88
780,1,1016,78,1042,91
781,1,1017,80,1043,93
782,1,1018,81,1044,94
783,1,1019,81,1045,94
784,1,1021,81,1047,94
785,1,1022,81,1048,94
786,1,1023,82,1049,95
787,1,1022,84,1048,97
788,1,1019,85,1045,98
789,1,1018,85,1045,98
790,1,1019,84,1046,97
791,1,1022,82,1049,95
792,1,1026,77,1053,91
793,1,1029,73,1057,87
794,1,1035,70,1063,84
795,1,1039,69,1067,83
796,1,1044,68,1070,81
797,1,1050,66,1079,81
798,1,1053,65,1082,80
799,1,1056,64,1086,77
800,1,1058,62,1085,74
801,1,1059,59,1087,71
802,1,1059,57,1087,69
814,1,1021,77,1041,87
815,1,1017,77,1037,87
816,1,1014,78,1034,88
817,1,1011,79,1031,90
818,1,1007,82,1026,92
819,1,1003,86,1023,96
820,1,1001,90,1020,100
821,1,998,96,1017,106
822,1,994,102,1015,113
823,1,991,105,1018,117
825,1,989,112,1015,125
826,1,990,115,1017,127
827,1,990,116,1017,129
828,1,991,119,1018,131
829,1,993,122,1019,134
830,1,996,126,1021,138
847,1,1063,117,1090,127
848,1,1063,114,1090,124
849,1,1065,110,1092,122
850,1,1065,108,1092,120
851,1,1065,106,1092,118
852,1,1064,104,1092,116
853,1,1065,104,1094,114
854,1,1066,102,1095,112
855,1,1067,101,1096,111
856,1,1069,100,1098,112
857,1,1070,100,1099,112
858,1,1072,99,1099,110
859,1,1073,98,1101,108
860,1,1073,98,1101,108
861,1,1074,96,1102,106
862,1,1074,93,1103,105
863,1,1075,93,1104,103
864,1,1078,90,1106,100
865,1,1077,88,1108,99
866,1,1077,87,1108,98
867,1,1077,83,1106,95
868,1,1075,82,1104,94
869,1,1073,81,1103,93
870,1,1071,81,1100,91
871,1,1069,79,1099,89
872,1,1069,79,1099,89
873,1,1066,75,1094,86
874,1,1065,71,1091,82
875,1,1064,68,1092,80
876,1,1066,67,1094,78
877,1,1069,66,1096,77
878,1,1072,63,1100,74
879,1,1076,60,1104,70
880,1,1079,59,1107,69
881,1,1085,57,1112,69
882,1,1088,55,1116,68
883,1,1091,55,1119,67
884,1,1091,55,1119,67
885,1,1096,55,1119,65
886,1,1092,52,1120,65
887,1,1091,55,1115,67
888,1,1085,56,1113,68
889,1,1079,60,1107,70
890,1,1071,61,1098,71
891,1,1065,60,1092,72
892,1,1060,59,1086,69
893,1,1055,56,1082,67
894,1,1052,53,1078,65
895,1,1050,51,1075,65
896,1,1047,51,1074,64
897,1,1048,50,1075,64
898,1,1050,53,1076,65
899,1,1053,53,1078,65
900,1,1057,51,1081,63
901,1,1062,47,1085,58
902,1,1066,42,1092,54
903,1,1070,39,1096,52
904,1,1077,37,1102,48
905,1,1086,36,1108,46
906,1,1091,34,1118,46
907,1,1100,34,1125,44
908,1,1110,35,1135,46
909,1,1119,37,1144,50
910,1,1130,39,1154,50
911,1,1137,38,1164,50
912,1,1144,34,1171,46
913,1,1146,28,1175,41
914,1,1146,24,1170,35
915,1,1139,17,1164,27
916,1,1130,14,1153,25
917,1,1118,11,1144,25
918,1,1117,13,1138,23
919,1,1114,11,1137,23
920,1,1109,13,1132,26
921,1,1103,15,1126,28
922,1,1095,19,1120,30
923,1,1087,21,1113,34
924,1,1077,25,1102,37
925,1,1067,29,1091,39
926,1,1055,29,1080,41
930,1,1006,45,1029,57
931,1,1001,52,1021,66
932,1,998,63,1020,76
933,1,998,74,1020,85
949,1,1063,111,1084,121
950,1,1067,99,1088,109
951,1,1070,86,1093,97
952,1,1073,74,1096,85
953,1,1075,65,1100,75
954,1,1081,57,1102,69
955,1,1081,54,1103,65
956,1,1074,54,1101,65
957,1,1068,51,1095,64
958,1,1062,49,1084,60
959,1,1049,46,1073,57
960,1,1035,42,1059,53
961,1,1028,41,1047,51
962,1,1017,40,1036,51
963,1,1004,39,1028,51
964,1,996,38,1019,51
965,1,988,40,1011,52
966,1,981,39,1001,53
967,1,975,41,993,52
968,1,969,43,991,56
969,1,971,47,993,60
970,1,971,52,992,66
971,1,972,57,992,71
972,1,974,65,995,76
973,1,977,69,996,82
974,1,976,78,996,91
975,1,974,84,994,96
976,1,969,90,989,101
977,1,964,95,987,106
978,1,961,99,981,111
979,1,955,102,977,115
980,1,950,104,972,117
981,1,945,106,967,120
982,1,940,107,962,119
983,1,936,108,956,121
984,1,928,111,948,121
985,1,923,110,943,125
986,1,917,111,937,126
987,1,911,109,930,125
988,1,902,107,921,121
989,2,892,103,912,119,1893,372,1917,386
990,2,887,105,907,121,1889,371,1913,385
991,2,885,110,906,127,1885,378,1909,392
992,2,1883,392,1907,406,887,118,909,134
993,2,893,123,915,136,1881,408,1904,423
994,2,898,128,919,145,1877,427,1902,444
995,2,902,134,923,148,1872,447,1897,464
996,2,905,137,927,153,1866,463,1891,480
997,2,906,144,928,158,1859,476,1884,493
998,2,906,150,927,163,1853,488,1878,505
999,2,906,153,928,168,1849,496,1874,513
1000,2,906,159,925,173,1845,501,1870,518
1001,2,904,162,925,174,1842,505,1867,522
1002,2,901,164,924,179,1840,507,1865,524
1003,2,902,168,922,181,1839,509,1864,526
1004,2,1838,510,1863,527,900,171,920,183
1005,2,1841,514,1863,529,899,172,920,186
1006,2,1842,515,1864,531,896,172,921,188
1007,2,1842,518,1865,534,896,174,921,190
1008,2,1844,521,1867,537,897,175,922,191
1009,2,1846,525,1868,540,898,175,923,191
1010,2,1846,528,1870,544,900,175,925,191
1011,2,1847,534,1871,549,903,173,928,189
1012,2,1848,540,1871,555,906,172,931,188
1013,2,1848,545,1871,561,906,172,931,188
1014,2,1846,550,1870,565,906,172,931,188
1015,2,1845,555,1868,569,914,168,935,182
1016,2,1842,556,1866,572,915,165,936,179
1017,2,1840,558,1863,574,915,162,935,176
1018,2,1835,558,1858,574,915,162,935,176
1019,2,1831,561,1855,576,912,154,935,169
1020,2,1825,562,1849,577,910,153,933,168
1021,2,1820,562,1843,578,907,152,930,167
1022,2,1814,562,1837,577,903,151,927,166
1023,2,1807,563,1831,577,900,151,923,166
1024,2,1799,560,1822,575,893,151,916,166
1025,2,1790,557,1813,573,888,148,911,163
1026,2,1779,558,1802,572,888,148,911,163
1027,2,1770,557,1792,572,882,137,900,152
1028,2,1758,561,1781,575,877,135,896,151
1029,2,1747,564,1770,579,871,134,891,151
1030,2,1736,568,1758,583,867,137,885,152
1031,2,1724,573,1747,588,861,142,882,158
1032,2,1713,579,1735,592,855,146,876,162
1033,2,1704,583,1724,596,847,150,870,165
1034,2,1693,586,1714,600,839,157,862,172
1035,2,1685,590,1705,605,832,164,854,179
1036,2,1676,593,1697,608,824,171,847,186
1037,2,1668,597,1690,611,816,178,840,193
1038,2,1662,599,1684,614,809,184,833,199
1039,2,1657,603,1679,618,803,191,826,205
1040,2,1655,607,1675,622,798,198,821,212
1041,2,1652,608,1673,624,795,201,819,218
1042,2,1648,610,1670,624,791,205,815,222
1043,2,1648,611,1669,626,787,209,811,226
1044,2,1648,615,1668,629,784,214,808,231
1045,2,1647,619,1668,634,780,219,805,237
1046,2,1646,625,1668,639,780,225,804,242
1047,2,1647,635,1667,648,780,230,804,247
1048,2,1645,646,1667,659,780,235,804,252
1049,2,1644,658,1665,672,782,239,806,256
1050,2,1640,671,1662,685,785,243,808,259
1051,2,1636,684,1658,698,786,246,809,262
1052,2,1630,696,1652,709,789,247,812,263
1053,2,1624,707,1645,720,790,247,813,263
1054,2,1616,717,1637,733,790,247,813,263
1055,2,1607,727,1629,742,790,247,813,263
1056,2,1598,737,1619,751,790,247,813,263
1057,2,1588,743,1609,756,790,247,813,263
1058,2,1578,750,1599,766,790,247,813,263
1059,1,1567,758,1590,772
1060,1,1559,763,1581,778
1061,1,1551,768,1573,783
1062,1,1545,773,1566,787
1063,1,1538,776,1559,791
1064,1,1533,781,1554,796
1065,1,1529,784,1550,799
1066,2,1525,785,1546,801,787,216,808,229
1067,2,1523,786,1544,802,786,214,807,227
1068,2,1522,786,1543,802,788,209,808,224
1069,2,1521,787,1542,803,788,206,808,221
1070,2,1521,789,1542,805,789,204,809,219
1071,2,1521,792,1542,808,790,203,810,218
1072,2,1522,794,1543,810,792,201,813,217
1073,2,1522,797,1544,813,794,199,815,214
1074,2,1523,800,1544,816,797,197,817,212
1075,2,1524,802,1545,818,800,194,821,209
1076,2,1524,804,1546,820,803,191,823,206
1077,2,1525,806,1547,823,806,189,826,204
1078,2,1525,809,1546,825,809,186,829,200
1079,2,1525,811,1547,828,813,181,835,197
1080,2,1524,814,1546,831,817,177,839,193
1081,2,1524,814,1546,831,822,172,842,187
1082,2,1524,813,1546,830,824,166,845,182
1083,2,1525,813,1546,829,826,162,847,178
1084,2,1525,813,1547,830,828,158,848,173
1085,2,1525,812,1547,829,830,154,850,169
1086,2,1524,810,1546,826,830,149,850,164
1087,2,1523,806,1545,823,829,144,849,159
1088,2,1522,801,1544,818,827,139,847,154
1089,2,1521,797,1543,814,820,135,844,152
1090,2,1519,794,1541,811,816,133,839,150
1091,2,1516,792,1538,809,810,131,834,148
1092,2,1512,791,1534,808,805,130,829,147
1093,2,1507,792,1529,808,801,129,825,146
1094,2,1501,794,1523,811,796,130,820,147
1095,2,1495,797,1517,814,791,132,816,149
1096,2,1488,799,1510,816,786,133,810,150
1097,2,1482,801,1504,818,780,136,804,153
1098,2,1475,804,1497,821,774,137,798,154
1099,2,1468,805,1490,822,767,139,791,156
1100,2,1462,806,1484,823,760,141,784,158
1101,2,1457,807,1479,824,752,144,777,162
1102,2,1452,808,1474,825,745,147,768,163
1103,2,1448,809,1470,826,736,151,760,168
1104,2,1445,810,1467,827,726,157,750,174
1105,2,1442,809,1464,826,717,163,740,179
1106,2,1441,809,1463,826,706,168,730,185
1107,2,1439,809,1461,826,697,173,722,190
1108,2,1437,811,1459,828,689,179,713,196
1109,2,1436,813,1458,830,682,184,706,201
1110,2,1433,818,1456,835,678,189,702,206
1111,2,1432,825,1454,842,676,194,700,210
1112,2,1429,833,1451,850,676,198,699,214
1113,2,1427,844,1448,856,676,203,700,220
1114,2,1424,853,1445,865,678,207,702,224
1115,2,1421,863,1442,875,681,210,705,227
1116,2,1418,872,1439,884,684,213,708,230
1117,2,1413,880,1434,892,687,215,711,231
1118,2,1408,888,1429,900,690,217,717,231
1119,2,1403,896,1424,908,693,217,720,231
1120,2,1398,902,1419,914,697,216,724,230
1121,2,1392,908,1412,920,700,215,726,229
1122,2,1385,912,1405,924,704,212,730,226
1123,2,1378,915,1399,927,707,209,733,223
1124,2,1371,918,1392,930,710,205,736,219
1125,2,1364,920,1384,932,712,200,739,214
1126,2,1357,923,1377,935,715,195,742,209
1127,2,1349,927,1370,939,718,192,744,206
1128,2,1341,931,1361,942,721,188,748,202
1129,2,1334,935,1354,946,726,185,752,199
1130,2,1327,938,1347,949,729,181,757,195
1131,2,1322,937,1342,948,732,178,756,191
1132,2,1319,936,1338,947,734,174,759,187
1133,2,1318,933,1338,944,733,170,757,183
1134,2,1318,930,1338,942,727,165,755,179
1135,2,1319,927,1338,939,731,163,755,176
1136,2,1320,925,1339,937,731,160,755,173
1137,2,1321,924,1340,936,731,158,755,171
1138,2,1322,922,1341,934,732,154,756,167
1139,2,1322,920,1341,932,734,151,758,164
1140,2,1323,918,1342,930,735,147,759,160
1141,2,1325,917,1344,929,737,143,762,156
1142,2,1327,917,1346,929,739,141,763,154
1143,2,1330,917,1349,929,742,139,766,152
1144,2,1334,917,1353,929,743,138,768,151
1145,2,1338,918,1358,931,744,138,769,151
1146,2,1342,918,1362,930,747,139,771,152
1147,2,1346,918,1366,931,749,138,774,151
1148,2,1350,918,1370,931,751,137,776,150
1149,2,1354,917,1374,930,754,135,779,148
1150,2,1357,917,1377,930,757,132,782,145
1151,2,1358,919,1378,932,762,129,787,142
1152,2,1357,923,1377,936,771,126,796,139
1153,2,1354,927,1374,940,780,121,806,135
1154,2,1350,930,1370,943,791,116,816,130
1155,2,1344,931,1364,943,804,108,829,122
1156,2,1342,932,1362,944,814,100,840,114
1157,2,1343,934,1363,947,822,95,847,109
1158,2,1345,936,1365,949,825,92,853,107
1159,2,1349,937,1369,950,829,92,857,107
1160,2,1354,936,1374,949,836,93,860,107
1161,2,1359,933,1379,946,836,92,860,106
1162,2,1366,929,1386,942,834,90,858,104
1163,2,1373,925,1393,938,831,89,856,104
1164,2,1381,919,1401,932,827,90,851,104
1165,2,1389,913,1409,926,821,89,845,103
1166,2,1397,906,1418,919,815,87,840,102
1167,2,1406,899,1427,912,808,88,832,102
1168,2,1413,892,1434,905,800,88,824,102
1169,2,1417,886,1438,899,794,87,818,101
1170,2,1422,882,1443,895,790,83,816,100
1171,2,1426,879,1447,892,785,84,811,101
1172,2,1430,876,1451,889,779,87,805,104
1173,2,1431,873,1452,886,772,90,798,107
1174,2,1431,871,1452,884,766,92,792,109
1175,2,1429,871,1450,884,761,94,788,111
1176,2,1425,871,1446,884,758,95,785,112
1177,2,1418,870,1440,883,753,95,780,113
1178,2,1409,870,1431,884,751,93,778,111
1179,2,1401,872,1423,885,748,91,775,109
1180,2,1394,872,1415,885,745,91,772,109
1181,2,1389,872,1410,885,740,92,767,110
1182,2,1385,872,1406,885,733,94,761,112
1183,2,1381,873,1402,886,724,97,754,114
1184,2,1377,875,1398,888,719,101,749,118
1185,2,1373,878,1394,891,715,104,745,121
1186,2,1370,883,1391,896,713,108,743,125
1187,2,1367,888,1388,901,711,114,741,131
1188,2,1366,893,1387,906,709,121,739,138
1189,2,1366,898,1387,911,708,126,738,143
1190,2,1370,901,1391,914,708,132,738,149
1191,2,1377,902,1398,915,708,139,737,156
1192,2,1387,902,1408,915,708,145,738,162
1193,2,1400,902,1421,915,710,150,739,167
1194,2,1415,896,1436,909,711,154,741,171
1195,2,1431,889,1452,902,715,157,744,173
1196,2,1446,886,1467,899,720,157,748,173
1197,2,1460,889,1482,902,728,158,757,174
1198,2,1471,896,1493,910,741,161,769,177
1199,2,1480,909,1502,923,758,164,786,180
1200,2,1487,924,1509,938,777,169,805,185
1201,2,1494,937,1516,951,797,172,824,187
1202,2,1499,948,1521,962,816,173,843,188
1203,2,1504,955,1526,969,835,173,861,188
1204,2,1508,961,1530,974,851,170,878,185
1205,2,1512,966,1534,980,867,166,894,181
1206,2,1518,967,1540,981,881,162,907,177
1207,2,1523,967,1545,981,894,156,920,171
1208,2,1527,966,1549,980,906,150,932,165
1209,2,1532,965,1553,978,915,142,941,157
1210,2,1535,961,1556,974,925,134,951,149
1211,2,1534,958,1555,971,934,125,960,140
1212,2,1530,956,1551,969,942,114,968,129
1213,2,1523,957,1544,970,952,105,979,120
1214,2,1514,959,1534,972,962,96,989,111
1215,2,1502,962,1522,975,973,89,1000,104
1216,2,1490,967,1510,979,984,83,1011,98
1217,2,1480,970,1502,983,992,78,1020,94
1218,2,1477,971,1497,983,998,77,1026,93
1219,2,1476,968,1496,980,998,77,1025,90
1220,2,1477,964,1498,977,995,75,1022,88
1221,2,1480,960,1500,972,990,74,1017,87
1222,2,1483,954,1504,967,982,73,1009,86
1223,2,1487,946,1507,958,974,72,1003,85
1224,2,1489,939,1509,951,966,69,995,82
1225,2,1491,933,1511,945,958,67,987,80
1226,2,1492,927,1512,939,950,65,979,78
1227,2,1493,922,1513,934,942,64,972,77
1228,2,1495,917,1515,929,934,63,964,76
1229,2,1496,912,1516,924,927,63,956,76
1230,2,1496,907,1516,920,920,62,950,75
1231,2,1498,903,1518,916,915,61,945,74
1232,2,1499,900,1519,913,910,59,941,73
1233,2,1504,896,1524,909,907,59,937,72
1234,2,1510,893,1530,905,901,60,932,74
1235,2,1518,889,1538,902,898,62,928,75
1236,2,1527,884,1548,897,893,65,921,78
1237,2,1538,878,1559,891,887,66,917,79
1238,2,1551,873,1572,886,883,69,912,82
1239,2,1563,868,1584,881,879,70,908,83
1240,2,1574,864,1595,877,878,71,906,84
1241,2,1585,861,1606,874,878,72,906,85
1242,2,1595,859,1617,872,879,71,909,84
1243,2,1607,857,1629,870,882,72,911,85
1244,2,1618,855,1640,869,884,73,913,86
1245,2,1629,853,1651,867,886,74,914,87
1246,2,1640,851,1662,865,888,74,917,87
1247,2,1650,848,1672,862,889,75,918,88
1248,2,1661,844,1682,857,889,76,917,89
1249,2,1666,838,1689,852,889,74,918,87
1250,2,1672,833,1695,847,888,71,917,84
1251,2,1675,829,1698,843,889,67,917,80
1252,2,1678,829,1701,843,889,63,918,76
1253,2,1679,830,1701,844,890,63,919,76
1254,2,1678,835,1701,849,893,63,922,76
1255,2,1674,843,1697,857,897,64,926,77
1256,2,1665,852,1687,866,903,64,933,77
1257,2,913,63,943,76,1647,864,1672,879
1258,2,925,59,955,72,1629,878,1653,892
1259,2,939,55,968,68,1607,891,1632,906
1260,2,954,53,979,67,1588,903,1608,916
1261,2,966,49,991,63,1573,909,1592,922
1262,2,973,44,998,58,1562,909,1580,923
1263,2,975,39,1000,53,1557,906,1575,920
1264,2,973,35,998,49,1558,901,1576,915
1265,2,967,34,992,48,1565,894,1583,908
1266,2,956,34,982,48,1575,886,1593,900
1267,2,945,35,971,49,1589,877,1607,891
1268,2,933,37,958,51,1605,866,1627,882
1269,2,921,40,947,54,1621,856,1646,872
1270,2,910,43,935,57,1642,845,1663,860
1271,2,900,46,925,60,1658,833,1684,848
1272,2,892,48,917,62,1678,824,1703,839
1273,2,885,50,911,64,1697,814,1721,828
1274,2,879,51,908,66,1713,808,1738,821
1275,2,877,52,905,67,1730,804,1757,817
1276,2,878,55,906,67,1745,800,1771,817
1277,2,880,58,908,70,1758,802,1784,819
1278,2,885,61,912,73,1769,805,1795,822
1279,2,891,63,918,74,1778,810,1804,827
1280,2,896,64,923,76,1786,814,1813,831
1281,2,900,66,927,78,1793,819,1821,837
1282,2,905,69,932,81,1799,822,1826,840
1283,2,908,69,935,81,1804,825,1831,843
1284,2,911,69,938,81,1807,828,1834,846
1285,2,916,68,942,79,1809,827,1836,845
1286,2,918,65,944,76,1810,826,1837,844
1287,2,918,57,946,72,1811,825,1838,843
1288,2,918,55,946,70,1811,824,1838,842
1289,2,917,53,945,68,1810,823,1837,841
1290,2,916,51,944,66,1807,824,1834,842
1291,2,916,49,944,64,1803,825,1830,843
1292,2,916,48,945,63,1800,825,1827,843
1293,2,915,46,944,61,1797,826,1823,843
1294,2,913,47,942,63,1794,825,1821,843
1295,2,910,47,939,63,1792,823,1819,841
1296,2,905,47,935,63,1789,821,1815,838
1297,2,902,46,931,62,1785,820,1811,837
1298,2,899,44,929,60,1780,818,1806,835
1299,2,897,43,927,59,1777,817,1803,834
1300,2,894,42,923,57,1775,814,1801,831
1301,2,891,41,920,56,1773,811,1799,828
1302,2,887,40,917,56,1773,809,1798,826
1303,2,883,41,914,57,1773,809,1798,826
1304,2,881,44,911,60,1773,810,1798,827
1305,2,880,47,910,63,1774,812,1800,829
1306,2,879,51,909,67,1775,814,1801,831
1307,2,878,55,908,71,1776,817,1802,834
1308,2,878,59,908,75,1777,821,1802,838
1309,2,878,63,908,79,1777,825,1802,842
1310,2,878,66,909,82,1778,827,1803,844
1311,2,878,69,908,85,1780,828,1805,845
1312,2,877,71,908,87,1782,828,1808,845
1313,2,876,73,906,89,1785,828,1810,845
1314,2,876,75,906,91,1787,827,1812,844
1315,2,876,75,906,91,1788,826,1814,843
1316,2,876,73,906,89,1790,825,1816,842
1317,2,877,72,907,88,1793,823,1819,840
1318,2,877,71,907,87,1798,820,1824,837
1319,2,876,70,906,86,1804,817,1830,834
1320,2,876,71,907,87,1809,815,1835,832
1321,2,876,72,907,88,1816,813,1842,830
1322,2,876,73,906,89,1822,811,1848,828
1323,2,877,73,907,89,1827,809,1852,825
1324,2,876,73,907,90,1831,809,1856,826
1325,2,878,72,909,88,1833,809,1859,826
1326,2,880,71,910,87,1833,808,1860,826
1327,2,882,70,912,86,1836,810,1861,826
1328,2,885,68,915,84,1835,811,1860,827
1329,2,888,65,919,81,1834,813,1859,830
1330,2,890,65,920,81,1833,815,1859,832
1331,2,893,64,923,80,1832,818,1858,835
1332,2,896,64,926,80,1832,820,1858,837
1333,2,899,62,929,78,1831,820,1858,837
1334,2,900,60,930,76,1830,818,1856,835
1335,2,900,58,930,74,1829,818,1855,835
1336,2,900,57,930,73,1829,819,1855,836
1337,2,901,58,931,74,1830,821,1855,838
1338,2,902,60,932,76,1828,820,1857,839
1339,2,902,62,932,78,1829,821,1858,840
1340,2,902,64,931,80,1831,821,1860,840
1341,2,901,66,930,82,1836,818,1865,837
1342,2,898,68,928,84,1845,812,1870,831
1343,2,895,67,924,83,1850,806,1874,824
1344,2,893,66,923,82,1855,801,1879,819
1345,2,892,63,922,79,1858,797,1882,815
1346,2,892,61,922,77,1863,794,1887,812
1347,2,892,61,922,77,1868,793,1892,811
1348,2,892,62,921,78,1872,791,1896,809
1349,2,892,63,922,79,1878,790,1901,808
1350,2,892,65,922,81,1882,789,1906,807
1351,2,890,68,920,84,1889,791,1911,804
1352,2,891,70,921,86,1893,790,1915,803
1353,2,891,71,922,87,1897,789,1919,802
1354,2,891,72,922,88,1900,788,1922,801
1355,2,890,72,920,88,1903,786,1925,799
1356,2,890,72,920,88,1906,784,1928,797
1357,2,890,71,920,87,1909,782,1930,795
1358,2,889,70,920,86,1912,779,1933,791
1359,1,888,71,921,85
1360,1,887,71,920,85
1361,1,885,72,917,86
1362,1,884,73,916,87
1363,1,882,75,914,89
1364,1,884,76,915,89
1365,1,883,77,914,90
1366,1,884,79,915,92
1367,1,884,79,915,92
1368,1,883,81,914,94
1369,1,883,84,914,97
1370,1,883,86,914,99
1371,1,877,87,912,102
1372,1,881,89,911,103
1373,1,878,91,910,102
1374,1,879,91,910,105
1375,1,881,93,912,108
1376,1,882,96,914,111
1377,1,882,101,913,116
1378,1,882,106,914,121
1379,1,884,110,915,125
1380,1,886,113,917,127
1381,1,887,115,918,130
1382,1,889,119,921,132
1383,1,891,118,925,131
1384,1,896,117,928,129
1385,1,897,116,930,127
1386,1,901,115,933,127
1387,1,902,112,936,124
1388,1,909,107,940,118
1389,1,911,102,945,115
1390,1,918,98,952,111
1391,1,925,94,957,107
1392,1,930,92,963,103
1393,1,937,87,971,101
1394,1,941,87,973,100
1395,1,946,86,980,99
1396,1,951,84,987,97
1397,1,957,82,993,95
1398,1,965,82,998,93
1399,1,969,80,1004,94
1400,1,974,83,1010,94
1401,1,976,84,1012,95
1402,1,977,87,1014,98
1403,1,976,89,1008,101
1404,1,969,89,1003,99
1405,1,962,87,994,97
1406,1,952,84,985,94
1407,1,942,83,973,93
1408,1,929,83,961,93
1409,1,922,81,956,92
1410,1,916,82,948,92
1411,1,905,82,936,93
1412,1,897,84,929,95
1413,1,900,86,931,96
1414,1,894,88,932,100
1415,1,896,90,927,104
1416,1,898,96,930,106
1417,1,897,100,932,111
1418,1,899,103,932,116
1419,1,902,109,933,119
1420,1,909,109,942,121
1421,1,917,110,949,123
1422,1,924,109,958,120
1423,1,934,109,967,119
1424,1,940,104,978,117
1425,1,951,99,983,112
1426,1,952,97,985,109
1427,1,958,92,994,105
1428,1,961,91,992,101
1429,1,960,88,993,100
1430,1,960,87,992,99
1431,1,962,86,992,97
1432,1,957,84,991,94
1433,1,955,81,987,93
1434,1,953,78,986,89
1435,1,952,75,984,86
1436,1,949,74,981,85
1437,1,944,73,976,85
1438,1,936,74,971,85
1439,1,932,76,965,86
1440,1,929,76,963,88
1441,1,927,78,960,89
1442,1,929,77,959,87
1443,1,929,75,959,87
1444,1,925,73,957,83
1445,1,924,71,956,81
1446,1,924,70,956,80
1447,1,924,68,956,78
1448,1,926,68,955,78
1449,1,926,67,955,77
1450,1,926,67,955,77
1451,1,918,66,950,79
1452,1,915,65,944,80
1453,1,911,63,940,78
1454,1,907,63,936,74
1455,1,903,61,933,74
1456,1,899,63,929,76
1457,1,894,67,924,80
1458,1,888,73,919,86
1459,1,886,79,914,91
1460,1,884,84,911,95
1461,1,881,90,908,102
1462,1,878,95,906,106
1463,1,876,98,904,108
1464,1,877,100,902,111
1465,1,874,101,900,112
1466,1,873,101,901,113
1467,1,872,102,901,114
1468,1,872,104,901,116
1469,1,873,107,903,119
1470,1,877,111,906,123
1471,1,881,114,909,126
1472,1,887,116,915,127
1473,1,893,119,919,130
1474,1,897,121,924,132
1475,1,902,120,927,130
1476,1,904,120,929,132
1477,1,906,120,931,132
1478,1,906,121,934,132
1479,1,909,120,937,131
1480,1,912,119,939,129
1481,1,915,117,941,127
1482,1,916,114,944,124
1483,1,918,110,946,120
1484,1,921,108,947,118
1485,1,922,106,947,116
1486,1,921,104,947,114
1487,1,918,101,944,112
1488,1,918,101,944,112
1489,1,912,101,939,111
1490,1,910,98,935,110
1491,1,910,98,935,110
1492,1,904,95,932,109
1493,1,901,96,927,109
1494,1,902,91,928,103
1495,1,901,88,927,103
1496,1,900,86,925,99
1497,1,898,86,925,97
1498,1,898,84,923,97
1499,1,897,83,922,93
1500,1,894,80,920,92
1501,1,892,77,920,91
1502,1,893,75,919,90
1503,1,892,75,916,86
1504,1,890,72,914,85
1505,1,887,72,913,85
1506,1,883,72,911,86
1507,1,879,77,912,87
1535,1,1894,442,1912,454
1536,1,1888,448,1905,460
1537,1,1878,452,1899,466
1538,2,783,181,813,194,1871,456,1893,470
1539,2,785,188,804,199,1865,460,1887,474
1540,2,782,190,807,203,1860,462,1880,477
1541,2,781,194,806,204,1855,467,1876,479
1542,2,779,198,805,208,1851,471,1870,485
1543,2,776,201,801,214,1845,475,1865,489
1544,2,775,206,800,219,1842,484,1862,497
1545,2,773,212,799,225,1836,488,1857,502
1546,2,769,218,795,232,1831,491,1850,505
1547,2,763,225,789,237,1821,491,1843,503
1548,2,759,227,786,237,1815,492,1834,504
1549,2,755,222,782,232,1807,494,1826,506
1550,2,753,214,777,227,1797,500,1817,513
1551,2,750,211,775,223,1787,506,1807,521
1552,2,747,208,774,220,1776,514,1796,527
1553,2,747,208,774,220,1765,523,1787,535
1554,2,742,210,768,223,1755,532,1776,548
1555,2,736,214,765,229,1746,543,1766,558
1556,2,734,218,763,233,1736,556,1755,571
1557,2,734,221,761,234,1726,571,1747,588
1558,2,734,224,760,237,1717,584,1737,599
1559,2,734,225,759,237,1709,594,1730,610
1560,2,729,225,755,235,1700,596,1721,612
1561,2,725,224,751,234,1694,598,1714,614
1562,2,719,223,747,233,1688,601,1707,615
1563,2,716,224,743,235,1684,601,1702,616
1564,2,713,227,739,241,1682,604,1700,618
1565,2,710,232,736,242,1679,609,1698,622
1566,2,709,237,735,247,1679,611,1698,626
1567,2,707,240,733,254,1680,617,1698,631
1568,2,709,245,733,256,1678,621,1698,634
1569,2,707,249,734,260,1682,626,1700,640
1570,2,708,251,736,262,1684,632,1702,646
1571,2,714,248,738,261,1684,637,1706,651
1572,2,718,245,743,258,1688,642,1707,655
1573,2,722,242,747,255,1691,645,1710,659
1574,2,727,237,749,251,1695,651,1712,663
1575,2,729,232,754,246,1698,655,1718,667
1576,2,733,228,758,242,1701,657,1721,670
1577,2,737,224,762,238,1706,660,1725,673
1578,2,743,222,766,235,1709,663,1729,677
1579,2,745,218,769,232,1714,664,1734,677
1580,2,746,215,775,228,1718,663,1738,676
1581,2,748,211,776,224,1723,662,1741,676
1582,2,749,207,778,220,1724,659,1745,673
1583,2,751,203,780,216,1727,660,1747,673
1584,2,753,198,780,210,1729,660,1749,673
1585,2,755,192,782,204,1731,659,1751,673
1586,2,755,186,782,198,1731,657,1749,669
1587,2,755,186,782,198,1730,657,1748,669
1588,2,756,171,783,183,1728,656,1746,668
1589,2,756,164,783,176,1725,657,1743,669
1590,2,757,156,782,171,1720,658,1738,670
1591,2,758,149,782,164,1714,660,1732,672
1592,2,758,143,782,158,1709,663,1726,675
1593,2,757,138,782,153,1704,664,1721,676
1594,2,754,135,778,150,1699,663,1717,675
1595,2,748,132,777,146,1693,661,1711,673
1596,2,742,129,771,145,1689,658,1707,670
1597,2,736,126,765,142,1683,654,1701,666
1598,2,730,124,760,140,1678,649,1695,661
1599,2,721,123,753,139,1673,644,1691,656
1600,2,712,125,743,141,1669,640,1687,652
1601,2,704,128,733,146,1664,638,1682,650
1602,2,695,130,721,149,1659,636,1677,648
1603,2,689,137,716,154,1655,638,1673,650
1604,2,683,141,714,161,1650,643,1667,655
1605,2,680,149,708,164,1645,648,1662,660
1606,2,676,152,703,169,1640,652,1657,664
1607,2,675,157,697,171,1636,653,1653,665
1608,2,664,162,691,175,1632,655,1649,667
1609,2,660,166,686,178,1628,656,1645,668
1610,2,655,170,680,184,1624,659,1641,671
1611,2,653,175,676,190,1623,662,1640,674
1612,2,647,182,671,197,1621,666,1638,678
1613,2,643,189,666,204,1621,668,1638,680
1614,2,641,197,661,210,1621,670,1638,682
1615,2,636,202,657,216,1621,671,1638,683
1616,2,633,207,655,221,1622,673,1639,685
1617,2,630,212,652,226,1622,675,1639,687
1618,2,627,217,648,231,1622,675,1639,687
1619,2,622,222,643,235,1621,677,1638,689
1620,2,617,224,643,240,1619,680,1636,692
1621,2,615,227,638,244,1615,686,1633,698
1622,2,614,230,638,247,1609,698,1627,710
1623,2,615,232,637,252,1599,716,1622,726
1624,2,615,237,637,250,1589,731,1612,741
1625,2,613,236,638,252,1578,747,1599,757
1626,2,612,233,640,252,1565,764,1585,774
1627,2,611,233,638,252,1551,777,1571,787
1628,2,607,234,635,248,1537,788,1557,798
1629,2,604,230,632,247,1524,794,1544,806
1630,2,599,230,626,245,1514,800,1534,813
1631,2,594,228,621,245,1505,806,1524,818
1632,2,590,228,617,245,1497,813,1517,826
1633,2,587,231,613,247,1492,822,1512,833
1634,3,585,233,612,250,1488,830,1508,842,1901,153,1917,164
1635,3,585,237,612,254,1485,838,1505,851,1898,162,1914,173
1636,3,585,240,612,257,1483,848,1503,860,1896,170,1912,181
1637,3,588,241,615,257,1481,856,1501,868,1899,178,1915,189
1638,3,591,242,618,259,1478,864,1498,875,1903,187,1919,198
1639,2,594,242,622,259,1477,872,1497,883
1640,2,599,241,627,258,1475,877,1495,889
1641,2,603,238,631,255,1476,884,1493,894
1642,2,608,233,636,250,1470,889,1490,901
1643,2,614,229,641,246,1467,892,1487,904
1644,2,619,222,647,239,1464,896,1484,908
1645,2,625,216,653,233,1459,901,1479,914
1646,2,632,208,660,225,1454,907,1474,919
1647,2,639,201,667,218,1448,912,1468,922
1648,2,646,192,676,210,1441,918,1461,930
1649,2,655,185,684,203,1434,923,1454,935
1650,2,665,178,694,193,1427,927,1447,939
1651,2,672,169,699,186,1421,930,1441,942
1652,2,678,160,706,177,1415,930,1436,943
1653,2,683,151,711,166,1410,930,1430,943
1654,2,687,142,715,159,1405,929,1425,943
1655,2,692,133,720,150,1400,929,1420,942
1656,2,696,124,724,141,1395,928,1415,942
1657,2,700,116,728,133,1392,930,1412,942
1658,2,702,110,732,126,1391,927,1411,941
1659,2,704,104,734,121,1391,926,1410,939
1660,2,704,99,734,115,1394,925,1412,936
1661,2,704,96,733,112,1396,923,1415,935
1662,2,703,92,731,108,1397,919,1417,932
1663,2,702,89,730,105,1400,917,1420,929
1664,2,699,86,728,102,1406,914,1424,926
1665,2,696,82,725,99,1407,910,1428,922
1666,2,692,78,721,96,1410,906,1431,918
1667,2,689,76,718,93,1413,903,1434,916
1668,2,685,74,715,90,1414,902,1435,914
1669,2,682,71,712,90,1417,900,1437,914
1670,2,679,70,709,88,1419,899,1439,913
1671,2,676,71,707,88,1418,901,1439,914
1672,2,674,70,704,88,1420,902,1440,916
1673,2,671,72,702,89,1418,904,1439,919
1674,2,671,73,699,90,1418,907,1439,919
1675,2,667,74,696,91,1418,911,1439,921
1676,2,663,74,692,91,1418,911,1439,921
1677,2,659,75,688,91,1418,912,1439,923
1678,2,656,76,684,92,1417,914,1439,924
1679,2,651,76,683,94,1417,915,1439,927
1680,2,647,78,679,97,1416,917,1437,930
1681,2,643,80,675,99,1416,920,1438,932
1682,2,639,81,675,102,1415,926,1437,936
1683,2,636,84,671,103,1414,929,1436,941
1684,2,636,84,671,104,1412,932,1434,942
1685,2,635,83,670,104,1410,934,1432,944
1686,2,632,84,668,105,1411,937,1433,947
1687,2,627,87,665,107,1413,938,1435,950
1688,2,622,90,658,111,1415,937,1437,951
1689,2,615,92,654,114,1416,937,1438,950
1690,2,614,96,647,114,1416,939,1438,951
1691,2,609,95,646,117,1413,940,1435,954
1692,2,608,95,645,117,1409,946,1431,958
1693,2,606,95,644,117,1406,948,1429,960
1694,2,605,95,643,118,1403,952,1425,965
1695,2,606,95,644,118,1399,958,1421,968
1696,2,606,96,644,119,1395,962,1418,973
1697,2,605,95,643,118,1391,967,1413,977
1698,2,605,94,645,118,1385,971,1407,982
1699,2,610,93,648,111,1379,974,1401,984
1700,2,614,91,650,110,1374,978,1396,990
1701,2,613,88,652,107,1368,982,1391,992
1702,2,617,87,654,107,1364,986,1386,996
1703,2,618,87,655,106,1361,989,1383,1000
1704,2,618,87,656,106,1359,993,1381,1003
1705,2,618,87,656,107,1355,994,1377,1005
1706,2,620,85,658,104,1351,997,1374,1008
1707,2,621,82,659,102,1349,998,1371,1009
1708,2,622,81,660,100,1349,998,1371,1010
1709,2,622,80,660,99,1350,999,1372,1010
1710,2,622,80,661,99,1352,1001,1374,1011
1711,2,625,82,663,102,1351,1005,1373,1017
1712,2,633,82,670,101,1349,1013,1369,1024
1713,2,641,82,678,101,1344,1021,1366,1032
1714,2,648,82,686,100,1342,1022,1364,1033
1715,2,653,78,691,97,1342,1018,1364,1032
1716,2,656,72,694,91,1342,1015,1364,1027
1717,2,660,66,698,85,1346,1011,1365,1025
1718,2,664,60,702,79,1344,1008,1366,1023
1719,2,667,54,706,73,1343,1006,1365,1020
1720,2,672,48,710,67,1341,1006,1363,1019
1721,2,678,43,716,62,1340,1007,1361,1020
1722,2,684,40,722,59,1339,1007,1360,1022
1723,2,691,37,729,56,1338,1011,1359,1024
1724,2,697,35,734,53,1337,1010,1358,1027
1725,2,704,33,741,53,1337,1014,1358,1030
1726,2,709,32,746,51,1336,1018,1357,1031
1727,2,715,29,753,49,1335,1018,1356,1032
1728,2,720,26,757,47,1334,1016,1356,1031
1729,2,724,22,762,42,1334,1016,1356,1030
1730,2,729,18,767,37,1334,1015,1355,1029
1731,2,733,14,771,33,1335,1014,1356,1028
1732,2,736,11,774,31,1341,1010,1360,1025
1733,2,736,8,774,25,1345,1008,1365,1022
1734,2,735,6,773,23,1352,1006,1372,1019
1735,2,733,5,771,22,1358,1003,1380,1016
1736,2,730,5,769,22,1368,999,1388,1014
1737,2,728,5,767,23,1373,996,1395,1012
1738,2,726,6,765,24,1380,995,1401,1010
1739,2,725,6,764,24,1384,996,1406,1009
1740,2,724,5,763,23,1389,992,1411,1006
1741,2,724,3,763,21,1394,988,1416,1002
1742,2,722,1,762,19,1398,983,1421,998
1743,2,720,-2,760,16,1403,978,1426,992
1744,2,717,-5,756,13,1409,973,1432,987
1745,2,714,-8,754,10,1413,969,1436,983
1746,2,712,-11,752,7,1417,967,1440,982
1747,2,711,-12,750,6,1420,965,1443,979
1748,2,710,-12,749,5,1424,963,1447,977
1749,2,709,-12,747,5,1428,962,1451,976
1750,2,706,-12,744,5,1432,959,1455,974
1751,2,702,-12,741,5,1436,958,1459,972
1752,2,699,-12,740,6,1441,957,1464,972
1753,2,695,-10,736,8,1447,955,1469,969
1754,2,689,-7,730,11,1452,953,1475,967
1755,2,683,-3,724,15,1457,950,1480,965
1756,2,675,0,716,18,1462,947,1485,962
1757,2,668,3,709,21,1467,945,1491,960
1758,2,662,7,703,25,1471,944,1495,959
1759,2,655,11,696,29,1475,942,1498,957
1760,2,649,14,690,32,1481,941,1503,955
1761,2,642,18,683,36,1483,941,1505,955
1762,2,636,22,678,41,1484,941,1507,956
1763,2,632,27,673,45,1484,941,1507,956
1764,2,629,29,670,47,1482,942,1505,957
1765,2,628,30,669,48,1478,945,1502,960
1766,2,628,29,669,48,1473,947,1497,962
1767,2,629,27,671,46,1468,948,1491,963
1768,2,629,25,671,44,1463,950,1486,965
1769,2,630,22,672,41,1457,952,1480,967
1770,2,633,20,676,39,1452,956,1475,971
1771,2,637,19,680,38,1447,961,1470,976
1772,2,642,18,684,37,1444,966,1467,981
1773,2,645,19,688,38,1443,970,1466,985
1774,2,648,22,691,41,1446,975,1469,989
1775,2,649,26,691,45,1453,974,1476,988
1776,2,647,29,689,48,1462,969,1485,984
1777,2,643,30,686,49,1474,962,1497,977
1778,2,638,31,680,50,1488,955,1512,970
1779,2,634,34,676,53,1502,952,1525,967
1780,2,633,38,675,57,1516,951,1539,966
1781,2,634,44,676,63,1529,952,1553,967
1782,2,637,48,679,67,1539,953,1563,968
1783,2,643,50,685,69,1548,955,1571,970
1784,2,650,51,692,70,1555,957,1579,972
1785,2,657,51,699,70,1559,961,1583,976
1786,2,667,50,708,68,1559,967,1583,982
1787,2,677,48,718,66,1556,972,1581,988
1788,2,687,44,727,62,1552,977,1576,992
1789,2,697,39,737,57,1544,981,1568,996
1790,2,706,32,745,50,1536,984,1561,1000
1791,2,713,26,753,44,1529,984,1554,1000
1792,2,718,18,758,36,1522,980,1546,996
1793,2,721,9,761,27,1514,979,1538,994
1794,2,724,2,764,20,1506,981,1530,996
1795,2,728,-2,768,16,1499,985,1522,1000
1796,2,730,-4,770,14,1489,987,1513,1002
1797,2,732,-6,772,12,1477,990,1501,1005
1798,2,733,-9,773,9,1464,990,1488,1005
1799,2,729,-5,773,5,1455,988,1476,1002
