1,1,1900,1003,1919,1023
2,1,1895,1014,1922,1028
3,1,1888,1020,1913,1034
4,1,1881,1026,1906,1040
5,1,1872,1032,1898,1046
6,1,1861,1037,1887,1051
7,1,1849,1042,1874,1056
8,1,1836,1045,1861,1059
9,1,1822,1049,1846,1063
10,1,1806,1053,1831,1067
11,1,1791,1056,1815,1070
12,1,1776,1059,1799,1072
13,1,1760,1061,1783,1074
14,1,1744,1061,1769,1075
15,1,1732,1061,1755,1074
16,1,1717,1060,1741,1074
17,1,1706,1059,1730,1072
18,1,1697,1056,1721,1069
19,1,1691,1053,1712,1065
20,1,1685,1047,1706,1059
21,1,1682,1041,1703,1053
22,1,1680,1033,1701,1045
23,1,1682,1025,1703,1037
24,1,1685,1016,1706,1028
25,1,1688,1006,1709,1018
26,1,1693,998,1714,1010
27,1,1698,989,1719,1001
28,1,1702,979,1723,991
29,1,1708,971,1729,983
30,1,1714,962,1735,974
31,1,1719,955,1741,967
32,1,1723,950,1745,962
33,1,1728,945,1750,957
34,1,1732,942,1754,954
35,1,1736,939,1758,951
36,1,1741,937,1763,949
37,1,1746,934,1768,946
38,1,1752,928,1774,940
39,1,1758,922,1780,935
40,2,1765,916,1786,928,1845,1071,1869,1081
41,2,1769,912,1790,924,1849,1067,1876,1077
42,2,1774,910,1795,922,1855,1065,1882,1075
43,2,1777,907,1801,922,1863,1065,1886,1077
44,2,1782,906,1805,921,1866,1063,1892,1075
45,2,1786,905,1810,921,1871,1063,1897,1075
46,2,1791,904,1814,920,1875,1062,1901,1074
47,2,1794,906,1819,921,1879,1063,1905,1075
48,2,1799,906,1822,921,1881,1064,1907,1076
49,2,1801,908,1825,923,1884,1065,1910,1077
50,2,1804,911,1827,926,1885,1068,1911,1080
51,2,1806,913,1829,929,1885,1071,1911,1083
52,2,1807,918,1829,932,1885,1073,1904,1083
53,1,1806,922,1829,938
54,1,1802,927,1825,943
55,1,1798,933,1821,948
56,1,1793,937,1816,953
57,1,1789,941,1812,956
58,1,1789,944,1811,959
59,1,1788,943,1810,959
60,1,1789,942,1811,958
61,1,1789,940,1812,956
62,1,1789,938,1812,953
63,1,1790,935,1813,951
64,1,1791,934,1814,948
65,1,1791,930,1814,946
66,1,1790,929,1812,945
67,1,1788,928,1811,943
68,1,1786,927,1809,942
69,1,1782,926,1805,942
70,1,1780,925,1802,941
71,1,1777,925,1799,941
72,1,1774,924,1796,940
73,1,1772,923,1794,939
74,1,1769,923,1791,939
75,1,1767,922,1789,938
76,1,1765,922,1787,938
77,1,1764,921,1786,937
78,1,1762,921,1784,937
79,1,1761,920,1783,936
80,1,1761,920,1783,936
81,1,1759,921,1781,937
82,1,1758,923,1780,939
83,1,1757,925,1779,941
84,1,1755,926,1777,942
85,1,1754,927,1776,943
86,1,1752,927,1774,943
87,1,1750,926,1772,942
88,1,1749,924,1771,940
89,1,1747,922,1768,938
90,2,1746,919,1767,935,1784,1070,1806,1080
91,2,1743,917,1766,932,1783,1068,1804,1079
92,2,1742,914,1765,929,1782,1065,1804,1077
93,2,1742,912,1765,927,1782,1062,1804,1074
94,2,1742,908,1764,923,1784,1058,1806,1070
95,2,1742,905,1765,920,1786,1055,1808,1067
96,2,1744,902,1766,916,1789,1051,1811,1063
97,2,1745,898,1767,912,1792,1047,1814,1059
98,2,1746,895,1768,909,1796,1044,1818,1056
99,2,1748,892,1770,907,1799,1040,1821,1052
100,2,1750,888,1772,903,1804,1037,1826,1049
101,2,1752,885,1774,900,1808,1033,1830,1045
102,2,1753,881,1775,896,1811,1028,1835,1041
103,2,1755,877,1778,892,1816,1024,1839,1037
104,2,1757,873,1780,888,1819,1020,1842,1033
105,2,1758,869,1780,884,1823,1016,1846,1028
106,2,1760,865,1782,879,1826,1012,1849,1023
107,2,1761,861,1783,875,1829,1008,1852,1019
108,2,1762,858,1785,873,1832,1004,1854,1015
109,2,1763,855,1786,870,1835,1002,1857,1013
110,2,1764,853,1786,867,1837,999,1860,1010
111,2,1765,851,1788,866,1840,997,1863,1008
112,2,1765,850,1788,865,1841,995,1864,1006
113,2,1766,849,1788,864,1843,995,1866,1006
114,2,1765,849,1787,864,1843,994,1867,1005
115,2,1765,849,1787,864,1843,994,1867,1005
116,2,1764,851,1787,866,1842,996,1865,1007
117,2,1763,853,1785,867,1841,997,1864,1008
118,2,1761,855,1783,869,1838,999,1861,1010
119,2,1759,857,1781,871,1836,1001,1860,1012
120,2,1755,860,1777,874,1831,1003,1855,1014
121,2,1752,863,1774,877,1827,1006,1851,1017
122,2,1748,867,1770,881,1822,1010,1845,1021
123,2,1744,871,1767,886,1817,1014,1840,1025
124,2,1740,877,1762,891,1811,1019,1835,1030
125,2,1736,882,1758,896,1807,1024,1830,1035
126,2,1732,886,1754,901,1802,1028,1825,1039
127,2,1729,890,1751,904,1798,1031,1821,1042
128,2,1725,893,1747,907,1793,1034,1817,1045
129,2,1722,895,1744,909,1789,1035,1813,1046
130,2,1718,896,1740,910,1785,1036,1809,1047
131,2,1715,897,1736,911,1781,1036,1805,1047
132,2,1713,897,1734,911,1778,1036,1801,1047
133,2,1710,896,1731,910,1775,1034,1798,1045
134,2,1709,894,1730,908,1775,1032,1798,1043
135,2,1709,891,1730,904,1775,1029,1798,1040
136,2,1709,887,1730,900,1775,1025,1798,1036
137,2,1710,884,1731,898,1777,1022,1800,1033
138,2,1712,881,1732,894,1782,1019,1804,1030
139,2,1716,877,1737,890,1787,1015,1810,1026
140,2,1720,875,1740,888,1793,1012,1816,1023
141,2,1724,872,1745,886,1800,1010,1823,1021
142,2,1728,870,1748,883,1807,1007,1830,1018
143,2,1734,868,1754,881,1816,1004,1839,1015
144,2,1739,866,1760,879,1824,1001,1847,1012
145,2,1744,863,1764,876,1831,998,1854,1009
146,2,1749,860,1769,873,1839,995,1862,1006
147,2,1753,859,1774,872,1845,994,1867,1005
148,2,1756,860,1777,873,1848,995,1871,1006
149,2,1756,863,1777,877,1847,998,1870,1009
150,2,1756,868,1776,881,1844,1004,1867,1015
151,2,1754,875,1774,888,1840,1011,1863,1022
152,2,1752,882,1772,895,1835,1017,1857,1028
153,2,1750,888,1770,901,1831,1024,1852,1034
154,2,1747,894,1767,907,1826,1030,1847,1040
155,2,1744,900,1764,913,1819,1035,1841,1045
156,2,1742,903,1762,916,1814,1038,1836,1048
157,2,1740,906,1760,919,1811,1041,1832,1051
158,2,1739,908,1758,921,1809,1043,1830,1053
159,2,1739,910,1758,922,1808,1045,1829,1055
160,2,1738,912,1757,924,1807,1047,1828,1057
161,2,1737,915,1756,927,1805,1049,1826,1059
162,2,1737,919,1755,931,1803,1053,1824,1063
163,2,1735,924,1754,936,1800,1058,1821,1068
164,2,1733,928,1751,939,1796,1062,1817,1072
165,2,1731,932,1748,943,1791,1066,1812,1076
166,2,1728,935,1745,946,1787,1068,1808,1078
167,2,1724,936,1740,947,1781,1069,1802,1079
168,2,1720,935,1738,949,1776,1069,1797,1079
169,2,1717,935,1735,949,1771,1069,1792,1079
170,2,1714,935,1731,948,1766,1068,1788,1079
171,2,1712,934,1729,947,1762,1067,1784,1078
172,2,1708,933,1726,947,1758,1066,1779,1077
173,2,1705,932,1723,946,1753,1065,1774,1076
174,2,1703,932,1720,945,1749,1064,1770,1074
175,2,1701,931,1718,944,1744,1063,1765,1074
176,2,1698,930,1715,943,1740,1062,1761,1073
177,2,1695,930,1712,943,1736,1062,1757,1073
178,2,1694,931,1711,945,1732,1062,1753,1072
179,2,1692,931,1709,945,1729,1062,1750,1072
180,2,1694,932,1711,945,1728,1063,1749,1073
181,2,1695,932,1711,945,1728,1063,1749,1073
182,2,1698,932,1714,944,1730,1063,1751,1073
183,2,1702,933,1718,945,1734,1063,1755,1073
184,2,1707,933,1723,945,1738,1062,1759,1072
185,2,1713,932,1729,944,1744,1062,1765,1072
186,2,1719,931,1735,943,1750,1060,1770,1070
187,2,1726,929,1742,942,1758,1058,1778,1068
188,2,1734,927,1750,940,1766,1057,1786,1067
189,2,1742,926,1759,939,1773,1055,1793,1065
190,2,1750,924,1767,937,1782,1052,1803,1062
191,2,1759,922,1776,935,1791,1050,1812,1060
192,2,1767,920,1784,933,1799,1048,1820,1058
193,2,1776,918,1792,931,1808,1046,1829,1056
194,2,1784,916,1800,929,1816,1043,1837,1054
195,2,1792,914,1809,927,1823,1042,1843,1052
196,2,1798,912,1815,925,1829,1040,1850,1050
197,2,1804,910,1821,923,1833,1038,1854,1048
198,2,1810,909,1827,922,1838,1036,1858,1046
199,2,1815,906,1832,919,1842,1033,1862,1043
200,2,1820,903,1837,916,1846,1030,1867,1041
201,2,1825,901,1842,914,1849,1028,1871,1039
202,2,1827,898,1844,912,1849,1025,1870,1036
203,2,1830,896,1847,909,1850,1022,1871,1033
204,2,1831,894,1848,907,1849,1020,1870,1030
205,2,1832,892,1849,905,1848,1018,1869,1028
206,2,1833,892,1850,905,1847,1018,1868,1028
207,2,1832,892,1849,906,1844,1018,1865,1028
208,2,1830,895,1848,909,1838,1020,1858,1030
209,2,1826,898,1844,912,1832,1023,1852,1033
210,2,1822,902,1840,916,1824,1026,1844,1036
211,2,1818,906,1837,921,1817,1030,1837,1040
212,2,1814,911,1833,925,1811,1034,1831,1044
213,2,1811,914,1830,929,1805,1037,1825,1047
214,2,1807,918,1826,933,1799,1040,1819,1050
215,2,1803,922,1822,937,1792,1043,1812,1053
216,2,1799,925,1818,939,1786,1045,1806,1055
217,2,1795,927,1814,942,1780,1047,1800,1057
218,2,1791,929,1810,944,1774,1048,1794,1058
219,2,1786,929,1805,944,1769,1048,1789,1058
220,2,1782,929,1801,944,1764,1047,1784,1057
221,2,1779,928,1797,942,1758,1046,1778,1056
222,2,1775,927,1793,941,1753,1044,1773,1054
223,2,1771,925,1790,939,1748,1041,1768,1051
224,2,1767,923,1785,937,1743,1039,1763,1049
225,2,1763,920,1782,935,1738,1036,1758,1046
226,2,1760,917,1778,931,1734,1032,1754,1042
227,2,1756,913,1775,928,1730,1028,1750,1038
228,2,1753,910,1772,925,1727,1025,1747,1035
229,2,1751,906,1770,921,1723,1021,1743,1031
230,2,1748,903,1767,918,1720,1018,1740,1028
231,2,1746,899,1765,914,1718,1013,1738,1023
232,2,1745,895,1763,909,1716,1009,1737,1019
233,2,1741,890,1764,906,1716,1004,1736,1014
234,2,1740,887,1763,903,1715,1001,1735,1011
235,2,1740,885,1763,901,1715,999,1735,1009
236,2,1739,884,1762,900,1715,998,1735,1008
237,2,1738,884,1762,900,1714,998,1734,1008
238,2,1738,884,1761,900,1714,999,1734,1009
239,2,1737,884,1761,900,1713,999,1733,1009
240,2,1737,884,1761,901,1713,999,1733,1009
241,2,1737,884,1761,900,1714,998,1734,1008
242,2,1737,883,1761,899,1715,997,1735,1007
243,2,1739,882,1763,898,1717,997,1737,1007
244,2,1741,882,1765,898,1720,996,1740,1006
245,2,1743,881,1767,897,1724,996,1744,1006
246,2,1746,882,1770,899,1728,997,1748,1007
247,2,1748,882,1773,899,1731,998,1752,1008
248,2,1750,883,1775,900,1735,999,1755,1009
249,2,1755,886,1777,901,1738,1001,1759,1011
250,2,1755,887,1780,904,1741,1003,1762,1014
251,2,1758,890,1782,907,1744,1005,1766,1016
252,2,1760,892,1785,909,1747,1007,1769,1018
253,2,1763,894,1787,911,1750,1009,1773,1021
254,2,1766,895,1790,912,1754,1011,1777,1023
255,2,1770,897,1795,914,1758,1013,1781,1025
256,2,1775,898,1800,915,1763,1014,1787,1026
257,2,1780,898,1805,915,1770,1015,1793,1026
258,2,1787,897,1813,915,1778,1014,1802,1026
259,2,1796,895,1822,913,1788,1012,1812,1024
260,2,1806,891,1832,909,1798,1008,1823,1021
261,2,1813,889,1840,903,1808,1005,1833,1018
262,2,1822,885,1849,899,1818,1001,1843,1014
263,2,1831,881,1859,895,1826,998,1852,1011
264,2,1841,879,1869,894,1836,996,1861,1009
265,2,1851,879,1880,894,1844,997,1870,1010
266,2,1862,881,1890,895,1852,1000,1879,1014
267,2,1871,886,1898,900,1859,1005,1886,1019
268,2,1878,891,1907,906,1864,1011,1891,1025
269,2,1888,898,1916,912,1869,1018,1896,1032
270,2,1894,905,1925,921,1874,1024,1901,1038
271,2,1901,912,1925,928,1878,1032,1907,1046
272,1,1884,1041,1913,1055
273,1,1889,1051,1919,1065
274,1,1892,1061,1921,1075
275,1,1895,1073,1924,1094
290,1,1893,983,1922,996
291,1,1892,978,1920,991
292,1,1890,974,1921,987
293,1,1888,971,1919,984
294,1,1887,967,1918,981
295,1,1887,963,1918,977
296,1,1887,959,1918,973
297,1,1887,954,1918,968
298,1,1887,951,1918,965
299,1,1886,948,1916,962
300,1,1885,946,1916,960
301,2,1883,944,1914,958,1821,1067,1845,1077
302,2,1880,943,1911,957,1818,1066,1842,1076
303,2,1877,942,1907,956,1816,1065,1840,1075
304,2,1873,942,1904,956,1813,1065,1837,1075
305,2,1869,941,1899,955,1809,1065,1833,1075
306,2,1865,942,1894,955,1804,1066,1828,1076
307,2,1858,943,1887,956,1798,1067,1822,1077
308,2,1852,945,1881,958,1792,1069,1816,1079
309,2,1845,947,1874,960,1784,1071,1808,1081
310,2,1838,948,1867,963,1777,1074,1801,1087
311,1,1830,951,1860,965
312,1,1822,954,1852,968
313,1,1813,958,1844,972
314,1,1804,962,1834,976
315,1,1796,965,1826,979
316,1,1788,970,1818,984
317,1,1780,974,1809,988
318,1,1773,977,1802,991
319,1,1767,980,1795,993
320,1,1762,982,1790,995
321,1,1759,982,1786,995
322,1,1756,982,1784,995
323,2,1755,981,1783,994,1906,364,1922,376
324,2,1754,978,1782,991,1902,364,1916,376
325,2,1756,975,1783,988,1897,361,1911,373
326,2,1757,973,1785,986,1893,359,1907,371
327,2,1759,969,1786,982,1888,355,1902,367
328,2,1761,966,1789,979,1884,352,1898,364
329,2,1765,962,1792,975,1877,349,1896,362
330,2,1769,958,1796,971,1873,344,1892,357
331,2,1774,954,1801,967,1868,340,1887,353
332,2,1781,948,1809,961,1864,335,1883,348
333,2,1788,943,1816,956,1860,329,1879,342
334,3,1796,937,1824,950,1857,323,1876,336,1747,1067,1769,1077
335,3,1804,930,1832,943,1854,316,1873,329,1757,1061,1779,1071
336,3,1812,925,1840,938,1852,309,1871,322,1767,1056,1789,1066
337,3,1821,919,1849,932,1851,302,1870,315,1777,1051,1800,1061
338,3,1830,912,1858,925,1850,295,1870,308,1788,1046,1811,1057
339,3,1839,907,1867,920,1850,288,1869,301,1798,1041,1821,1052
340,3,1848,902,1877,916,1849,282,1868,295,1810,1037,1834,1048
341,3,1857,898,1887,912,1848,277,1868,289,1820,1034,1844,1045
342,3,1866,896,1896,910,1847,274,1867,286,1831,1034,1855,1045
343,3,1874,897,1904,911,1846,273,1866,285,1840,1035,1863,1046
344,3,1880,900,1910,914,1846,275,1865,287,1848,1038,1873,1049
345,3,1886,905,1916,919,1845,279,1865,291,1853,1045,1878,1056
346,3,1888,913,1918,927,1845,286,1866,298,1856,1053,1882,1065
347,3,1889,922,1920,936,1848,296,1866,307,1857,1063,1881,1074
348,2,1889,933,1919,947,1849,307,1869,318
349,2,1887,943,1917,957,1850,318,1871,329
350,2,1883,954,1912,968,1852,330,1872,341
351,2,1876,964,1905,978,1853,342,1873,353
352,2,1866,973,1895,987,1854,354,1874,365
353,2,1854,982,1884,996,1856,365,1875,376
354,2,1841,989,1871,1003,1856,376,1875,387
355,2,1828,994,1856,1007,1854,384,1873,395
356,2,1814,997,1842,1010,1852,391,1871,401
357,2,1801,999,1829,1012,1849,396,1868,407
358,2,1787,999,1815,1012,1845,400,1864,410
359,2,1773,997,1802,1010,1840,402,1859,412
360,2,1761,995,1788,1007,1834,402,1853,413
361,2,1747,992,1774,1004,1828,403,1847,413
362,2,1732,989,1758,1001,1822,403,1841,413
363,2,1718,986,1745,999,1816,403,1835,413
364,2,1705,984,1731,996,1809,403,1828,413
365,2,1692,981,1718,993,1801,404,1820,414
366,2,1679,980,1704,992,1792,405,1811,415
367,2,1666,981,1692,993,1783,408,1801,418
368,2,1651,983,1676,995,1774,413,1792,423
369,2,1637,985,1661,996,1765,419,1783,429
370,2,1622,987,1646,998,1754,426,1772,436
371,2,1609,988,1633,999,1742,431,1760,441
372,2,1596,989,1620,1000,1729,436,1747,446
373,2,1584,989,1608,1000,1716,440,1734,450
374,2,1573,990,1596,1001,1702,444,1720,454
375,2,1562,993,1585,1004,1689,450,1707,460
376,2,1551,995,1574,1006,1675,455,1693,465
377,2,1543,997,1566,1008,1661,460,1679,470
378,2,1535,997,1558,1008,1648,464,1666,474
379,2,1529,996,1552,1007,1636,465,1654,475
380,2,1526,993,1549,1004,1624,464,1642,474
381,2,1525,989,1548,1000,1612,462,1630,472
382,2,1525,983,1548,994,1600,457,1618,467
383,2,1527,977,1551,988,1589,451,1607,461
384,2,1531,970,1554,981,1578,444,1596,454
385,2,1535,964,1559,975,1568,438,1586,448
386,2,1541,958,1565,969,1558,432,1576,442
387,2,1547,952,1570,963,1548,426,1566,436
388,2,1554,948,1578,959,1538,422,1556,432
389,2,1562,943,1586,954,1530,418,1548,428
390,2,1570,940,1593,951,1522,416,1540,426
391,2,1579,938,1602,949,1515,414,1533,424
392,3,1588,936,1612,947,1509,413,1528,423,1621,1070,1642,1080
393,3,1598,936,1623,948,1504,413,1523,424,1636,1070,1657,1080
394,3,1607,937,1631,948,1500,415,1519,426,1650,1070,1672,1080
395,3,1617,938,1641,949,1498,418,1517,428,1664,1071,1686,1081
396,3,1627,940,1651,951,1497,420,1516,430,1678,1073,1700,1083
397,2,1637,942,1660,954,1497,423,1514,434
398,2,1646,945,1669,957,1498,426,1514,437
399,2,1655,950,1678,962,1499,431,1516,442
400,2,1662,955,1686,967,1502,437,1518,448
401,2,1668,961,1692,974,1505,443,1522,454
402,2,1673,969,1697,982,1509,450,1526,461
403,2,1677,978,1701,990,1513,459,1530,470
404,2,1680,988,1704,1001,1518,468,1535,479
405,2,1683,998,1707,1011,1523,478,1540,489
406,2,1684,1009,1708,1021,1528,489,1545,500
407,2,1684,1021,1708,1033,1533,501,1550,512
408,2,1683,1032,1707,1045,1538,512,1556,523
409,2,1680,1042,1704,1055,1543,523,1561,535
410,2,1676,1052,1700,1065,1547,534,1565,545
411,2,1671,1062,1695,1075,1550,544,1567,555
412,2,1665,1072,1689,1084,1553,555,1571,566
413,1,1555,565,1573,576
414,1,1556,574,1574,585
415,1,1557,583,1575,594
416,1,1557,591,1575,602
417,1,1557,598,1575,609
418,1,1556,606,1573,617
419,1,1555,614,1573,625
420,1,1553,620,1571,631
421,1,1551,627,1569,638
422,1,1548,634,1566,645
423,1,1545,640,1563,651
424,1,1542,647,1559,658
425,1,1538,654,1556,665
426,1,1534,659,1553,671
427,1,1530,664,1548,675
428,1,1528,669,1545,679
429,1,1524,672,1541,682
430,1,1521,675,1538,686
431,1,1518,678,1535,688
432,1,1514,680,1532,691
433,1,1512,682,1529,692
434,1,1508,683,1526,694
435,1,1505,682,1524,694
436,1,1504,682,1521,692
437,1,1502,681,1519,691
438,1,1500,680,1517,691
439,1,1499,678,1516,690
440,1,1497,679,1514,691
441,1,1496,680,1513,692
442,1,1495,680,1512,692
443,1,1494,681,1511,693
444,1,1493,681,1510,693
445,1,1493,682,1510,694
446,1,1492,682,1509,694
447,1,1492,682,1509,694
448,1,1492,682,1509,694
449,1,1492,681,1509,693
450,1,1492,679,1509,691
451,1,1492,678,1509,690
452,1,1493,677,1511,690
453,1,1494,676,1511,688
454,1,1495,676,1512,688
455,1,1495,674,1512,686
456,1,1496,673,1513,685
457,1,1497,672,1515,685
458,1,1498,671,1515,683
459,1,1500,670,1517,682
460,1,1501,668,1518,680
461,1,1503,665,1520,677
462,1,1505,663,1522,675
463,1,1508,660,1525,672
464,1,1510,657,1528,669
465,1,1513,654,1531,666
466,1,1516,652,1534,664
467,1,1518,652,1535,664
468,1,1521,652,1539,664
469,1,1524,652,1541,664
470,1,1526,653,1544,665
471,1,1528,654,1546,667
472,1,1531,655,1549,668
473,1,1534,658,1552,671
474,1,1536,660,1554,673
475,1,1538,661,1556,674
476,1,1541,661,1559,674
477,1,1543,661,1561,674
478,1,1545,661,1563,674
479,1,1547,661,1565,674
480,1,1549,661,1567,674
481,1,1551,661,1569,674
482,1,1552,661,1570,674
483,1,1554,661,1572,674
484,1,1554,662,1572,675
485,1,1555,662,1574,675
486,1,1555,662,1573,675
487,1,1556,662,1574,675
488,1,1556,662,1574,675
489,1,1556,662,1574,675
490,1,1556,661,1574,674
491,1,1555,660,1573,673
492,1,1555,659,1573,672
493,1,1554,658,1572,671
494,1,1553,657,1571,670
495,1,1552,656,1570,669
496,1,1552,656,1570,669
497,1,1551,655,1569,668
498,1,1550,656,1568,669
499,1,1550,657,1568,670
500,1,1549,658,1567,671
501,1,1548,660,1566,673
502,1,1547,662,1565,675
503,1,1546,664,1564,677
504,1,1545,667,1563,680
505,1,1544,669,1562,682
506,1,1542,672,1560,685
507,1,1542,674,1560,686
508,1,1540,676,1558,688
509,1,1538,677,1556,690
510,1,1537,678,1555,691
511,1,1536,677,1554,690
512,1,1535,676,1553,689
513,1,1534,675,1552,688
514,1,1534,674,1552,687
515,1,1533,673,1551,686
516,1,1533,671,1551,683
517,1,1534,671,1551,683
518,1,1534,671,1552,683
519,1,1534,671,1551,683
520,1,1534,671,1552,684
521,1,1535,671,1553,684
522,1,1536,669,1554,682
523,1,1538,668,1556,680
524,1,1539,665,1557,678
525,1,1541,662,1559,675
526,1,1543,657,1561,670
527,1,1545,653,1563,666
528,1,1547,649,1565,662
529,1,1549,645,1567,658
530,1,1551,642,1569,655
531,1,1554,639,1571,651
532,1,1557,636,1575,649
533,1,1559,634,1577,647
534,1,1562,631,1580,644
535,1,1565,629,1583,642
536,1,1568,629,1586,642
537,1,1571,628,1589,641
538,1,1574,628,1592,641
539,1,1577,629,1595,642
540,1,1580,629,1599,642
541,1,1582,630,1601,643
542,1,1585,631,1603,644
543,1,1588,632,1607,645
544,1,1590,632,1609,645
545,1,1593,631,1611,644
546,1,1595,630,1614,643
547,1,1597,630,1616,643
548,1,1599,629,1618,642
549,1,1601,629,1620,643
550,1,1604,629,1622,642
551,1,1604,628,1624,642
552,1,1605,628,1624,642
553,1,1606,628,1626,642
554,1,1607,629,1626,642
555,1,1607,630,1626,644
556,1,1607,631,1626,645
557,1,1607,632,1626,646
558,1,1606,633,1626,647
559,1,1606,634,1625,648
560,1,1606,636,1624,649
561,1,1604,638,1624,652
562,1,1604,640,1623,654
563,1,1603,643,1621,656
564,1,1602,646,1620,659
565,1,1600,650,1619,663
566,1,1598,655,1617,668
567,1,1598,660,1616,673
568,1,1597,665,1615,678
569,1,1595,669,1613,682
570,1,1595,674,1613,686
571,1,1593,677,1611,690
572,1,1592,680,1610,693
573,1,1591,682,1609,694
574,1,1590,682,1607,694
575,1,1589,681,1607,694
576,1,1589,680,1607,693
577,1,1589,678,1607,690
578,1,1589,675,1607,688
579,1,1588,672,1606,685
580,1,1589,670,1606,682
581,1,1589,668,1607,680
582,1,1589,667,1606,679
583,1,1590,665,1607,677
584,1,1591,664,1609,677
585,1,1593,663,1611,676
586,1,1594,662,1612,675
587,1,1596,660,1614,673
588,1,1598,659,1616,672
589,1,1600,658,1618,671
590,1,1602,658,1620,671
591,1,1604,657,1621,669
592,1,1607,657,1625,670
593,1,1609,658,1627,671
594,1,1612,658,1630,670
595,1,1614,659,1632,672
596,1,1617,659,1635,672
597,1,1619,659,1637,672
598,1,1621,659,1638,671
599,1,1623,659,1641,672
600,1,1624,658,1643,671
601,1,1626,659,1644,672
602,1,1627,660,1645,673
603,1,1630,661,1648,674
604,1,1631,662,1649,675
605,1,1633,664,1651,677
606,1,1635,666,1653,679
607,1,1637,667,1656,680
608,1,1640,667,1658,680
609,1,1642,668,1660,681
610,1,1644,668,1662,681
611,1,1646,668,1664,681
612,1,1649,669,1667,682
613,1,1651,669,1669,682
614,1,1653,669,1671,682
615,1,1655,669,1673,682
616,1,1656,669,1675,682
617,1,1657,670,1676,683
618,1,1658,671,1677,684
619,1,1659,673,1677,686
620,1,1659,675,1678,688
621,1,1660,677,1679,690
622,1,1660,680,1679,693
623,1,1659,682,1678,695
624,1,1658,684,1677,697
625,1,1656,687,1675,700
626,1,1655,688,1673,701
627,1,1653,690,1671,703
628,1,1651,691,1669,704
629,1,1648,692,1666,705
630,1,1645,693,1663,706
631,1,1643,694,1661,707
632,1,1640,693,1659,706
633,1,1637,693,1655,706
634,1,1634,693,1652,706
635,1,1632,693,1650,706
636,1,1629,694,1647,707
637,1,1627,695,1646,708
638,1,1624,696,1642,709
639,1,1622,696,1640,709
640,1,1621,697,1639,710
641,1,1619,698,1637,711
642,1,1617,699,1634,711
643,1,1615,699,1633,712
644,1,1614,699,1633,712
645,1,1613,699,1631,712
646,1,1612,699,1630,712
647,1,1611,698,1629,711
648,1,1611,696,1629,709
649,1,1610,694,1628,707
650,1,1610,692,1628,705
651,1,1610,690,1628,703
652,1,1609,687,1627,700
653,1,1610,685,1628,698
654,1,1609,683,1627,696
655,1,1609,681,1627,694
656,1,1608,679,1626,692
657,1,1608,678,1626,691
658,1,1608,677,1627,690
659,1,1608,677,1626,690
660,1,1608,676,1627,689
661,1,1609,675,1627,688
662,1,1609,674,1627,687
663,1,1609,673,1628,686
664,1,1609,673,1628,686
665,1,1610,673,1629,686
666,1,1612,673,1630,686
667,1,1613,672,1631,685
668,1,1614,673,1632,686
669,1,1616,672,1634,685
670,1,1617,671,1635,684
671,1,1618,670,1636,683
672,1,1620,669,1638,682
673,1,1621,668,1639,681
674,1,1622,668,1640,681
675,1,1623,667,1641,680
676,1,1624,667,1642,680
677,1,1625,667,1643,680
678,1,1625,667,1643,680
679,1,1626,667,1644,680
680,1,1626,667,1644,680
681,1,1627,669,1645,681
682,1,1627,671,1645,683
683,1,1627,672,1645,685
684,1,1628,674,1646,687
685,1,1628,677,1646,690
686,1,1628,680,1646,693
687,1,1628,685,1646,697
688,1,1628,689,1646,702
689,1,1627,693,1646,706
690,1,1628,697,1646,710
691,1,1628,701,1646,714
692,1,1627,705,1645,718
693,1,1627,710,1646,723
694,1,1627,714,1645,727
695,1,1626,718,1644,731
696,1,1626,721,1645,734
697,1,1626,725,1644,738
698,1,1626,727,1644,740
699,1,1626,730,1644,743
700,1,1625,733,1643,746
701,1,1625,735,1643,748
702,1,1625,737,1643,750
703,1,1625,738,1644,751
704,1,1625,739,1644,752
705,1,1625,739,1643,752
706,1,1625,739,1643,752
707,1,1626,738,1644,751
708,1,1627,737,1646,750
709,1,1628,735,1647,748
710,1,1630,733,1648,746
711,1,1632,731,1650,744
712,1,1634,727,1653,740
713,1,1636,725,1654,738
714,1,1638,723,1656,736
715,1,1639,721,1658,734
716,1,1642,719,1661,732
717,1,1643,717,1662,730
718,1,1646,715,1664,728
719,1,1648,713,1666,726
720,1,1651,711,1669,724
721,1,1654,710,1672,723
722,1,1656,708,1674,721
723,1,1659,708,1678,721
724,1,1661,708,1680,721
725,1,1663,709,1682,722
726,1,1666,711,1684,724
727,1,1668,714,1686,727
728,1,1670,716,1689,729
729,1,1672,719,1690,732
730,1,1673,720,1692,733
731,1,1675,722,1694,735
732,1,1677,723,1696,736
733,1,1679,724,1698,737
734,1,1681,725,1700,738
735,1,1683,725,1702,738
736,1,1685,726,1704,740
737,1,1688,725,1707,739
738,1,1691,725,1709,738
739,1,1694,723,1713,736
740,1,1697,722,1716,735
741,1,1699,722,1718,735
742,1,1700,723,1719,737
743,1,1702,724,1721,737
744,1,1703,725,1722,738
745,1,1704,727,1723,740
746,1,1704,728,1723,741
747,1,1704,730,1723,744
748,1,1705,732,1724,745
749,1,1704,734,1723,748
750,1,1704,736,1723,750
751,1,1703,738,1722,751
752,1,1702,739,1721,753
753,1,1702,740,1721,753
754,1,1701,740,1720,754
755,1,1700,741,1719,755
756,1,1699,742,1719,756
757,1,1699,745,1718,758
758,1,1697,746,1716,759
759,1,1696,749,1715,763
760,1,1695,752,1714,765
761,1,1694,754,1713,768
762,1,1692,758,1710,771
763,1,1691,761,1710,774
764,1,1689,763,1708,776
765,1,1688,765,1707,778
766,1,1686,765,1705,778
767,1,1685,765,1704,779
768,1,1684,764,1703,777
769,1,1684,763,1703,776
770,1,1683,761,1701,774
771,1,1683,760,1702,773
772,1,1684,759,1703,772
773,1,1685,757,1704,771
774,1,1686,755,1705,769
775,1,1688,754,1707,768
776,1,1691,753,1710,766
777,1,1694,751,1713,764
778,1,1697,748,1716,761
779,1,1700,745,1719,758
780,1,1704,742,1723,755
781,1,1708,739,1727,752
782,1,1712,735,1731,748
783,1,1717,732,1736,745
784,1,1721,729,1740,743
785,1,1725,726,1744,740
786,1,1730,724,1750,738
787,1,1735,723,1755,737
788,1,1740,721,1760,735
789,1,1746,721,1765,735
790,1,1752,720,1771,734
791,1,1757,719,1777,733
792,1,1761,719,1781,733
793,1,1766,719,1786,733
794,1,1771,720,1791,734
795,1,1775,720,1794,734
796,1,1779,721,1798,734
797,1,1783,722,1803,736
798,1,1787,723,1807,737
799,1,1791,725,1810,739
800,1,1795,726,1814,740
801,1,1798,727,1818,741
802,1,1802,727,1822,741
803,1,1806,728,1826,742
804,1,1810,728,1830,742
805,1,1813,728,1833,742
806,1,1817,728,1837,742
807,1,1820,727,1841,742
808,1,1824,728,1845,743
809,1,1828,727,1849,742
810,1,1832,727,1852,741
811,1,1835,726,1856,741
812,1,1839,724,1860,739
813,1,1842,722,1863,737
814,1,1846,719,1867,734
815,1,1849,717,1870,732
816,1,1852,715,1874,730
817,1,1856,715,1877,730
818,1,1859,714,1880,729
819,1,1863,714,1884,729
820,1,1867,713,1888,728
821,1,1870,713,1891,728
822,1,1874,713,1895,728
823,1,1877,713,1898,728
824,1,1880,713,1901,728
825,1,1884,712,1905,727
826,1,1887,711,1908,726
827,1,1892,710,1913,725
828,1,1896,709,1917,724
829,1,1901,708,1922,723
830,1,1906,706,1931,722
1176,1,1808,1068,1829,1082
1177,1,1815,1068,1837,1081
1178,1,1824,1065,1846,1081
1179,1,1833,1063,1854,1079
1180,1,1841,1060,1862,1076
1181,1,1850,1057,1871,1073
1182,1,1858,1054,1879,1070
1183,1,1866,1053,1888,1069
1184,1,1873,1052,1894,1068
1185,1,1878,1052,1899,1068
1186,1,1880,1053,1901,1069
1187,1,1883,1055,1904,1071
1188,1,1886,1056,1907,1072
1189,1,1890,1058,1911,1074
1190,1,1894,1058,1915,1074
1191,1,1898,1060,1919,1076
1192,1,1902,1060,1923,1076
1193,1,1907,1061,1926,1076
1490,1,1902,685,1923,699
1491,1,1899,686,1918,701
1492,1,1898,688,1919,701
1493,1,1896,689,1917,702
1494,1,1894,689,1915,702
1495,1,1892,690,1913,703
1496,1,1890,690,1911,703
1497,1,1888,690,1909,703
1498,1,1886,691,1907,704
1499,1,1883,691,1904,704
1500,1,1881,691,1902,704
1501,1,1879,692,1900,705
1502,1,1877,692,1898,705
1503,1,1874,692,1895,705
1504,1,1871,692,1892,705
1505,1,1869,693,1890,706
1506,1,1868,694,1888,707
1507,1,1865,694,1885,707
1508,1,1863,695,1884,708
1509,1,1861,695,1881,708
1510,1,1858,696,1878,709
1511,1,1856,696,1875,708
1512,1,1855,696,1874,708
1513,1,1853,696,1872,708
1514,1,1851,696,1870,708
1515,1,1849,696,1868,708
1516,1,1848,696,1866,707
1517,1,1845,696,1864,708
1518,1,1844,696,1863,708
1519,1,1842,696,1861,707
1520,1,1840,696,1859,708
1521,1,1839,696,1858,708
1522,1,1838,696,1857,708
1523,1,1836,697,1854,708
1524,1,1835,698,1853,709
1525,1,1834,699,1852,710
1526,1,1832,701,1850,712
1527,1,1831,703,1849,714
1528,1,1829,705,1847,716
1529,1,1827,707,1845,718
1530,1,1826,709,1844,720
1531,1,1824,711,1844,724
1532,1,1822,713,1843,726
1533,1,1820,715,1840,728
1534,1,1819,716,1838,729
1535,1,1817,717,1836,729
1536,1,1815,718,1835,731
1537,1,1814,718,1833,730
1538,1,1813,718,1832,730
1539,1,1811,717,1830,729
1540,1,1810,717,1829,729
1541,1,1808,717,1827,729
1542,1,1806,717,1825,729
1543,1,1805,718,1823,730
1544,1,1800,717,1822,730
1545,1,1798,718,1820,731
1546,1,1795,719,1817,732
1547,1,1794,721,1815,733
1548,1,1792,722,1814,735
1549,1,1789,724,1811,737
1550,1,1786,725,1808,738
1551,1,1784,727,1806,740
1552,1,1781,730,1804,743
1553,1,1779,732,1801,745
1554,1,1775,734,1798,747
1555,1,1773,737,1795,750
1556,1,1770,740,1792,753
1557,1,1767,744,1788,757
1558,1,1764,746,1786,759
1559,2,1761,749,1783,762,1898,886,1916,897
1560,2,1759,752,1781,765,1895,888,1913,899
1561,2,1757,755,1779,768,1893,890,1911,901
1562,2,1756,756,1778,769,1893,891,1911,902
1563,2,1754,758,1776,771,1892,892,1910,903
1564,2,1752,759,1774,772,1892,892,1910,903
1565,2,1751,759,1773,772,1891,892,1909,903
1566,2,1750,758,1773,771,1891,891,1909,902
1567,2,1749,758,1772,771,1891,889,1909,900
1568,2,1749,757,1772,770,1892,888,1910,899
1569,2,1748,756,1771,769,1892,886,1910,897
1570,2,1748,755,1771,768,1892,885,1910,896
1571,2,1748,755,1771,769,1893,883,1913,895
1572,2,1747,754,1770,767,1894,882,1913,894
1573,2,1747,754,1770,768,1896,882,1915,893
1574,2,1748,754,1771,767,1896,881,1916,893
1575,2,1750,753,1771,768,1898,880,1918,892
1576,2,1748,753,1771,766,1899,879,1920,892
1577,2,1748,753,1772,767,1900,878,1920,890
1578,2,1749,752,1772,765,1900,877,1922,890
1579,2,1753,752,1772,767,1902,876,1930,890
1580,2,1751,752,1772,766,1904,875,1929,889
1581,2,1751,752,1772,767,1904,874,1929,889
1582,2,1752,753,1772,766,1905,875,1930,888
1583,2,1752,753,1772,767,1904,875,1930,889
1584,2,1752,755,1773,769,1905,877,1930,889
1585,2,1751,757,1773,769,1905,878,1930,891
1586,2,1751,757,1772,771,1905,880,1930,892
1587,2,1752,760,1773,773,1904,880,1929,893
1588,2,1750,762,1771,775,1904,880,1929,894
1589,2,1749,764,1772,779,1904,882,1930,896
1590,2,1748,765,1770,780,1903,883,1930,897
1591,2,1748,767,1769,781,1902,883,1921,898
1592,2,1746,769,1766,781,1901,886,1922,900
1593,2,1746,771,1766,785,1900,889,1926,903
1594,2,1744,773,1764,786,1898,890,1920,904
1595,2,1742,774,1760,787,1897,893,1918,904
1596,2,1740,775,1758,788,1894,894,1915,905
1597,2,1738,776,1755,789,1892,894,1913,905
1598,2,1736,777,1754,790,1890,895,1911,906
1599,2,1737,779,1754,791,1889,895,1911,906
1600,2,1734,780,1751,792,1887,896,1908,907
1601,2,1733,782,1748,793,1886,897,1907,907
1602,2,1730,784,1749,796,1884,898,1905,909
1603,2,1729,785,1746,797,1882,900,1903,911
1604,2,1726,787,1744,800,1881,902,1902,912
1605,2,1726,790,1745,803,1879,903,1901,913
1606,2,1723,790,1743,804,1878,903,1900,914
1607,2,1722,791,1741,804,1877,902,1899,913
1608,2,1721,791,1740,804,1877,902,1899,912
1609,2,1718,791,1737,804,1874,901,1896,911
1610,2,1716,791,1735,804,1871,901,1894,911
1611,2,1712,792,1732,805,1865,901,1889,913
1612,2,1708,794,1728,807,1861,903,1884,915
1613,3,1704,797,1724,810,1855,905,1878,917,1902,261,1922,275
1614,3,1699,801,1719,814,1849,908,1872,920,1898,266,1916,280
1615,3,1694,804,1715,817,1842,911,1865,923,1892,272,1912,283
1616,3,1687,806,1708,819,1834,913,1856,925,1887,277,1907,288
1617,3,1682,809,1703,822,1828,916,1850,928,1880,281,1900,292
1618,3,1676,811,1695,824,1820,918,1842,929,1874,285,1894,296
1619,3,1669,813,1689,826,1812,918,1835,930,1868,289,1887,300
1620,3,1663,814,1683,827,1805,919,1828,931,1859,292,1879,303
1621,3,1657,815,1678,828,1798,920,1821,932,1852,295,1872,306
1622,3,1651,816,1671,829,1790,920,1812,932,1845,298,1864,309
1623,3,1645,817,1664,830,1783,920,1806,932,1837,300,1856,311
1624,3,1639,816,1658,828,1777,920,1800,932,1829,302,1848,312
1625,3,1635,816,1653,828,1772,919,1794,931,1821,303,1840,313
1626,3,1630,815,1649,827,1767,918,1789,930,1811,304,1830,315
1627,3,1626,815,1644,827,1763,917,1786,929,1802,305,1821,315
1628,3,1622,816,1640,828,1759,917,1782,929,1792,307,1811,317
1629,3,1618,816,1637,828,1756,917,1779,929,1783,308,1802,318
1630,3,1615,817,1633,829,1753,917,1776,929,1773,311,1792,321
1631,3,1612,819,1630,831,1750,918,1774,930,1764,313,1783,323
1632,3,1609,821,1627,832,1747,918,1770,930,1755,315,1774,325
1633,3,1605,822,1623,833,1744,919,1767,931,1746,318,1765,328
1634,3,1603,824,1621,835,1742,920,1764,932,1738,320,1757,330
1635,3,1600,825,1618,836,1740,920,1763,932,1730,322,1749,332
1636,3,1597,826,1616,837,1737,920,1760,932,1722,324,1741,334
1637,3,1595,826,1613,837,1735,920,1758,932,1715,325,1734,335
1638,3,1593,827,1611,838,1733,920,1756,932,1709,327,1728,337
1639,3,1592,827,1610,838,1732,920,1755,932,1703,328,1722,338
1640,3,1591,828,1609,839,1730,920,1753,932,1697,330,1716,340
1641,3,1589,829,1607,840,1730,921,1751,932,1691,331,1710,341
1642,3,1589,830,1606,841,1729,921,1751,933,1686,332,1705,342
1643,3,1588,831,1606,842,1728,921,1751,933,1682,334,1701,344
1644,3,1588,832,1605,843,1728,922,1751,934,1677,336,1696,346
1645,3,1588,833,1606,844,1729,922,1751,934,1673,337,1692,347
1646,3,1589,834,1606,845,1731,923,1754,935,1669,338,1688,348
1647,3,1590,835,1608,846,1733,923,1758,936,1664,339,1683,349
1648,3,1592,835,1610,846,1735,923,1758,935,1661,340,1680,350
1649,3,1593,836,1611,847,1738,923,1761,935,1657,341,1676,351
1650,3,1596,836,1614,847,1740,923,1763,935,1654,341,1673,351
1651,3,1597,837,1615,848,1743,923,1766,935,1652,342,1671,352
1652,3,1600,838,1618,849,1746,924,1769,936,1650,343,1669,353
1653,3,1602,839,1620,850,1749,925,1773,937,1648,344,1667,354
1654,3,1605,840,1623,851,1752,925,1776,938,1646,346,1665,356
1655,3,1608,842,1626,853,1756,927,1779,939,1645,347,1664,357
1656,3,1610,844,1628,855,1758,928,1782,940,1644,349,1663,359
1657,3,1612,846,1631,857,1760,930,1784,942,1642,351,1661,361
1658,3,1614,848,1633,860,1763,932,1787,944,1642,353,1661,363
1659,3,1616,851,1635,863,1765,934,1789,947,1642,356,1661,366
1660,3,1619,854,1637,865,1766,937,1790,950,1642,358,1661,368
1661,3,1619,857,1638,869,1767,941,1792,954,1642,362,1661,372
1662,3,1622,862,1639,873,1767,944,1792,957,1641,366,1660,376
1663,3,1620,865,1639,877,1768,948,1793,961,1641,370,1660,380
1664,3,1623,871,1640,882,1768,953,1793,966,1641,376,1660,386
1665,3,1622,875,1639,885,1767,958,1791,970,1641,381,1661,391
1666,3,1621,880,1638,890,1765,962,1790,975,1641,386,1661,396
1667,3,1620,884,1637,895,1762,966,1787,979,1640,391,1660,401
1668,3,1618,888,1635,899,1759,970,1785,984,1639,395,1658,405
1669,3,1616,891,1633,902,1756,973,1782,986,1637,400,1657,410
1670,3,1613,894,1631,905,1753,976,1778,989,1636,403,1656,414
1671,3,1610,896,1627,906,1750,978,1774,990,1634,406,1654,417
1672,3,1607,897,1624,908,1746,980,1770,993,1631,409,1652,420
1673,3,1604,898,1622,909,1741,981,1765,994,1629,411,1650,422
1674,3,1601,899,1618,910,1737,981,1761,994,1626,412,1646,423
1675,3,1598,900,1615,910,1734,982,1758,995,1624,414,1644,424
1676,3,1595,900,1612,911,1729,982,1753,995,1620,415,1640,426
1677,3,1592,900,1609,911,1724,982,1748,995,1617,416,1637,427
1678,3,1588,901,1605,911,1720,982,1745,995,1613,418,1633,429
1679,3,1584,901,1601,911,1714,983,1739,996,1609,419,1630,430
1680,3,1580,903,1597,913,1709,984,1733,997,1606,422,1626,433
1681,3,1576,903,1593,913,1704,985,1728,997,1602,424,1622,434
1682,3,1572,904,1589,914,1699,985,1723,998,1597,425,1617,435
1683,3,1568,903,1585,914,1696,984,1720,997,1592,426,1611,436
1684,3,1566,902,1583,912,1693,982,1717,994,1587,426,1607,436
1685,3,1563,900,1581,911,1689,981,1713,994,1582,425,1602,435
1686,3,1560,900,1577,911,1687,979,1711,992,1576,425,1596,436
1687,3,1558,899,1575,909,1684,977,1708,989,1570,425,1589,435
1688,3,1554,898,1572,909,1681,976,1705,989,1564,425,1584,435
1689,3,1551,898,1568,908,1677,976,1701,989,1558,426,1578,437
1690,3,1547,899,1564,909,1672,977,1696,989,1552,428,1572,438
1691,3,1542,900,1559,911,1666,978,1689,990,1547,430,1567,440
1692,3,1536,902,1553,913,1660,980,1684,992,1541,433,1561,444
1693,3,1531,905,1548,915,1653,982,1677,994,1536,437,1555,447
1694,3,1525,908,1542,918,1647,985,1671,997,1530,441,1549,451
1695,3,1519,911,1535,921,1640,988,1663,1000,1525,445,1545,455
1696,3,1513,915,1529,925,1633,992,1656,1004,1520,451,1539,461
1697,3,1507,919,1523,929,1625,996,1648,1008,1514,457,1533,467
1698,3,1500,924,1517,934,1619,1001,1642,1013,1508,462,1528,473
1699,3,1494,929,1511,939,1612,1005,1635,1017,1502,469,1522,480
1700,3,1488,933,1505,943,1605,1009,1628,1021,1497,475,1517,485
1701,3,1482,937,1499,947,1597,1013,1620,1025,1491,481,1511,491
1702,3,1475,940,1492,950,1590,1016,1613,1028,1485,486,1505,497
1703,3,1469,944,1486,954,1583,1020,1606,1032,1479,491,1499,501
1704,3,1462,948,1478,958,1575,1023,1598,1035,1474,496,1494,506
1705,3,1455,951,1471,961,1567,1027,1589,1039,1468,501,1488,511
1706,3,1449,955,1466,965,1560,1031,1582,1043,1463,506,1483,516
1707,3,1442,959,1458,969,1552,1035,1574,1047,1458,512,1477,522
1708,3,1436,962,1452,972,1544,1038,1567,1050,1454,518,1473,528
1709,3,1429,967,1445,977,1537,1043,1559,1055,1449,523,1468,533
1710,3,1424,971,1441,981,1530,1048,1552,1060,1444,529,1464,540
1711,3,1418,975,1435,985,1523,1052,1545,1064,1439,534,1459,545
1712,3,1412,979,1430,990,1517,1055,1539,1067,1435,539,1455,550
1713,3,1407,983,1424,994,1511,1060,1533,1071,1431,545,1451,556
1714,3,1403,986,1420,996,1506,1063,1528,1074,1428,549,1448,560
1715,3,1399,990,1416,1000,1502,1066,1524,1077,1424,554,1445,565
1716,3,1396,992,1413,1002,1498,1069,1520,1080,1421,558,1441,568
1717,3,1393,994,1409,1004,1495,1071,1517,1082,1418,561,1438,572
1718,3,1391,993,1408,1011,1494,1070,1518,1087,1415,560,1434,574
1719,3,1387,997,1408,1010,1492,1073,1515,1088,1415,565,1432,578
1720,2,1386,997,1405,1010,1413,567,1429,579
1721,2,1385,998,1404,1011,1411,568,1427,580
1722,2,1384,999,1402,1012,1410,570,1426,582
1723,2,1383,1000,1402,1013,1409,571,1425,583
1724,2,1382,1001,1401,1014,1408,572,1424,584
1725,2,1381,1002,1400,1015,1408,573,1424,585
1726,2,1380,1003,1399,1016,1407,575,1423,587
1727,2,1380,1004,1399,1017,1407,576,1423,588
1728,2,1380,1005,1398,1018,1408,577,1424,589
1729,2,1380,1006,1398,1019,1409,579,1425,591
1730,2,1380,1007,1398,1020,1409,580,1425,592
1731,2,1380,1009,1398,1021,1411,581,1427,593
1732,2,1379,1010,1398,1023,1412,583,1428,595
1733,2,1378,1012,1397,1025,1413,584,1430,596
1734,2,1376,1014,1395,1027,1415,587,1432,599
1735,2,1376,1016,1395,1029,1417,589,1434,602
1736,2,1375,1019,1394,1032,1419,592,1436,605
1737,2,1373,1021,1392,1034,1420,596,1437,608
1738,2,1372,1024,1391,1037,1423,599,1439,611
1739,2,1370,1027,1389,1040,1425,602,1442,614
1740,2,1369,1030,1388,1043,1427,606,1443,618
1741,2,1366,1033,1385,1046,1429,609,1445,621
1742,2,1364,1036,1383,1049,1431,613,1447,625
1743,2,1360,1038,1379,1051,1433,616,1449,628
1744,2,1357,1041,1376,1054,1435,620,1451,632
1745,2,1353,1044,1372,1057,1436,623,1453,635
1746,2,1349,1046,1368,1059,1437,626,1454,639
1747,2,1344,1048,1363,1061,1439,629,1455,641
1748,2,1340,1049,1359,1062,1440,632,1457,644
1749,2,1335,1051,1354,1064,1442,635,1459,647
1750,2,1331,1053,1350,1064,1443,637,1459,649
1751,2,1327,1053,1346,1064,1444,638,1460,650
1752,2,1324,1053,1343,1064,1445,639,1461,651
1753,2,1321,1053,1339,1064,1446,639,1462,651
1754,2,1318,1051,1336,1062,1447,639,1463,651
1755,2,1316,1050,1334,1061,1448,639,1464,651
1756,2,1313,1050,1331,1061,1449,639,1465,651
1757,2,1312,1049,1330,1060,1450,639,1466,651
1758,2,1310,1047,1329,1058,1451,638,1467,650
1759,2,1310,1046,1328,1057,1453,637,1469,649
1760,2,1310,1043,1328,1054,1453,634,1470,646
1761,2,1309,1041,1327,1051,1455,633,1471,645
1762,2,1307,1040,1325,1051,1455,631,1472,643
1763,2,1306,1039,1324,1050,1456,631,1472,643
1764,2,1305,1038,1323,1048,1456,631,1472,643
1765,2,1303,1038,1321,1048,1457,631,1473,643
1766,2,1303,1037,1321,1047,1457,631,1473,643
1767,2,1302,1037,1320,1048,1458,631,1474,643
1768,2,1301,1037,1319,1048,1458,631,1474,643
1769,2,1300,1036,1318,1046,1458,630,1474,642
1770,2,1299,1035,1317,1046,1458,630,1474,642
1771,2,1297,1034,1316,1045,1458,630,1474,642
1772,2,1296,1033,1314,1043,1458,629,1474,641
1773,2,1293,1032,1311,1042,1457,629,1474,641
1774,2,1291,1032,1309,1042,1457,628,1473,640
1775,2,1289,1030,1307,1040,1457,628,1473,640
1776,2,1288,1029,1306,1039,1456,627,1472,639
1777,2,1287,1028,1305,1039,1455,626,1471,638
1778,2,1287,1027,1305,1038,1455,625,1472,637
1779,2,1288,1026,1306,1037,1455,623,1472,636
1780,2,1291,1025,1309,1036,1455,622,1472,634
1781,2,1295,1023,1313,1034,1456,619,1472,631
1782,2,1300,1021,1318,1032,1457,615,1473,627
1783,2,1306,1018,1324,1029,1457,611,1474,623
1784,2,1311,1016,1329,1027,1458,607,1474,619
1785,2,1316,1014,1334,1025,1459,604,1475,616
1786,2,1320,1014,1339,1025,1460,601,1476,613
1787,2,1325,1013,1344,1024,1461,600,1477,612
1788,2,1329,1012,1348,1023,1462,598,1479,611
1789,2,1333,1011,1352,1022,1464,596,1480,608
1790,2,1336,1011,1355,1022,1465,595,1482,608
1791,2,1340,1011,1359,1022,1466,594,1482,606
1792,2,1342,1012,1361,1023,1467,593,1484,606
1793,2,1345,1012,1364,1023,1468,593,1485,606
1794,2,1347,1013,1366,1024,1470,593,1487,605
1795,2,1349,1014,1368,1025,1471,594,1488,607
1796,2,1350,1015,1369,1026,1471,595,1488,608
1797,2,1350,1017,1369,1028,1472,596,1489,609
1798,2,1350,1018,1370,1029,1473,598,1490,611
1799,2,1350,1020,1369,1031,1473,599,1490,612
