4,1,1893,689,1919,702
5,2,1887,689,1913,703,870,81,892,96
6,2,1879,691,1905,705,867,84,885,100
7,2,1869,692,1897,706,863,86,884,103
8,2,1861,691,1889,705,853,94,875,111
9,2,1853,691,1880,705,843,103,863,119
10,2,1846,690,1873,704,833,110,854,127
11,2,1839,691,1866,704,824,120,845,137
12,2,1832,691,1858,704,813,129,834,146
13,2,1828,690,1852,703,836,108,852,120
14,2,1822,690,1847,703,826,118,842,130
15,2,1816,690,1840,703,821,117,843,133
16,2,1811,691,1835,704,811,127,834,143
17,2,1805,692,1830,705,813,128,831,144
18,2,1801,695,1825,708,807,135,829,152
19,2,1796,697,1820,710,804,141,820,158
20,2,1791,700,1815,713,802,146,814,164
21,2,1787,703,1810,716,794,152,814,169
22,2,1783,706,1806,718,792,154,812,172
23,2,1776,709,1802,722,790,159,809,172
24,2,1772,712,1798,725,785,166,805,180
25,2,1769,715,1794,728,780,173,800,187
26,2,1765,717,1790,730,774,180,795,194
27,2,1761,719,1786,732,769,186,790,200
28,2,1756,722,1782,735,765,191,785,205
29,2,1752,724,1777,736,760,195,781,209
30,2,1746,727,1771,739,755,200,776,214
31,2,1741,731,1765,743,751,205,773,220
32,2,1736,733,1760,745,746,208,768,223
33,2,1731,733,1756,745,741,212,763,227
34,2,1725,732,1748,744,733,216,755,231
35,3,1719,734,1742,746,727,219,750,234,1894,65,1912,78
36,3,1712,739,1735,751,723,221,745,235,1888,70,1906,83
37,3,1705,747,1727,759,720,224,743,239,1886,78,1904,91
38,3,1697,756,1719,767,718,227,740,242,1884,89,1901,101
39,3,1688,764,1710,775,715,229,737,244,1883,99,1900,111
40,3,1680,773,1702,784,713,232,735,247,1881,110,1898,122
41,3,1672,781,1694,792,710,235,733,250,1880,121,1897,133
42,3,1664,788,1686,800,708,238,730,252,1877,131,1894,143
43,3,1657,792,1679,803,702,241,726,257,1872,139,1889,151
44,3,1651,795,1672,806,697,243,721,259,1867,145,1883,157
45,3,1646,798,1667,809,692,244,716,260,1862,150,1880,163
46,3,1641,801,1662,812,687,247,712,263,1857,155,1875,168
47,3,1638,804,1659,815,681,251,706,267,1851,159,1869,172
48,3,1636,808,1657,819,676,256,700,272,1846,163,1864,176
49,3,1635,811,1656,822,672,262,696,278,1841,168,1858,180
50,3,1634,814,1655,825,667,268,691,284,1836,172,1854,185
51,3,1633,816,1654,827,661,274,685,290,1832,175,1849,187
52,3,1634,818,1655,829,657,279,681,295,1827,177,1845,190
53,3,1635,818,1656,829,652,284,676,300,1823,179,1841,192
54,3,1636,818,1657,829,646,289,670,305,1819,178,1837,191
55,3,1638,817,1658,827,641,295,665,311,1815,178,1832,191
56,3,1640,816,1660,826,634,300,659,317,1809,177,1827,190
57,3,1640,815,1660,826,628,306,653,322,1804,177,1822,190
58,3,1640,816,1660,826,621,311,646,328,1799,177,1817,190
59,3,1638,816,1658,826,615,314,640,331,1796,177,1814,190
60,3,1635,817,1655,827,609,317,635,334,1792,179,1810,192
61,3,1632,820,1651,830,602,320,628,337,1789,182,1807,195
62,3,1628,822,1647,832,594,324,620,342,1786,186,1804,199
63,3,1623,824,1642,834,587,326,613,343,1781,189,1799,202
64,3,1619,825,1638,835,578,331,604,348,1775,192,1793,205
65,3,1614,827,1633,837,568,336,594,353,1768,195,1786,208
66,3,1610,828,1629,838,558,341,584,359,1760,198,1778,211
67,3,1604,829,1623,839,546,347,572,365,1749,200,1768,213
68,3,1599,830,1618,840,534,353,561,371,1739,202,1757,215
69,3,1592,834,1611,844,522,358,548,376,1730,206,1748,219
70,3,1584,839,1603,849,510,363,536,381,1721,212,1739,225
71,3,1576,844,1595,854,497,368,524,386,1713,220,1731,233
72,3,1567,849,1586,859,486,372,513,390,1704,227,1722,240
73,3,1559,853,1578,863,472,377,499,395,1695,233,1713,246
74,3,1553,857,1572,867,458,385,485,403,1684,239,1702,252
75,3,1547,860,1566,870,442,394,469,412,1673,245,1690,257
76,3,1542,862,1561,872,425,403,453,422,1661,249,1677,261
77,3,1537,864,1556,874,408,414,437,433,1648,252,1665,264
78,3,1532,866,1551,876,392,422,421,441,1637,255,1654,267
79,3,1524,867,1548,881,377,428,406,447,1628,258,1646,271
80,3,1518,870,1542,884,362,434,391,454,1621,262,1638,274
81,3,1514,875,1537,889,347,440,377,460,1614,267,1631,279
82,3,1509,882,1532,896,333,446,363,466,1609,274,1626,286
83,3,1506,889,1529,903,318,454,349,474,1604,282,1620,294
84,3,1503,897,1526,911,305,462,336,482,1599,291,1616,303
85,3,1501,904,1524,918,290,471,321,492,1595,299,1612,311
86,3,1501,910,1524,923,276,482,307,503,1590,307,1606,319
87,3,1503,917,1526,930,261,495,293,516,1584,312,1601,324
88,3,1505,923,1528,936,245,510,278,532,1578,319,1595,331
89,3,1509,928,1532,941,230,525,263,547,1573,325,1589,337
90,3,1513,932,1537,946,214,541,248,564,1567,329,1584,341
91,3,1518,936,1542,950,200,558,234,581,1562,332,1579,344
92,3,1524,938,1547,951,186,572,220,595,1558,334,1574,346
93,3,1529,939,1552,952,175,585,208,607,1556,335,1572,347
94,3,1534,939,1558,952,166,596,192,613,1556,337,1570,348
95,2,1539,939,1563,952,1556,337,1570,348
96,2,1543,941,1567,954,1556,337,1570,348
97,2,1547,944,1572,957,1557,338,1571,349
98,2,1551,949,1576,962,1557,342,1571,353
99,2,1551,954,1576,968,1558,347,1572,358
100,2,1552,961,1578,975,1559,353,1573,364
101,2,1551,968,1577,982,1560,360,1574,371
102,2,1551,974,1577,988,1560,366,1574,377
103,2,1550,979,1576,993,1559,372,1573,383
104,2,1546,983,1572,997,1557,377,1571,388
105,2,1541,987,1567,1001,1555,381,1569,392
106,2,1535,990,1561,1004,1552,385,1566,396
107,2,1527,992,1553,1006,1548,389,1562,400
108,2,1520,994,1546,1008,1544,392,1558,403
109,2,1514,995,1539,1009,1539,395,1553,406
110,2,1508,995,1534,1009,1533,397,1547,408
111,2,1504,995,1530,1009,1527,398,1540,409
112,2,1501,994,1527,1008,1520,397,1534,408
113,2,1498,994,1524,1008,1513,397,1527,408
114,2,1498,993,1524,1007,1506,398,1519,409
115,2,1499,992,1525,1006,1498,397,1512,408
116,2,1499,989,1526,1003,1491,396,1505,407
117,2,1498,988,1524,1003,1482,394,1497,404
118,2,1498,991,1524,1006,1476,395,1491,405
119,2,1501,995,1527,1010,1469,399,1484,409
120,2,1505,1001,1532,1016,1462,406,1477,416
121,2,1510,1006,1537,1022,1456,412,1471,422
122,2,1515,1010,1542,1026,1450,419,1465,429
123,2,1520,1012,1547,1028,1443,422,1458,432
124,2,1523,1012,1551,1028,1437,425,1452,435
125,2,1522,1011,1550,1027,1432,425,1447,435
126,2,1517,1014,1544,1030,1428,425,1443,435
127,2,1514,1020,1541,1036,1425,430,1440,440
128,2,1511,1033,1539,1049,1421,441,1436,451
129,2,1508,1045,1536,1061,1418,454,1433,464
130,2,1504,1056,1532,1072,1415,467,1430,479
131,2,1502,1064,1526,1076,1413,477,1428,489
132,2,1498,1068,1522,1080,1411,483,1425,495
133,2,1493,1072,1518,1084,1407,486,1422,497
134,1,1404,490,1419,501
135,1,1401,495,1416,506
136,1,1397,500,1412,511
137,1,1394,507,1409,518
138,1,1391,515,1406,526
139,1,1387,525,1402,536
140,1,1383,533,1398,544
141,1,1377,538,1392,549
142,1,1371,539,1386,550
143,1,1366,541,1382,553
144,1,1360,544,1376,556
145,1,1354,547,1370,559
146,1,1348,549,1364,561
147,1,1341,552,1357,563
148,1,1335,555,1351,566
149,1,1328,557,1344,568
150,1,1322,559,1337,570
151,1,1315,561,1330,572
152,1,1309,566,1325,578
153,1,1303,574,1319,586
154,1,1298,583,1314,595
155,1,1293,593,1309,605
156,1,1288,602,1304,614
157,1,1284,611,1300,623
158,1,1280,619,1296,631
159,1,1277,626,1293,638
160,1,1275,632,1291,644
161,1,1274,636,1291,648
162,1,1273,636,1290,648
163,1,1273,634,1289,646
164,1,1274,632,1291,644
165,1,1275,632,1292,644
166,1,1276,630,1293,642
167,1,1277,631,1294,644
168,1,1277,635,1294,648
169,1,1278,638,1295,650
170,1,1277,641,1294,654
171,1,1277,644,1293,656
172,1,1275,645,1292,658
173,1,1275,644,1292,656
174,1,1273,641,1289,653
175,1,1271,641,1288,653
176,1,1269,642,1285,654
177,1,1265,643,1281,655
178,1,1262,644,1278,656
179,1,1259,645,1275,657
180,1,1256,646,1272,658
181,1,1253,648,1269,660
182,1,1251,649,1267,661
183,1,1250,648,1266,660
184,1,1249,648,1265,660
185,1,1248,646,1264,658
186,1,1249,645,1266,657
187,1,1250,644,1266,656
188,1,1252,642,1269,654
189,1,1254,640,1270,652
190,1,1257,638,1274,650
191,1,1260,638,1277,650
192,1,1263,641,1279,653
193,1,1265,644,1282,656
194,1,1267,649,1283,661
195,1,1268,653,1285,665
196,1,1269,657,1285,669
197,1,1270,662,1287,674
198,1,1270,666,1287,678
199,1,1269,671,1286,683
200,1,1268,675,1285,687
201,1,1266,677,1283,690
202,1,1265,677,1282,689
203,1,1265,675,1282,687
204,1,1266,672,1283,684
205,1,1265,667,1282,679
206,1,1265,660,1282,672
207,1,1265,650,1282,662
208,1,1265,642,1282,654
209,1,1265,638,1282,650
210,1,1265,638,1282,650
211,1,1266,643,1283,655
212,1,1267,649,1284,661
213,1,1269,658,1286,671
214,1,1271,666,1289,679
215,1,1273,672,1291,685
216,1,1276,675,1294,688
217,1,1279,679,1297,692
218,1,1284,678,1302,691
219,1,1290,671,1307,684
220,1,1297,661,1315,674
221,1,1303,651,1321,664
222,1,1309,643,1327,656
223,1,1314,640,1332,653
224,1,1319,642,1337,655
225,1,1323,647,1340,660
226,1,1326,653,1345,667
227,1,1329,661,1348,675
228,1,1332,668,1351,682
229,1,1337,675,1355,687
230,1,1340,677,1358,689
231,1,1343,676,1361,688
232,1,1344,673,1362,685
233,1,1345,668,1363,680
234,1,1345,663,1363,675
235,1,1344,658,1362,670
236,1,1343,654,1361,666
237,1,1342,651,1360,663
238,1,1340,648,1358,660
239,1,1338,646,1356,658
240,1,1336,645,1354,657
241,1,1333,643,1352,655
242,1,1330,641,1348,653
243,1,1328,638,1346,650
244,1,1327,633,1344,645
245,1,1325,629,1343,641
246,1,1323,626,1341,638
247,1,1323,625,1341,637
248,1,1322,622,1339,634
249,1,1321,619,1339,631
250,1,1321,619,1339,631
251,1,1321,622,1339,634
252,1,1321,626,1339,638
253,1,1321,632,1339,644
254,1,1321,638,1341,649
255,1,1322,645,1342,656
256,1,1323,652,1343,663
257,1,1325,659,1345,670
258,1,1325,666,1345,677
259,1,1327,676,1347,687
260,1,1329,683,1349,694
261,1,1330,691,1350,702
262,1,1331,698,1351,709
263,1,1334,707,1354,718
264,1,1337,714,1357,725
265,1,1340,719,1360,730
266,1,1344,724,1364,735
267,1,1347,729,1367,740
268,1,1349,732,1370,743
269,1,1352,733,1372,744
270,1,1355,732,1374,742
271,1,1357,730,1377,741
272,1,1359,727,1379,738
273,1,1361,720,1382,731
274,1,1364,713,1385,724
275,1,1365,707,1386,718
276,1,1367,703,1388,714
277,1,1368,701,1388,712
278,1,1370,699,1390,710
279,1,1371,697,1391,708
280,1,1372,695,1392,706
281,1,1373,693,1392,704
282,1,1375,690,1395,701
283,1,1376,686,1396,697
284,1,1378,680,1397,691
285,1,1381,674,1400,685
286,1,1383,667,1404,678
287,1,1386,661,1407,672
288,1,1389,657,1410,668
289,1,1391,655,1412,667
290,1,1394,654,1415,666
291,1,1397,655,1418,667
292,1,1400,657,1421,669
293,1,1404,659,1425,671
294,1,1409,660,1430,672
295,1,1414,659,1436,671
296,1,1419,658,1441,670
297,1,1425,656,1447,668
298,1,1430,655,1452,667
299,1,1436,654,1457,666
300,1,1441,653,1462,665
301,1,1445,652,1467,664
302,1,1450,650,1471,662
303,1,1453,646,1475,658
304,1,1457,641,1479,653
305,1,1461,636,1483,648
306,1,1463,632,1485,644
307,1,1465,629,1487,641
308,1,1467,629,1489,641
309,1,1467,632,1490,644
310,1,1468,637,1490,649
311,1,1467,642,1489,654
312,1,1465,648,1487,660
313,1,1463,652,1485,664
314,1,1461,654,1483,666
315,1,1461,654,1483,666
316,1,1458,651,1482,664
317,1,1458,649,1482,662
318,1,1462,648,1483,660
319,1,1466,648,1487,660
320,1,1468,645,1492,658
321,1,1477,642,1499,654
322,1,1485,640,1506,651
323,1,1493,639,1514,651
324,1,1500,639,1523,652
325,1,1512,639,1533,651
326,1,1521,637,1543,649
327,1,1532,636,1553,648
328,1,1541,634,1563,646
329,1,1552,634,1574,646
330,1,1561,633,1584,646
331,1,1569,632,1592,645
332,1,1577,632,1600,645
333,1,1583,632,1606,644
334,1,1589,632,1612,645
335,1,1593,634,1617,647
336,1,1597,638,1620,651
337,1,1599,642,1622,655
338,1,1602,647,1625,659
339,1,1605,653,1627,665
340,1,1605,658,1628,671
341,1,1606,663,1629,676
342,1,1607,667,1630,679
343,1,1608,669,1631,682
344,1,1610,669,1633,682
345,1,1611,670,1634,683
346,1,1613,669,1635,681
347,1,1615,668,1637,680
348,1,1618,667,1640,679
349,1,1621,661,1644,673
350,1,1625,656,1648,669
351,1,1629,650,1652,663
352,1,1635,646,1658,659
353,1,1641,640,1664,653
354,1,1649,634,1672,647
355,1,1656,630,1680,643
356,1,1663,625,1687,638
357,1,1671,618,1695,631
358,1,1679,613,1703,626
359,1,1685,609,1710,623
360,1,1693,607,1717,620
361,1,1700,603,1724,616
362,1,1708,599,1732,612
363,1,1716,594,1741,608
364,1,1724,589,1749,603
365,1,1732,585,1757,599
366,1,1740,584,1765,598
367,1,1747,586,1771,599
368,1,1754,590,1779,604
369,1,1761,597,1786,611
370,1,1768,608,1793,622
371,1,1774,620,1799,634
372,1,1779,628,1804,642
373,1,1784,631,1809,645
374,1,1789,630,1814,644
375,1,1792,628,1817,642
376,1,1797,625,1822,639
377,1,1801,622,1826,636
378,1,1806,617,1830,630
379,1,1810,611,1835,625
380,1,1814,605,1839,619
381,1,1818,600,1843,614
382,1,1821,597,1846,611
383,1,1826,594,1851,608
384,1,1831,591,1856,605
385,1,1836,588,1861,602
386,1,1842,584,1863,601
387,1,1848,583,1869,600
388,1,1854,583,1875,600
389,1,1860,582,1881,599
390,1,1865,578,1886,595
391,1,1870,574,1891,591
392,1,1874,569,1895,586
393,1,1878,563,1899,580
394,1,1883,559,1904,576
395,1,1889,557,1910,574
396,1,1893,559,1915,576
397,1,1899,556,1921,575
398,1,1904,551,1924,569
486,1,1489,1058,1515,1072
487,1,1501,1049,1527,1063
488,1,1514,1042,1540,1056
489,1,1526,1037,1553,1051
490,1,1538,1033,1565,1048
491,1,1552,1030,1579,1045
492,1,1567,1026,1594,1041
493,1,1584,1019,1612,1034
494,1,1599,1012,1627,1027
495,1,1613,1006,1641,1021
496,1,1625,1001,1653,1016
497,1,1635,998,1663,1013
498,1,1644,996,1672,1011
499,1,1651,994,1680,1010
500,1,1656,993,1685,1009
501,1,1659,995,1688,1011
502,1,1660,997,1689,1013
503,1,1659,1002,1688,1018
504,1,1655,1007,1684,1022
505,1,1649,1012,1677,1027
506,1,1643,1015,1671,1030
507,1,1636,1017,1664,1032
508,1,1630,1020,1658,1035
509,1,1621,1021,1649,1036
510,1,1609,1023,1636,1038
511,1,1599,1025,1626,1039
512,1,1592,1027,1619,1041
513,1,1587,1027,1613,1041
514,1,1586,1026,1612,1040
515,1,1586,1025,1612,1039
516,1,1587,1022,1613,1036
517,1,1590,1014,1616,1028
518,1,1596,1005,1622,1019
519,1,1602,995,1628,1009
520,1,1607,988,1633,1002
521,1,1612,983,1638,997
522,1,1619,978,1645,992
523,1,1626,974,1652,988
524,1,1634,972,1660,986
525,1,1642,969,1668,983
526,1,1650,966,1676,980
527,1,1657,962,1683,976
528,1,1665,959,1692,973
529,1,1673,955,1700,969
530,1,1680,951,1706,965
531,1,1683,950,1709,964
532,1,1685,949,1712,963
533,1,1684,949,1710,963
534,1,1683,947,1709,961
535,1,1680,946,1706,960
536,1,1677,945,1703,959
537,1,1671,945,1697,959
538,1,1665,945,1690,959
539,1,1661,945,1686,958
540,1,1657,943,1684,957
541,1,1660,942,1685,955
542,1,1664,939,1689,952
543,1,1672,935,1697,948
544,1,1682,929,1706,942
545,1,1694,921,1719,934
546,1,1705,913,1731,927
547,1,1717,905,1743,919
548,1,1730,898,1756,912
549,1,1745,890,1771,904
550,1,1759,881,1785,895
551,1,1771,874,1796,888
552,1,1783,867,1810,881
553,1,1794,859,1820,873
554,1,1804,850,1831,865
555,1,1813,841,1839,855
556,1,1820,833,1847,847
557,1,1826,829,1853,844
558,1,1830,826,1858,841
559,1,1834,826,1860,840
560,1,1839,826,1866,841
561,1,1843,826,1871,841
562,1,1847,827,1875,842
563,1,1851,828,1879,843
564,1,1853,828,1879,842
565,1,1852,826,1877,840
566,1,1849,823,1876,838
567,1,1845,820,1872,835
568,1,1839,816,1866,830
569,1,1834,812,1860,826
570,1,1827,807,1854,821
571,1,1821,804,1848,818
572,1,1813,801,1840,815
573,1,1805,798,1832,812
574,1,1798,795,1823,809
575,1,1791,791,1816,804
576,1,1786,786,1813,801
577,1,1781,779,1808,793
578,1,1777,772,1803,786
579,1,1774,766,1800,780
580,1,1774,760,1800,774
581,1,1776,752,1803,767
582,1,1782,742,1810,757
583,1,1788,734,1816,749
584,1,1796,728,1824,743
585,1,1806,725,1834,740
586,1,1815,726,1843,741
587,1,1825,729,1853,744
588,1,1834,735,1862,750
589,1,1842,741,1871,756
590,1,1851,746,1880,762
591,1,1860,751,1889,767
592,1,1868,752,1897,768
593,1,1876,751,1905,767
594,1,1882,748,1911,763
595,1,1887,745,1916,761
596,1,1891,742,1920,757
597,1,1894,739,1923,755
598,1,1897,736,1926,751
599,1,1899,732,1928,747
600,1,1901,729,1929,744
601,1,1903,727,1930,742
602,1,1904,724,1921,739
603,1,1905,720,1922,735
604,1,1905,716,1922,731
605,1,1904,713,1921,728
606,1,1903,711,1920,726
607,1,1901,709,1921,723
608,1,1899,709,1922,724
609,1,1895,708,1922,726
610,1,1891,709,1918,726
611,1,1887,710,1914,727
612,1,1882,710,1909,727
613,1,1878,710,1904,727
614,1,1873,707,1899,723
615,1,1868,702,1893,718
616,1,1863,694,1889,710
617,1,1858,687,1884,703
618,1,1852,678,1878,694
619,1,1847,671,1872,687
620,1,1842,665,1867,681
621,1,1836,660,1861,676
622,1,1829,659,1854,675
623,1,1822,658,1847,674
624,1,1814,658,1839,674
625,1,1807,656,1832,672
626,1,1800,653,1825,669
627,1,1793,650,1818,666
628,1,1787,649,1811,664
629,1,1781,650,1805,665
630,1,1777,653,1801,668
631,1,1773,654,1797,669
632,1,1770,655,1794,670
633,1,1769,655,1793,670
634,1,1769,654,1793,669
635,1,1769,654,1793,669
636,1,1770,654,1794,669
637,1,1772,654,1796,669
638,1,1773,656,1797,671
639,1,1774,659,1799,675
640,1,1777,661,1801,676
641,1,1778,665,1802,680
642,1,1778,669,1803,685
643,1,1778,673,1803,689
644,1,1777,678,1802,694
645,1,1776,683,1801,698
646,1,1774,688,1798,703
647,1,1771,691,1794,706
648,1,1767,694,1791,709
649,1,1762,697,1785,712
650,1,1756,700,1779,715
651,1,1748,704,1771,718
652,1,1739,706,1762,720
653,1,1729,708,1751,722
654,1,1718,709,1740,723
655,1,1707,711,1729,725
656,1,1695,712,1717,726
657,1,1684,712,1705,725
658,1,1674,713,1695,727
659,1,1665,714,1687,728
660,1,1657,715,1678,728
661,1,1650,715,1671,728
662,1,1645,718,1665,731
663,1,1640,720,1661,733
664,1,1638,721,1659,734
665,1,1635,721,1656,734
666,1,1634,719,1655,732
667,1,1634,716,1655,729
668,1,1634,713,1655,726
669,1,1634,711,1655,724
670,2,1632,713,1653,726,1902,41,1916,51
671,2,1629,718,1649,731,1893,45,1907,55
672,2,1624,726,1645,739,1887,51,1901,61
673,2,1618,736,1639,749,1882,62,1896,72
674,2,1876,74,1890,84,1611,745,1629,759
675,2,1869,87,1883,97,1598,756,1620,767
676,2,1586,766,1608,777,1862,98,1876,110
677,2,1575,771,1596,782,1853,110,1867,122
678,2,1563,774,1584,784,1843,117,1856,128
679,2,1551,773,1574,787,1833,125,1846,136
680,2,1541,774,1563,787,1821,130,1834,141
681,2,1531,775,1553,788,1809,135,1822,146
682,2,1523,776,1545,789,1795,138,1808,149
683,2,1516,777,1538,790,1780,142,1793,153
684,2,1510,778,1532,791,1764,144,1779,154
685,2,1506,779,1528,792,1747,146,1763,156
686,2,1503,779,1525,792,1730,147,1746,157
687,2,1502,776,1524,789,1712,146,1728,156
688,2,1504,771,1526,784,1693,143,1709,153
689,2,1508,766,1530,779,1673,137,1689,147
690,2,1512,763,1534,776,1654,132,1670,142
691,2,1515,764,1537,777,1638,130,1654,140
692,2,1518,772,1540,785,1628,135,1642,145
693,2,1523,783,1543,793,1619,142,1634,153
694,2,1527,793,1547,803,1612,151,1627,162
695,2,1531,801,1551,811,1610,160,1626,171
696,2,1537,804,1558,814,1606,164,1621,175
697,2,1543,803,1564,813,1600,165,1616,176
698,2,1549,802,1570,812,1595,163,1610,174
699,2,1552,803,1573,813,1593,162,1609,173
700,2,1554,809,1575,820,1595,165,1610,176
701,2,1556,819,1577,829,1599,173,1614,184
702,2,1557,832,1578,842,1605,182,1621,193
703,2,1611,195,1627,206,1558,844,1582,860
704,2,1615,209,1631,220,1560,860,1581,875
705,2,1621,224,1637,235,1559,875,1579,890
706,2,1626,238,1642,249,1557,888,1578,903
707,2,1631,249,1647,260,1553,897,1574,912
708,4,1633,257,1650,268,1548,903,1569,918,248,22,274,35,1250,0,1263,15
709,4,1635,263,1651,274,1543,908,1564,923,254,16,280,29,1250,5,1263,20
710,4,1636,267,1652,278,1538,910,1559,925,257,9,283,22,1249,8,1263,24
711,4,1635,270,1651,281,1532,912,1553,927,257,2,283,15,1246,10,1260,26
712,4,1634,272,1650,283,1525,913,1546,928,257,-5,283,8,1242,11,1256,27
713,3,1633,276,1649,287,1515,915,1536,930,1240,12,1254,29
714,3,1633,281,1649,292,1504,920,1525,935,1240,13,1255,30
715,3,1633,288,1649,299,1494,924,1514,938,1239,16,1255,34
716,3,1631,295,1647,306,1485,928,1506,943,1237,20,1253,38
717,3,1626,300,1642,311,1477,931,1498,946,1236,24,1247,42
718,3,1620,304,1636,315,1471,933,1492,948,1229,28,1239,45
719,3,1612,306,1628,317,1467,933,1488,948,1219,32,1229,49
720,3,1602,307,1618,318,1466,933,1487,948,1206,34,1217,52
721,3,1591,307,1607,318,1466,932,1487,947,1190,37,1201,55
722,3,1578,305,1593,316,1468,930,1489,945,1173,40,1184,58
723,3,1566,302,1582,313,1468,927,1489,942,1155,43,1166,61
724,3,1554,300,1570,311,1468,925,1490,940,1138,45,1149,63
725,3,1543,299,1559,310,1467,924,1489,939,1121,47,1132,65
726,3,1534,298,1550,309,1461,923,1487,938,1107,50,1118,68
727,3,1526,298,1542,309,1461,924,1487,939,1094,51,1105,69
728,3,1518,301,1533,312,1462,928,1488,943,1081,57,1092,75
729,3,1510,306,1526,317,1464,933,1490,948,1069,64,1081,83
730,3,1505,310,1521,321,1467,937,1493,952,1058,72,1069,91
731,3,1500,312,1515,323,1471,938,1498,953,1047,78,1058,97
732,3,1498,313,1512,323,1476,937,1502,952,1036,80,1048,99
733,3,1496,311,1510,321,1483,937,1509,952,1026,82,1038,102
734,3,1496,311,1510,321,1487,940,1514,956,1018,83,1031,104
735,3,1497,314,1511,324,1492,944,1519,960,1012,87,1025,108
736,3,1499,319,1513,329,1496,952,1523,968,1007,94,1020,115
737,3,1501,325,1515,335,1500,960,1527,976,1002,101,1015,122
738,3,1502,333,1516,343,1505,971,1532,987,997,108,1009,128
739,3,1503,344,1517,354,1510,983,1538,999,992,119,1005,140
740,3,1505,356,1519,366,1517,995,1545,1011,987,132,1000,153
741,3,1506,365,1520,375,1524,1002,1553,1019,981,143,994,164
742,3,1508,368,1522,378,1530,1004,1559,1020,975,150,988,172
743,3,1510,366,1524,376,1536,1002,1565,1019,967,151,980,173
744,3,1512,362,1526,372,1542,1000,1571,1017,959,149,972,171
745,3,1514,358,1528,368,1548,998,1577,1015,951,147,964,169
746,3,1517,355,1531,365,1553,997,1582,1014,943,145,957,168
747,3,1519,354,1533,364,1557,999,1586,1016,936,145,950,168
748,3,1522,354,1536,364,1560,1002,1589,1019,928,145,942,168
749,3,1524,356,1538,366,1561,1004,1591,1021,921,146,936,170
750,3,1525,358,1539,368,1561,1008,1591,1025,913,147,928,171
751,3,1525,361,1539,371,1561,1011,1590,1028,904,148,919,173
752,3,1525,363,1539,373,1560,1013,1590,1030,894,149,909,174
753,3,1524,365,1538,375,1557,1015,1587,1032,884,149,899,174
754,3,1521,366,1535,376,1555,1015,1585,1032,872,148,887,173
755,3,1519,367,1533,377,1550,1017,1580,1035,860,148,873,170
756,3,1514,370,1530,380,848,148,860,170,1541,1023,1572,1036
757,3,1510,374,1526,384,835,146,847,168,1532,1026,1563,1039
758,3,1505,379,1521,389,821,144,833,167,1521,1029,1552,1042
759,3,1499,383,1515,393,805,142,817,164,1512,1032,1542,1045
760,3,1493,385,1508,395,1501,1034,1529,1046,788,139,800,160
761,3,1486,391,1501,401,1486,1039,1514,1051,770,136,782,158
762,3,1478,398,1493,408,1465,1044,1493,1056,753,131,766,153
763,3,1470,407,1486,417,1444,1047,1471,1059,737,123,750,146
764,3,1461,413,1477,423,1426,1049,1453,1061,718,111,733,138
765,3,1451,416,1467,426,1414,1049,1441,1061,696,102,712,130
766,3,1438,419,1454,429,1406,1051,1433,1063,668,98,684,126
767,3,1426,421,1441,431,1397,1052,1423,1064,638,98,655,122
768,3,1413,425,1428,435,1388,1053,1414,1065,607,93,622,121
769,3,1401,427,1416,437,1380,1053,1406,1065,575,91,589,119
770,3,1389,428,1404,438,1374,1052,1401,1064,536,88,557,114
771,3,1377,431,1392,443,1370,1054,1397,1066,497,82,521,112
772,3,1368,434,1383,444,1364,1053,1390,1065,462,83,478,110
773,3,1360,432,1376,444,1361,1051,1388,1063,423,74,441,107
774,3,1355,431,1370,443,1359,1051,1385,1063,385,68,401,100
775,3,1351,433,1366,445,1359,1054,1385,1066,342,61,362,101
776,3,1349,440,1364,451,1361,1064,1387,1076,303,63,326,94
777,2,1349,452,1364,462,261,63,293,96
778,2,1352,464,1367,474,228,68,256,102
779,2,1357,474,1374,484,194,73,223,109
780,2,1365,479,1380,489,154,79,185,113
781,2,1374,479,1390,489,111,85,143,119
782,2,1384,476,1400,487,65,83,102,122
783,2,1394,472,1411,482,12,85,55,125
784,1,1404,468,1420,479
785,1,1415,465,1431,475
786,1,1426,466,1443,476
787,1,1436,470,1453,480
788,1,1445,474,1462,484
789,1,1452,480,1470,490
790,1,1459,487,1476,497
791,1,1464,491,1482,501
792,1,1467,492,1485,503
793,1,1468,490,1486,500
794,1,1467,487,1485,498
795,1,1466,486,1484,497
796,1,1463,485,1481,496
797,1,1459,484,1477,495
798,1,1454,483,1472,494
799,1,1447,483,1465,494
800,1,1440,481,1458,492
801,1,1432,480,1451,491
802,1,1423,481,1442,492
803,1,1413,484,1432,495
804,1,1405,485,1421,497
805,1,1394,486,1409,497
806,1,1381,488,1396,499
807,1,1369,489,1384,500
808,1,1355,493,1371,505
809,1,1342,497,1357,508
810,1,1329,503,1345,514
811,1,1317,510,1332,521
812,1,1307,518,1323,529
813,1,1298,525,1314,536
814,1,1290,530,1306,541
815,1,1285,536,1300,547
816,1,1280,541,1295,552
817,1,1278,547,1293,558
818,1,1278,554,1293,565
819,1,1278,562,1293,573
820,1,1278,568,1293,579
821,1,1280,571,1295,582
822,1,1281,572,1296,583
823,1,1284,573,1299,584
824,1,1286,575,1301,586
825,1,1288,581,1303,592
826,1,1289,590,1304,601
827,1,1289,598,1304,609
828,1,1289,608,1304,619
829,1,1288,618,1304,629
830,1,1286,629,1301,640
831,1,1285,639,1300,650
832,1,1283,645,1298,656
833,1,1281,647,1296,658
834,1,1280,648,1295,659
835,1,1279,647,1294,658
836,1,1278,647,1293,658
837,1,1277,646,1292,657
838,1,1277,645,1292,656
839,1,1275,644,1290,655
840,1,1275,643,1290,654
841,1,1274,642,1289,653
842,1,1274,642,1289,653
843,1,1273,641,1288,652
844,1,1273,641,1288,652
845,1,1274,640,1289,651
846,1,1275,639,1290,650
847,1,1276,638,1291,649
848,1,1278,637,1293,648
849,1,1281,637,1296,648
850,1,1283,638,1298,649
851,1,1287,637,1302,648
852,1,1291,637,1306,648
853,1,1294,636,1309,647
854,1,1298,636,1313,647
855,1,1302,634,1317,645
856,1,1306,629,1322,640
857,1,1310,625,1325,636
858,1,1313,623,1328,634
859,1,1316,625,1331,636
860,1,1318,629,1334,641
861,1,1320,636,1335,647
862,1,1322,642,1338,654
863,1,1322,646,1338,657
864,1,1322,647,1338,659
865,1,1322,647,1338,659
866,1,1321,648,1337,660
867,1,1319,649,1335,661
868,1,1318,649,1334,661
869,1,1316,650,1332,662
870,1,1314,652,1330,664
871,1,1312,654,1328,666
872,1,1310,656,1327,668
873,1,1309,657,1325,669
874,1,1307,660,1323,672
875,1,1306,663,1322,675
876,1,1304,667,1320,679
877,1,1303,669,1319,681
878,1,1302,667,1318,679
879,1,1302,663,1319,675
880,1,1302,657,1319,669
881,1,1302,653,1319,665
882,1,1303,649,1320,661
883,1,1304,647,1321,659
884,1,1306,647,1322,659
885,1,1308,648,1325,660
886,1,1311,649,1327,661
887,1,1314,651,1330,663
888,1,1318,652,1335,664
889,1,1321,652,1338,664
890,1,1326,650,1343,662
891,1,1330,647,1346,659
892,1,1335,644,1351,656
893,1,1339,641,1359,654
894,1,1345,639,1364,652
895,1,1350,637,1367,650
896,1,1356,635,1373,647
897,1,1362,635,1379,647
898,1,1368,636,1385,649
899,1,1374,638,1391,651
900,1,1380,640,1399,653
901,1,1386,644,1405,655
902,1,1392,646,1411,657
903,1,1397,647,1416,658
904,1,1403,648,1423,659
905,1,1407,648,1426,659
906,1,1412,648,1432,659
907,1,1416,648,1435,659
908,1,1418,648,1437,659
909,1,1419,649,1439,660
910,1,1418,650,1438,661
911,1,1417,651,1437,662
912,1,1415,651,1434,662
913,1,1413,653,1432,664
914,1,1409,655,1429,666
915,1,1407,657,1427,668
916,1,1405,659,1424,670
917,1,1403,660,1422,671
918,1,1401,660,1420,671
919,1,1401,661,1420,672
920,1,1401,660,1420,671
921,1,1402,658,1421,669
922,1,1404,654,1424,665
923,1,1407,649,1426,660
924,1,1410,644,1430,655
925,1,1414,639,1434,650
926,1,1419,634,1439,645
927,1,1425,629,1445,640
928,1,1431,630,1451,642
929,1,1437,633,1457,645
930,1,1443,637,1463,649
931,1,1448,641,1468,653
932,1,1453,646,1473,658
933,1,1457,649,1477,661
934,1,1460,649,1480,661
935,1,1463,649,1484,661
936,1,1465,647,1486,659
937,1,1466,644,1487,656
938,1,1468,642,1489,654
939,1,1469,640,1489,651
940,1,1468,637,1489,649
941,1,1467,633,1488,645
942,1,1466,631,1487,643
943,1,1465,630,1486,642
944,1,1463,630,1484,642
945,1,1461,630,1482,642
946,1,1459,629,1480,641
947,1,1457,629,1477,641
948,1,1455,629,1475,641
949,1,1454,630,1474,642
950,1,1452,630,1472,642
951,1,1451,631,1472,643
952,1,1450,631,1471,643
953,1,1450,630,1470,642
954,1,1452,628,1472,639
955,1,1453,626,1473,638
956,1,1456,625,1476,637
957,1,1460,623,1481,635
958,1,1465,624,1485,636
959,1,1470,625,1491,637
960,1,1476,628,1497,640
961,1,1482,631,1503,643
962,1,1489,635,1510,647
963,1,1496,639,1517,651
964,1,1504,643,1525,655
965,1,1511,646,1532,658
966,1,1519,648,1540,660
967,1,1527,649,1547,661
968,1,1534,649,1555,661
969,1,1542,648,1563,660
970,1,1549,647,1569,659
971,1,1555,647,1576,659
972,1,1562,647,1582,659
973,1,1567,648,1587,660
974,1,1572,649,1593,661
975,1,1576,650,1596,662
976,1,1580,650,1602,662
977,1,1583,651,1604,663
978,1,1585,652,1606,664
979,1,1588,653,1610,666
980,1,1589,653,1611,666
981,1,1591,653,1613,666
982,1,1593,652,1615,665
983,1,1596,651,1618,664
984,1,1599,650,1620,662
985,1,1602,648,1624,661
986,1,1605,646,1627,659
987,1,1609,645,1631,658
988,1,1613,645,1634,657
989,1,1617,644,1638,656
990,1,1622,643,1644,656
991,1,1628,641,1649,653
992,1,1633,639,1655,652
993,1,1639,637,1661,650
994,1,1645,635,1667,648
995,1,1652,632,1674,645
996,1,1659,627,1682,640
997,1,1666,622,1689,635
998,1,1674,618,1697,631
999,1,1682,614,1705,627
1000,1,1690,610,1713,623
1001,1,1698,606,1721,619
1002,1,1705,603,1728,616
1003,1,1712,602,1736,616
1004,1,1719,601,1743,615
1005,1,1726,600,1750,614
1006,1,1733,599,1757,613
1007,1,1739,599,1763,613
1008,1,1745,600,1769,614
1009,1,1751,601,1775,615
1010,1,1757,601,1781,615
1011,1,1762,602,1786,616
1012,1,1766,602,1790,616
1013,1,1771,602,1794,615
1014,1,1775,604,1798,618
1015,1,1779,605,1803,619
1016,1,1782,605,1805,618
1017,1,1785,605,1809,619
1018,1,1788,606,1812,620
1019,1,1792,608,1816,622
1020,1,1795,609,1818,622
1021,1,1797,612,1821,626
1022,1,1800,613,1824,627
1023,1,1804,615,1828,629
1024,1,1807,616,1831,630
1025,1,1811,617,1835,631
1026,1,1816,617,1840,631
1027,1,1822,616,1845,629
1028,1,1828,614,1852,628
1029,1,1835,613,1859,627
1030,1,1843,611,1867,625
1031,1,1851,607,1876,621
1032,1,1861,602,1886,616
1033,1,1872,597,1897,611
1034,1,1884,592,1908,606
1035,1,1897,584,1919,601
1200,1,1717,1058,1744,1072
1201,1,1724,1051,1752,1065
1202,1,1732,1043,1760,1057
1203,1,1740,1033,1768,1047
1204,1,1748,1022,1776,1036
1205,1,1756,1011,1784,1025
1206,1,1763,1003,1790,1017
1207,1,1766,997,1794,1011
1208,1,1766,995,1794,1009
1209,1,1765,993,1792,1007
1210,1,1762,992,1790,1006
1211,1,1756,992,1783,1006
1212,1,1750,993,1777,1007
1213,1,1743,993,1770,1007
1214,1,1737,993,1764,1007
1215,1,1732,993,1759,1007
1216,1,1728,992,1755,1006
1217,1,1727,991,1754,1005
1218,1,1730,988,1757,1002
1219,1,1735,984,1762,998
1220,1,1741,979,1768,993
1221,1,1747,971,1774,985
1222,1,1753,964,1780,978
1223,1,1759,957,1786,971
1224,1,1768,952,1796,966
1225,1,1777,946,1805,961
1226,1,1786,941,1815,956
1227,1,1793,937,1822,952
1228,1,1800,935,1829,950
1229,1,1804,937,1833,952
1230,1,1809,940,1838,955
1231,1,1814,943,1842,958
1232,1,1818,946,1847,961
1233,1,1819,950,1848,965
1234,1,1819,953,1848,968
1235,1,1818,955,1847,970
1236,1,1816,956,1844,971
1237,1,1813,955,1841,970
1238,1,1812,954,1840,969
1239,1,1810,951,1838,965
1240,1,1807,948,1835,963
1241,1,1804,944,1832,958
1242,1,1800,940,1828,955
1243,1,1796,935,1824,950
1244,1,1791,932,1819,947
1245,1,1786,928,1814,942
1246,1,1781,924,1808,938
1247,1,1778,919,1805,933
1248,1,1774,914,1801,928
1249,1,1772,909,1799,923
1250,1,1770,904,1796,918
1251,1,1768,898,1795,912
1252,1,1768,893,1795,907
1253,1,1768,889,1795,903
1254,1,1767,885,1793,899
1255,1,1767,882,1794,896
1256,1,1767,878,1794,892
1257,1,1767,876,1794,890
1258,1,1769,875,1796,889
1259,1,1770,875,1797,889
1260,1,1772,876,1799,890
1261,1,1772,877,1799,891
1262,1,1773,880,1800,894
1263,1,1776,882,1803,896
1264,1,1781,878,1809,892
1265,1,1789,870,1817,884
1266,1,1800,860,1828,874
1267,1,1811,853,1839,868
1268,1,1820,846,1848,860
1269,1,1826,842,1854,857
1270,1,1830,840,1858,855
1271,1,1832,840,1860,855
1272,1,1830,843,1858,857
1273,1,1825,848,1853,862
1274,1,1819,854,1847,868
1275,1,1811,860,1839,874
1276,1,1801,868,1829,882
1277,1,1790,875,1817,889
1278,1,1779,879,1806,893
1279,1,1768,881,1794,895
1280,1,1757,882,1783,896
1281,1,1746,882,1772,896
1282,1,1736,882,1762,896
1283,1,1727,881,1753,895
1284,1,1719,881,1745,894
1285,1,1712,880,1738,894
1286,1,1704,880,1730,894
1287,1,1698,880,1724,893
1288,1,1693,879,1718,892
1289,1,1689,877,1715,890
1290,1,1687,874,1713,888
1291,1,1684,871,1709,884
1292,1,1680,868,1706,882
1293,1,1675,866,1701,879
1294,1,1670,864,1696,878
1295,1,1665,863,1691,877
1296,1,1660,864,1686,877
1297,1,1654,867,1680,881
1298,1,1649,871,1674,884
1299,1,1643,874,1668,887
1300,1,1638,876,1663,889
1301,1,1633,880,1658,893
1302,1,1628,883,1652,896
1303,1,1623,887,1648,900
1304,1,1619,890,1643,903
1305,1,1616,893,1640,906
1306,1,1613,896,1637,908
1307,1,1612,899,1636,912
1308,1,1610,901,1634,913
1309,1,1609,903,1633,915
1310,1,1608,907,1632,919
1311,1,1608,912,1632,925
1312,1,1609,915,1633,927
1313,1,1610,917,1634,929
1314,1,1610,920,1634,932
1315,1,1610,924,1634,936
1316,1,1609,929,1633,941
1317,1,1606,931,1629,943
1318,1,1604,932,1628,944
1319,1,1602,932,1626,944
1320,1,1600,933,1624,945
1321,1,1598,936,1621,948
1322,1,1596,940,1619,952
1323,1,1593,943,1616,955
1324,1,1589,947,1612,959
1325,1,1586,950,1609,962
1326,2,1583,954,1605,966,1887,119,1904,129
1327,2,1581,957,1606,971,1880,123,1897,133
1328,2,1579,960,1604,974,1873,127,1890,137
1329,2,1577,962,1602,976,1866,129,1883,139
1330,2,1575,964,1600,978,1858,132,1875,142
1331,2,1573,966,1598,980,1851,135,1868,145
1332,2,1573,967,1598,981,1844,136,1862,148
1333,2,1572,968,1597,982,1836,138,1853,150
1334,2,1571,968,1596,982,1827,138,1845,150
1335,2,1570,969,1595,983,1818,139,1836,151
1336,2,1570,970,1595,984,1810,140,1828,152
1337,2,1570,971,1595,985,1799,141,1818,153
1338,2,1569,971,1594,985,1789,142,1807,154
1339,2,1568,973,1593,987,1780,144,1798,156
1340,2,1568,976,1593,990,1770,146,1787,157
1341,2,1566,980,1591,994,1760,149,1777,160
1342,2,1563,985,1588,999,1751,155,1768,166
1343,2,1559,990,1584,1004,1743,161,1760,172
1344,2,1554,996,1579,1010,1736,167,1753,178
1345,2,1549,1002,1574,1016,1729,175,1746,186
1346,2,1545,1010,1570,1024,1723,183,1740,194
1347,2,1541,1016,1566,1030,1716,191,1733,202
1348,2,1538,1024,1563,1038,1711,198,1728,209
1349,2,1536,1029,1561,1043,1705,206,1722,217
1350,2,1536,1034,1561,1048,1700,212,1716,223
1351,2,1539,1038,1564,1052,1693,216,1709,227
1352,2,1542,1041,1567,1055,1686,219,1702,230
1353,2,1546,1044,1570,1058,1679,222,1695,233
1354,2,1550,1045,1575,1059,1672,223,1689,234
1355,2,1553,1047,1578,1061,1667,224,1684,235
1356,2,1555,1049,1580,1063,1662,225,1679,236
1357,2,1556,1051,1581,1065,1658,227,1675,238
1358,2,1556,1053,1580,1067,1655,229,1671,240
1359,2,1555,1055,1581,1067,1651,230,1668,240
1360,2,1554,1057,1580,1070,1648,232,1665,242
1361,2,1552,1059,1578,1072,1645,235,1662,245
1362,2,1553,1062,1579,1075,1641,238,1658,248
1363,4,1555,1065,1582,1078,1636,240,1653,250,443,66,458,80,425,62,436,73
1364,4,1557,1070,1585,1084,1632,244,1649,254,420,65,430,76,440,68,456,80
1365,3,1628,248,1645,258,414,68,424,78,439,70,454,82
1366,3,1624,253,1641,263,410,71,420,81,438,72,453,84
1367,3,1621,259,1638,269,408,71,418,81,439,72,454,85
1368,3,1619,265,1636,275,406,71,416,81,440,71,455,84
1369,3,1617,271,1634,281,404,69,414,79,441,69,456,82
1370,3,1615,277,1632,287,402,66,413,77,442,65,458,79
1371,3,1612,282,1629,292,399,63,410,74,441,61,457,75
1372,3,1608,287,1625,297,395,58,407,68,440,56,458,72
1373,3,1604,293,1621,303,392,53,404,63,439,51,456,65
1374,3,1600,299,1617,309,389,48,402,59,439,45,455,58
1375,4,1595,305,1612,315,385,42,398,53,439,39,455,53,1118,91,1128,111
1376,4,1589,310,1606,320,380,37,394,49,438,32,453,48,1111,93,1121,114
1377,4,1583,314,1600,324,374,32,388,44,434,27,449,41,1103,95,1113,115
1378,4,1575,317,1592,327,366,29,380,41,429,23,445,38,1095,96,1105,115
1379,4,1566,319,1583,329,357,25,372,37,423,19,440,33,1084,98,1094,116
1380,4,1557,320,1574,330,345,23,360,35,415,16,433,31,1074,98,1084,116
1381,4,1547,320,1564,330,335,21,348,33,406,14,423,28,1061,97,1071,115
1382,4,1538,321,1555,331,323,18,337,31,397,11,415,26,1051,95,1061,114
1383,4,1529,324,1546,334,312,16,326,27,392,8,409,24,1040,96,1050,115
1384,4,1520,326,1537,336,302,17,314,28,384,7,401,23,1028,98,1038,117
1385,4,1511,328,1528,338,374,8,392,22,288,17,301,28,1015,100,1026,121
1386,4,1502,329,1519,339,366,8,384,22,277,18,289,30,1003,102,1013,122
1387,4,1493,330,1510,340,355,11,373,26,262,21,276,34,989,105,1000,126
1388,4,1484,331,1501,341,345,13,364,28,249,21,264,40,976,107,987,128
1389,4,1477,334,1494,344,337,15,355,32,237,30,249,42,964,112,975,133
1390,4,1471,339,1488,349,332,18,350,35,228,34,240,46,953,117,964,138
1391,4,1466,346,1483,356,329,21,348,38,223,37,235,49,944,122,955,143
1392,4,1462,353,1479,363,329,23,348,41,220,39,232,51,936,126,947,147
1393,4,1459,359,1476,369,328,26,347,44,216,43,228,55,928,132,939,153
1394,4,1455,363,1472,373,325,30,344,48,211,48,223,60,918,137,930,159
1395,4,1452,369,1469,379,322,36,341,54,206,54,218,66,908,142,920,164
1396,4,1450,375,1467,385,321,41,341,60,203,59,215,71,900,147,912,170
1397,4,1449,381,1466,391,322,45,341,63,201,63,213,75,892,151,904,174
1398,4,1448,386,1465,396,323,47,343,66,200,65,213,78,883,154,895,178
1399,4,1448,390,1465,400,324,47,344,66,198,66,211,79,876,154,889,179
1400,4,1448,393,1465,403,326,45,346,64,198,64,210,76,869,152,882,178
1401,4,1449,398,1466,408,329,41,349,60,199,60,211,72,862,149,875,174
1402,4,1448,402,1465,412,332,35,351,53,200,54,212,66,855,145,869,171
1403,4,1447,408,1464,418,336,28,355,46,202,47,214,59,848,141,862,167
1404,4,1445,414,1462,424,340,21,360,40,203,39,215,51,841,136,855,163
1405,4,1443,419,1460,429,343,15,364,32,205,32,217,44,832,130,846,157
1406,4,1440,425,1458,435,346,9,368,26,205,24,217,36,823,125,838,153
1407,4,1436,431,1453,441,348,3,370,21,205,19,218,32,812,119,828,148
1408,4,1431,438,1448,448,348,-1,371,17,203,14,216,27,800,115,816,144
1409,4,1426,444,1444,454,349,-3,370,14,203,11,214,25,788,112,801,138
1410,4,1421,449,1439,459,350,-4,370,11,200,7,211,19,771,106,788,131
1411,4,1415,455,1433,465,347,-5,370,9,197,2,208,15,756,100,773,125
1412,3,1410,459,1428,469,194,-5,207,8,744,91,759,116
1413,2,1404,463,1422,473,729,82,743,109
1414,2,1398,466,1416,476,712,71,726,99
1415,2,1391,467,1409,477,691,59,708,88
1416,2,1385,470,1403,480,669,47,687,75
1417,2,1379,474,1397,484,648,35,667,62
1418,2,1372,479,1390,489,629,23,648,50
1419,2,1366,484,1384,494,607,6,629,33
1420,2,1359,487,1378,497,582,-6,601,21
1421,1,1353,490,1371,500
1422,1,1348,498,1366,508
1423,1,1343,505,1361,515
1424,1,1337,510,1355,520
1425,1,1333,515,1351,525
1426,1,1328,521,1346,531
1427,1,1325,528,1343,538
1428,1,1324,534,1342,544
1429,1,1323,540,1341,550
1430,1,1325,545,1343,555
1431,1,1327,551,1345,561
1432,1,1330,556,1348,566
1433,1,1334,562,1352,572
1434,1,1338,568,1357,579
1435,1,1344,573,1363,583
1436,1,1349,578,1368,588
1437,1,1354,581,1373,591
1438,1,1359,584,1378,594
1439,1,1364,586,1383,596
1440,1,1368,588,1387,599
1441,1,1373,591,1392,602
1442,1,1376,593,1395,603
1443,1,1378,594,1398,605
1444,1,1381,595,1400,605
1445,1,1382,598,1401,609
1446,1,1382,600,1401,611
1447,1,1380,600,1399,611
1448,1,1378,602,1396,612
1449,1,1375,604,1394,615
1450,1,1372,606,1391,616
1451,1,1368,606,1387,616
1452,1,1365,602,1383,612
1453,1,1360,598,1378,608
1454,1,1356,594,1375,604
1455,1,1352,590,1370,600
1456,1,1348,588,1367,598
1457,1,1344,589,1363,599
1458,1,1341,591,1360,601
1459,1,1338,595,1357,605
1460,1,1336,599,1355,610
1461,1,1335,602,1354,613
1462,1,1335,605,1354,616
1463,1,1335,606,1354,617
1464,1,1337,606,1356,617
1465,1,1340,606,1359,617
1466,1,1343,606,1363,617
1467,1,1346,606,1366,617
1468,1,1350,607,1369,618
1469,1,1353,609,1373,620
1470,1,1357,612,1377,623
1471,1,1361,614,1381,625
1472,1,1364,616,1384,627
1473,1,1367,619,1387,630
1474,1,1370,623,1389,634
1475,1,1371,628,1391,639
1476,1,1372,634,1392,645
1477,1,1371,639,1391,650
1478,1,1371,642,1391,653
1479,1,1369,643,1389,654
1480,1,1367,644,1387,655
1481,1,1365,646,1385,657
1482,1,1362,648,1382,659
1483,1,1358,651,1378,662
1484,1,1353,654,1373,665
1485,1,1348,653,1368,664
1486,1,1344,652,1364,663
1487,1,1340,650,1360,661
1488,1,1336,651,1356,662
1489,1,1333,650,1353,661
1490,1,1329,651,1348,662
1491,1,1327,651,1346,662
1492,1,1326,651,1346,662
1493,1,1325,651,1344,662
1494,1,1325,649,1345,660
1495,1,1326,647,1346,658
1496,1,1327,645,1346,656
1497,1,1329,643,1349,654
1498,1,1331,641,1351,652
1499,1,1334,640,1354,651
1500,1,1337,638,1357,649
1501,1,1341,638,1362,649
1502,1,1346,637,1367,648
1503,1,1351,635,1372,647
1504,1,1356,632,1377,643
1505,1,1361,630,1382,642
1506,1,1365,628,1386,639
1507,1,1368,627,1389,639
1508,1,1371,627,1392,639
1509,1,1373,627,1394,639
1510,1,1374,627,1395,639
1511,1,1375,627,1396,639
1512,1,1375,627,1396,639
1513,1,1373,626,1394,638
1514,1,1371,623,1392,635
1515,1,1369,621,1390,633
1516,1,1366,619,1387,630
1517,1,1363,619,1384,631
1518,1,1360,621,1381,633
1519,1,1357,625,1378,636
1520,1,1353,626,1373,637
1521,1,1348,626,1369,637
1522,1,1345,626,1366,637
1523,1,1341,625,1362,637
1524,1,1338,625,1358,636
1525,1,1334,625,1354,636
1526,1,1332,627,1352,638
1527,1,1330,629,1351,640
1528,1,1330,630,1351,642
1529,1,1331,632,1352,644
1530,1,1332,635,1353,647
1531,1,1335,636,1356,648
1532,1,1339,638,1359,649
1533,1,1344,638,1365,650
1534,1,1348,641,1369,653
1535,1,1353,644,1374,656
1536,1,1358,648,1378,659
1537,1,1362,652,1383,664
1538,1,1365,658,1386,670
1539,1,1366,664,1386,675
1540,1,1368,669,1387,680
1541,1,1368,674,1389,686
1542,1,1368,679,1389,691
1543,1,1368,681,1389,693
1544,1,1369,681,1388,692
1545,1,1369,680,1391,692
1546,1,1370,679,1391,691
1547,1,1372,678,1392,689
1548,1,1374,677,1394,688
1549,1,1376,677,1396,688
1550,1,1379,677,1399,688
1551,1,1380,677,1400,688
1552,1,1383,675,1403,686
1553,1,1385,672,1405,683
1554,1,1387,670,1407,681
1555,1,1391,666,1411,677
1556,1,1394,662,1414,673
1557,1,1397,659,1417,670
1558,1,1400,658,1420,669
1559,1,1403,657,1423,668
1560,1,1407,655,1427,666
1561,1,1410,652,1430,663
1562,1,1413,649,1433,660
1563,1,1418,645,1438,656
1564,1,1422,642,1442,653
1565,1,1426,639,1446,650
1566,1,1430,638,1450,649
1567,1,1434,639,1454,650
1568,1,1438,640,1458,651
1569,1,1442,642,1463,653
1570,1,1445,644,1466,655
1571,1,1448,646,1469,658
1572,1,1452,647,1472,658
1573,1,1454,647,1474,658
1574,1,1457,648,1477,659
1575,1,1458,652,1479,664
1576,1,1459,653,1480,665
1577,1,1459,652,1480,664
1578,1,1460,649,1481,661
1579,1,1461,649,1482,661
1580,1,1460,649,1481,661
1581,1,1460,648,1481,659
1582,1,1459,649,1479,660
1583,1,1459,651,1480,663
1584,1,1461,651,1482,663
1585,1,1463,651,1485,663
1586,1,1466,648,1487,660
1587,1,1470,643,1492,655
1588,1,1475,635,1496,647
1589,1,1481,628,1503,640
1590,1,1488,622,1509,634
1591,1,1495,619,1517,631
1592,1,1503,619,1525,631
1593,1,1511,623,1533,635
1594,1,1519,628,1541,640
1595,1,1526,634,1548,646
1596,1,1532,636,1554,648
1597,1,1539,634,1561,646
1598,1,1545,632,1567,644
1599,1,1551,631,1574,644
1600,1,1556,633,1578,645
1601,1,1559,638,1581,650
1602,1,1562,645,1584,657
1603,1,1563,653,1585,665
1604,1,1564,659,1586,671
1605,1,1564,661,1586,673
1606,1,1565,662,1586,674
1607,1,1565,661,1586,673
1608,1,1565,660,1586,672
1609,1,1565,659,1587,671
1610,1,1566,659,1588,671
1611,1,1567,660,1589,672
1612,1,1568,659,1590,671
1613,1,1570,659,1592,671
1614,1,1572,661,1593,673
1615,1,1575,663,1596,675
1616,1,1577,666,1598,678
1617,1,1580,667,1602,679
1618,1,1584,666,1606,678
1619,1,1588,663,1609,675
1620,1,1592,657,1614,669
1621,1,1596,653,1618,665
1622,1,1601,649,1623,661
1623,1,1607,646,1629,658
1624,1,1613,644,1635,656
1625,1,1620,642,1642,654
1626,1,1627,642,1649,654
1627,1,1635,641,1657,653
1628,1,1645,640,1667,652
1629,1,1654,638,1677,651
1630,1,1664,636,1687,649
1631,1,1676,634,1699,647
1632,1,1688,633,1712,646
1633,1,1702,630,1725,643
1634,1,1714,631,1738,644
1635,1,1726,632,1747,643
1636,1,1740,629,1765,643
1637,1,1753,625,1778,639
1638,1,1765,622,1789,636
1639,1,1777,617,1802,631
1640,1,1788,614,1814,628
1641,1,1798,612,1823,626
1642,1,1807,612,1832,626
1643,1,1812,614,1838,628
1644,1,1816,616,1841,630
1645,1,1818,616,1843,630
1646,1,1820,617,1845,631
1647,1,1821,620,1846,634
1648,1,1821,623,1846,637
1649,1,1820,626,1845,640
1650,1,1819,628,1844,642
1651,1,1819,631,1843,645
1652,1,1817,633,1841,647
1653,1,1817,634,1841,647
1654,1,1818,635,1841,648
1655,1,1819,636,1843,649
1656,1,1824,633,1848,646
1657,1,1828,622,1852,635
1658,1,1833,607,1856,620
1659,1,1838,595,1861,608
