10,1,1258,385,1269,398
11,1,1248,416,1263,432
12,1,1237,436,1252,452
13,1,1229,453,1239,466
14,1,1212,455,1224,470
15,1,1197,456,1209,471
16,1,1183,462,1195,476
17,1,1171,470,1183,486
18,1,1163,480,1175,494
19,1,1159,484,1171,498
20,1,1155,486,1167,500
21,1,1152,489,1164,503
22,1,1149,494,1161,508
23,1,1147,499,1159,513
24,1,1145,507,1157,521
25,1,1143,517,1155,531
26,1,1141,528,1153,542
27,1,1139,539,1151,553
28,1,1137,550,1149,564
29,1,1135,560,1147,574
30,1,1133,570,1145,584
31,1,1130,578,1142,592
32,1,1128,583,1140,597
33,1,1126,587,1137,600
34,1,1124,588,1135,601
35,2,1123,592,1134,605,1263,175,1279,186
36,2,1121,598,1132,611,1260,176,1276,187
37,2,1258,182,1274,193,1120,609,1130,622
38,2,1258,193,1274,204,1117,620,1130,638
39,2,1258,206,1271,216,1118,637,1128,651
40,2,1259,217,1269,227,1116,650,1127,665
41,2,1258,226,1268,236,1116,662,1127,677
42,2,1259,232,1269,242,1117,671,1128,683
43,2,1260,237,1270,247,1117,677,1128,689
44,2,1260,240,1270,250,1117,681,1127,694
45,2,1259,236,1269,246,1118,682,1128,695
46,2,1256,234,1266,244,1120,681,1130,694
47,2,1252,228,1262,238,1123,678,1133,691
48,2,1246,216,1256,226,1126,671,1136,684
49,2,1239,205,1249,215,1129,665,1139,678
50,2,1232,196,1242,206,1131,659,1141,672
51,2,1226,188,1236,198,1134,658,1144,671
52,2,1221,184,1231,194,1135,660,1145,673
53,2,1216,188,1226,198,1135,670,1145,684
54,2,1213,197,1223,207,1135,682,1145,696
55,2,1209,205,1219,215,1133,692,1143,705
56,2,1206,212,1216,222,1131,700,1141,713
57,2,1202,216,1212,226,1127,706,1137,719
58,2,1200,226,1210,236,1121,717,1131,735
59,2,1195,239,1208,249,1112,734,1124,751
60,2,1194,254,1207,264,1105,750,1115,764
61,2,1191,268,1204,278,1094,762,1107,779
62,2,1188,279,1201,289,1087,771,1098,788
63,2,1183,285,1196,295,1079,778,1090,795
64,2,1178,292,1191,302,1070,786,1081,803
65,2,1173,299,1186,309,1063,790,1074,807
66,2,1166,299,1179,309,1058,792,1069,809
67,2,1158,299,1171,309,1053,793,1064,810
68,2,1150,299,1163,309,1050,797,1062,815
69,2,1142,302,1155,312,1046,803,1057,821
70,2,1134,307,1147,317,1043,810,1054,828
71,2,1126,310,1139,320,1041,815,1053,833
72,2,1118,313,1131,323,1041,819,1053,837
73,2,1111,311,1124,321,1042,819,1054,837
74,2,1105,309,1118,319,1042,820,1053,838
75,2,1102,308,1115,318,1042,823,1054,841
76,2,1099,312,1112,322,1043,829,1055,847
77,2,1095,315,1108,325,1043,836,1055,854
78,2,1092,318,1105,328,1045,843,1057,861
79,2,1089,323,1102,333,1046,852,1058,870
80,2,1087,330,1100,340,1048,863,1060,881
81,2,1084,338,1097,348,1049,875,1061,894
82,2,1083,347,1096,357,1050,886,1062,905
83,2,1080,354,1093,364,1052,896,1064,915
84,2,1079,361,1092,371,1055,904,1068,923
85,2,1077,365,1090,375,1057,912,1070,932
86,2,1075,370,1088,380,1059,920,1072,940
87,2,1074,374,1087,384,1060,929,1073,948
88,2,1073,380,1086,390,1061,939,1074,959
89,2,1072,387,1085,397,1061,950,1074,970
90,1,1071,395,1084,405
91,1,1071,402,1084,412
92,1,1070,408,1083,418
93,1,1069,415,1082,425
94,1,1067,420,1080,430
95,1,1066,425,1079,435
96,1,1065,431,1078,441
97,1,1063,438,1076,448
98,2,1062,444,1075,454,1007,34,1018,44
99,2,1060,449,1073,459,1011,39,1022,49
100,2,1059,454,1073,464,1015,43,1026,53
101,2,1057,460,1070,470,1019,48,1030,58
102,2,1055,465,1068,475,1022,53,1033,63
103,2,1053,467,1066,477,1024,56,1035,66
104,2,1051,470,1064,480,1026,57,1037,67
105,2,1048,472,1061,482,1028,60,1039,70
106,2,1046,473,1059,483,1028,61,1039,71
107,2,1043,474,1056,484,1028,62,1039,72
108,2,1041,476,1055,486,1028,64,1039,74
109,2,1039,477,1053,487,1027,66,1038,76
110,2,1037,478,1050,488,1026,66,1037,76
111,2,1035,478,1048,488,1024,64,1035,74
112,2,1034,477,1047,487,1022,64,1034,75
113,2,1033,477,1047,487,1020,64,1031,74
114,1,1032,478,1045,488
115,1,1031,480,1044,490
116,1,1031,484,1044,494
117,1,1030,488,1043,498
118,1,1030,493,1043,503
119,1,1029,496,1042,506
120,1,1029,499,1042,509
121,1,1028,503,1041,513
122,1,1028,506,1041,516
123,1,1028,510,1041,520
124,1,1028,514,1041,524
125,1,1027,519,1040,529
126,1,1027,524,1040,534
127,1,1027,531,1040,541
128,1,1026,537,1039,547
129,1,1025,544,1038,554
130,1,1024,551,1037,561
131,2,1023,557,1037,567,1064,134,1075,144
132,2,1022,563,1035,573,1068,139,1079,149
133,2,1021,566,1034,576,1071,144,1082,154
134,2,1021,569,1035,579,1074,146,1085,156
135,3,1021,569,1035,579,1075,148,1086,158,966,79,980,92
136,3,1021,569,1035,579,1076,148,1087,158,968,79,982,92
137,3,1020,570,1034,580,1079,147,1090,157,970,78,985,92
138,3,1020,572,1034,582,1082,148,1093,158,972,79,987,93
139,3,1020,574,1034,584,1085,150,1096,160,976,79,991,93
140,3,1020,576,1034,586,1087,152,1098,162,979,81,994,94
141,3,1020,576,1034,586,1090,153,1101,163,982,82,996,95
142,3,1020,576,1034,586,1091,153,1103,164,983,81,998,95
143,3,1020,578,1034,588,1094,153,1106,164,986,81,1000,94
144,3,1020,579,1034,589,1096,155,1108,166,988,83,1003,97
145,3,1020,582,1034,592,1099,157,1111,168,992,85,1006,98
146,2,1020,584,1034,594,1101,159,1113,170
147,2,1019,584,1033,594,1104,159,1116,170
148,2,1019,582,1033,592,1105,159,1117,170
149,2,1019,582,1033,592,1106,157,1118,168
150,2,1019,580,1033,590,1107,156,1119,167
151,2,1019,578,1033,588,1110,155,1122,166
152,2,1020,576,1034,586,1113,153,1125,164
153,2,1021,574,1035,584,1115,151,1128,162
154,2,1021,572,1035,582,1119,148,1132,160
155,2,1022,570,1036,580,1121,146,1134,158
156,2,1023,570,1037,580,1127,147,1138,157
157,2,1024,570,1038,580,1131,146,1141,156
158,2,1025,570,1039,580,1134,147,1144,157
159,2,1027,571,1041,581,1139,149,1149,159
160,2,1028,572,1042,582,1140,148,1151,159
161,2,1030,572,1044,582,1143,148,1154,159
162,2,1032,572,1046,582,1146,148,1157,159
163,3,1034,570,1048,580,1148,146,1158,156,1040,68,1052,78
164,3,1036,569,1050,579,1148,144,1158,154,1039,66,1051,76
165,3,1039,567,1053,577,1149,141,1159,151,1039,64,1051,74
166,3,1041,566,1055,576,1150,139,1161,149,1040,62,1052,72
167,3,1043,565,1057,575,1150,135,1161,148,1040,60,1052,70
168,2,1044,565,1058,575,1153,137,1164,147
169,2,1046,566,1060,576,1156,137,1166,147
170,2,1048,568,1062,578,1159,137,1169,147
171,2,1049,570,1063,580,1162,138,1172,148
172,2,1050,573,1064,583,1164,142,1174,152
173,2,1051,575,1065,585,1168,144,1178,154
174,2,1053,576,1068,586,1170,144,1180,154
175,2,1053,576,1067,586,1172,145,1182,155
176,2,1054,578,1068,588,1175,146,1185,157
177,2,1055,580,1069,590,1179,149,1189,159
178,2,1056,579,1071,590,1178,149,1188,159
179,2,1057,575,1072,586,1178,146,1188,156
180,2,1058,571,1073,582,1175,139,1186,152
181,2,1059,566,1074,576,1174,134,1185,145
182,2,1060,563,1074,573,1172,130,1183,141
183,2,1061,561,1075,571,1171,127,1183,137
184,2,1061,561,1076,571,1172,126,1183,137
185,2,1063,562,1077,572,1173,126,1184,137
186,3,1063,564,1077,574,1175,129,1186,139,1057,51,1067,61
187,3,1063,568,1077,578,1176,132,1188,142,1056,54,1070,64
188,3,1064,572,1078,582,1178,136,1190,146,1058,56,1072,66
189,3,1064,575,1079,586,1180,139,1190,149,1058,60,1072,70
190,3,1066,579,1080,589,1182,141,1192,152,1059,63,1074,74
191,3,1067,581,1082,592,1184,145,1194,155,1061,66,1076,77
192,3,1068,583,1083,594,1187,148,1197,158,1062,68,1077,79
193,3,1070,584,1084,594,1065,68,1080,79,1190,149,1200,160
194,3,1072,584,1086,594,1067,68,1082,79,1192,149,1203,159
195,3,1074,586,1088,596,1074,70,1086,80,1196,151,1207,161
196,3,1078,588,1091,600,1078,70,1090,81,1201,152,1213,163
197,3,1081,590,1094,602,1082,71,1094,82,1206,154,1218,165
198,2,1082,593,1096,603,1086,74,1100,84
199,2,1085,598,1099,608,1092,77,1106,87
200,2,1087,602,1101,612,1099,81,1113,91
201,2,1089,608,1103,618,1106,86,1120,96
202,2,1091,611,1105,621,1114,90,1128,100
203,2,1094,613,1108,623,1125,92,1135,102
204,2,1096,613,1110,623,1130,92,1140,102
205,3,1099,612,1113,622,1135,91,1145,101,1262,182,1272,193
206,3,1102,614,1116,624,1141,92,1151,102,1268,184,1278,195
207,2,1104,617,1118,627,1149,94,1159,104
208,2,1107,621,1121,631,1157,98,1167,108
209,2,1109,624,1123,634,1165,101,1175,111
210,2,1172,102,1182,112,1114,624,1127,636
211,2,1177,101,1187,111,1118,622,1131,634
212,2,1182,98,1192,108,1122,619,1135,631
213,2,1185,92,1196,103,1127,612,1140,624
214,2,1132,606,1145,618,1188,84,1200,96
215,2,1137,599,1150,611,1191,77,1202,87
216,2,1144,593,1157,605,1192,69,1203,79
217,2,1150,587,1163,599,1196,62,1206,72
218,2,1156,583,1169,595,1201,52,1211,65
219,2,1163,579,1176,591,1203,49,1215,59
220,2,1170,578,1183,590,1208,47,1219,57
221,2,1177,578,1190,590,1212,45,1223,55
222,2,1183,579,1196,591,1217,43,1229,53
223,2,1190,582,1203,594,1222,44,1233,54
224,2,1197,585,1210,597,1228,45,1239,55
225,2,1203,588,1216,600,1235,46,1247,56
226,2,1210,591,1223,603,1241,47,1253,57
227,2,1216,592,1229,604,1247,47,1259,57
228,2,1222,593,1235,605,1251,46,1265,56
229,2,1227,593,1240,605,1256,44,1268,54
230,2,1232,594,1246,606,1262,43,1274,53
231,2,1237,596,1250,608,1268,43,1280,53
232,1,1241,596,1255,609
233,1,1245,596,1259,609
234,1,1250,595,1264,608
235,1,1253,594,1267,607
236,1,1256,594,1270,607
237,1,1258,596,1272,609
238,1,1260,598,1273,610
239,1,1262,600,1275,612
240,1,1263,602,1277,615
241,1,1264,602,1277,614
242,1,1265,603,1279,616
243,1,1267,602,1281,615
244,1,1268,603,1281,615
245,1,1270,601,1284,614
246,1,1271,598,1284,610
642,1,1263,237,1276,249
643,1,1258,239,1271,251
644,1,1252,239,1265,251
645,1,1246,237,1259,249
646,1,1238,233,1251,245
647,1,1229,228,1242,240
648,1,1219,222,1232,234
649,1,1209,217,1222,229
650,1,1201,216,1214,228
651,1,1195,221,1208,233
652,1,1189,231,1202,243
653,1,1185,241,1198,253
654,1,1180,251,1193,263
655,1,1175,259,1187,271
656,1,1170,267,1183,279
657,1,1164,276,1177,288
658,1,1159,284,1172,296
659,1,1156,291,1169,303
660,1,1152,298,1164,310
661,1,1149,305,1161,316
662,1,1147,312,1159,323
663,1,1146,320,1159,332
664,1,1145,327,1157,338
665,1,1143,332,1155,343
666,1,1142,335,1155,347
667,1,1141,338,1154,350
668,1,1141,341,1154,353
669,1,1142,345,1155,357
670,1,1144,349,1157,361
671,1,1145,352,1158,364
672,1,1146,355,1159,367
673,1,1147,357,1160,369
674,1,1147,359,1160,371
675,1,1146,362,1159,374
676,1,1146,365,1159,377
677,1,1145,367,1158,379
678,1,1144,368,1157,380
679,1,1144,368,1157,380
680,1,1142,369,1154,380
681,1,1140,368,1153,380
682,1,1138,370,1151,382
683,1,1135,373,1148,385
684,1,1133,375,1146,387
685,1,1130,378,1143,390
686,1,1127,381,1140,393
687,1,1123,383,1136,395
688,1,1119,384,1132,396
689,1,1114,385,1127,397
690,1,1109,385,1122,397
691,1,1103,387,1116,399
692,1,1099,388,1112,400
693,1,1094,389,1107,401
694,1,1090,391,1103,403
695,1,1085,393,1098,405
696,1,1081,394,1094,406
697,1,1077,396,1090,408
698,1,1073,398,1086,410
699,1,1069,399,1082,411
700,1,1066,402,1079,414
701,1,1063,406,1076,418
702,1,1061,412,1074,424
703,1,1058,417,1071,429
704,1,1056,421,1069,433
705,1,1053,422,1066,434
706,1,1051,425,1064,437
707,1,1048,427,1061,439
708,1,1045,430,1058,442
709,1,1043,432,1056,444
710,1,1040,436,1054,449
711,1,1037,442,1051,455
712,1,1035,445,1049,458
713,1,1033,444,1047,457
714,1,1032,444,1046,457
715,1,1030,446,1044,459
716,1,1029,449,1042,461
717,1,1027,451,1040,463
718,1,1025,457,1039,470
719,1,1023,468,1037,480
720,1,1021,481,1034,493
721,1,1019,491,1032,503
722,1,1015,495,1031,507
723,1,1011,495,1027,507
724,1,1006,498,1022,510
725,1,1004,503,1018,516
726,1,1000,512,1013,524
727,1,997,521,1010,533
728,1,994,530,1007,542
729,1,992,539,1005,551
730,1,990,547,1003,559
731,1,989,553,1002,565
732,1,989,556,1002,568
733,1,990,557,1003,569
734,2,991,556,1004,568,1014,55,1024,65
735,2,994,554,1007,566,1015,52,1025,62
736,2,997,553,1010,565,1017,50,1027,60
737,2,1001,553,1014,565,1024,48,1034,58
738,2,1005,556,1019,568,1037,47,1047,58
739,2,1009,559,1022,571,1052,49,1062,60
740,2,1013,570,1026,582,1072,55,1082,66
741,2,1016,582,1029,594,1092,69,1104,79
742,2,1017,590,1030,602,1113,80,1125,90
743,2,1018,596,1031,608,1131,88,1144,99
744,2,1019,602,1032,614,1148,94,1161,105
745,2,1019,605,1032,617,1163,102,1175,112
746,2,1019,608,1032,620,1177,109,1190,119
747,2,1018,610,1031,622,1187,112,1200,122
748,2,1018,612,1031,624,1195,117,1208,127
749,2,1019,613,1032,625,1199,119,1212,130
750,2,1020,613,1033,625,1201,118,1214,129
751,2,1020,610,1033,622,1199,114,1212,125
752,2,1022,607,1035,619,1198,110,1211,121
753,2,1023,601,1036,613,1198,103,1211,114
754,2,1023,597,1036,609,1199,96,1213,107
755,2,1024,593,1040,606,1200,93,1214,104
756,2,1026,589,1042,602,1202,88,1216,99
757,2,1027,585,1043,598,1203,82,1217,93
758,2,1029,579,1045,592,1204,75,1218,86
759,2,1031,575,1047,588,1210,70,1221,80
760,2,1035,573,1051,586,1214,65,1225,75
761,2,1038,570,1054,583,1217,60,1228,70
762,2,1041,569,1057,582,1219,56,1230,66
763,2,1044,567,1060,580,1221,51,1232,61
764,2,1048,566,1063,578,1224,48,1235,58
765,2,1050,564,1066,577,1226,44,1238,55
766,2,1054,561,1069,573,1226,38,1237,48
767,2,1057,557,1072,570,1226,30,1238,41
768,2,1060,553,1075,566,1226,24,1238,35
769,2,1063,553,1078,565,1226,18,1238,29
770,2,1065,552,1081,565,1228,14,1240,25
771,2,1067,551,1083,564,1231,12,1243,23
772,2,1069,551,1085,564,1235,11,1247,22
773,2,1070,551,1086,564,1240,10,1252,21
774,2,1070,551,1085,564,1247,9,1259,20
775,2,1070,551,1086,564,1255,9,1267,20
776,2,1069,551,1085,564,1262,10,1274,21
777,2,1068,553,1084,566,1267,12,1278,22
778,2,1067,553,1082,564,1267,12,1281,24
779,2,1065,553,1080,564,1269,12,1282,24
780,1,1063,554,1076,566
781,1,1061,557,1074,569
782,1,1058,559,1072,571
783,1,1055,559,1068,571
784,1,1052,561,1065,573
785,1,1048,563,1064,576
786,1,1046,564,1061,576
787,1,1043,565,1059,578
788,1,1041,568,1057,581
789,1,1039,568,1055,581
790,1,1038,571,1053,583
791,1,1037,571,1052,583
792,1,1037,571,1052,583
793,1,1037,570,1052,582
794,1,1037,569,1052,581
795,1,1038,565,1053,577
796,1,1039,563,1054,575
797,1,1040,559,1055,571
798,1,1042,554,1057,566
799,1,1044,550,1059,562
800,1,1045,549,1060,561
801,1,1047,549,1063,561
802,1,1048,550,1063,562
803,1,1049,550,1064,562
804,1,1050,548,1066,561
805,1,1051,548,1067,560
806,1,1052,549,1068,561
807,1,1053,553,1069,566
808,1,1053,558,1068,570
809,1,1053,562,1069,575
810,1,1054,566,1069,578
811,1,1055,570,1071,583
812,1,1055,577,1072,590
813,1,1055,587,1072,600
814,1,1055,596,1072,609
815,1,1054,603,1071,617
816,1,1054,606,1071,619
817,1,1055,605,1072,618
818,1,1055,602,1072,615
819,1,1054,600,1070,613
820,1,1053,599,1070,612
821,1,1051,598,1068,611
822,1,1048,598,1065,612
823,1,1045,600,1062,614
824,1,1043,602,1060,615
825,1,1041,605,1058,619
826,1,1040,609,1057,622
827,1,1040,614,1057,628
828,1,1040,617,1057,630
829,1,1040,620,1057,633
830,1,1040,622,1057,636
831,1,1040,625,1056,638
832,1,1041,626,1058,639
833,1,1041,623,1058,636
834,1,1042,618,1059,632
835,1,1043,613,1060,627
836,1,1043,608,1061,622
837,1,1043,603,1060,617
838,1,1044,599,1061,613
839,1,1043,598,1060,611
840,1,1042,599,1059,612
841,1,1041,606,1058,619
842,1,1038,613,1055,627
843,1,1035,620,1051,633
844,1,1031,624,1048,637
845,1,1028,626,1045,640
846,1,1026,625,1043,639
847,1,1025,622,1042,635
848,1,1024,617,1039,629
849,1,1024,610,1039,622
850,1,1025,604,1041,617
851,1,1028,598,1044,611
852,1,1031,592,1048,605
853,1,1035,586,1051,599
854,1,1039,582,1057,596
855,1,1045,577,1062,591
856,1,1051,569,1068,583
857,1,1057,564,1074,578
858,1,1063,558,1080,572
859,1,1070,556,1086,569
860,1,1077,558,1094,571
861,1,1082,562,1099,575
862,1,1088,568,1105,582
863,1,1093,577,1110,591
864,1,1097,586,1114,600
865,1,1100,594,1117,608
866,1,1102,598,1119,612
867,1,1104,602,1121,616
868,1,1105,603,1122,617
869,1,1106,601,1123,614
870,1,1106,598,1123,612
871,1,1106,594,1123,608
872,1,1106,592,1123,606
873,1,1106,589,1123,603
874,1,1105,585,1122,599
875,1,1105,581,1123,595
876,1,1106,577,1123,590
877,1,1107,570,1124,583
878,1,1108,564,1125,577
879,1,1109,560,1126,573
880,1,1112,556,1128,569
881,1,1113,555,1129,568
882,1,1116,554,1132,567
883,1,1119,548,1135,561
884,1,1122,542,1138,555
885,1,1125,536,1141,549
886,1,1128,532,1144,545
887,1,1132,527,1148,540
888,1,1135,522,1151,535
889,1,1139,522,1155,535
890,1,1143,522,1159,535
891,1,1145,521,1161,534
892,1,1148,520,1164,533
893,1,1149,519,1165,532
894,1,1151,518,1167,531
895,1,1151,518,1167,531
896,1,1151,518,1167,531
897,1,1151,520,1167,533
898,1,1150,522,1166,535
899,1,1149,522,1165,535
900,1,1148,522,1164,535
901,1,1147,522,1163,535
902,1,1147,522,1163,535
903,1,1146,523,1162,536
904,1,1146,522,1162,535
905,1,1147,518,1163,531
906,1,1149,514,1165,527
907,1,1151,509,1167,522
908,1,1154,504,1170,517
909,1,1157,500,1173,513
910,1,1161,498,1177,511
911,1,1165,502,1181,515
912,1,1169,509,1185,522
913,1,1173,516,1189,529
914,1,1178,524,1194,537
915,1,1183,533,1199,546
916,1,1188,539,1204,552
917,1,1193,544,1209,557
918,1,1197,545,1213,558
919,1,1203,546,1219,559
920,1,1209,545,1225,558
921,1,1214,544,1230,557
922,1,1220,544,1236,557
923,1,1226,545,1243,558
924,1,1232,548,1248,561
925,1,1237,549,1254,563
926,1,1242,553,1259,567
927,1,1247,557,1264,571
928,1,1253,560,1270,573
929,1,1257,563,1274,577
930,1,1261,566,1278,580
931,1,1264,568,1281,581
932,1,1267,568,1282,580
933,1,1267,567,1285,582
934,1,1270,565,1284,576
935,1,1270,564,1284,575
936,1,1271,564,1285,575
937,1,1271,566,1284,577
938,1,1271,566,1285,577
1163,1,1266,225,1279,237
1164,1,1259,223,1272,236
1165,1,1252,223,1265,236
1166,1,1246,223,1259,236
1167,1,1240,226,1253,239
1168,1,1236,228,1249,241
1169,1,1233,230,1247,244
1170,1,1230,234,1243,247
1171,1,1229,241,1242,254
1172,1,1229,250,1242,263
1173,1,1230,256,1243,269
1174,1,1231,261,1244,274
1175,1,1232,266,1245,279
1176,1,1234,271,1247,284
1177,1,1235,276,1248,289
1178,1,1238,283,1251,296
1179,1,1242,293,1255,306
1180,1,1246,305,1260,319
1181,1,1251,319,1264,332
1182,1,1255,332,1268,345
1183,1,1259,345,1271,357
1184,1,1261,352,1274,365
1185,1,1265,357,1278,371
1186,1,1267,364,1280,378
1187,1,1269,369,1281,382
1188,1,1270,369,1283,383
1189,1,1271,368,1284,382
1190,1,1271,366,1284,380
1191,1,1270,364,1284,379
1192,1,1270,363,1283,377
1193,1,1269,362,1282,376
1194,1,1267,360,1281,375
1195,1,1264,357,1277,371
1196,1,1260,354,1274,369
1197,1,1256,352,1269,366
1198,1,1251,350,1265,365
1199,1,1246,347,1259,361
1200,1,1240,342,1254,357
1201,1,1233,341,1247,353
1202,1,1228,337,1242,349
1203,1,1223,335,1238,346
1204,1,1218,331,1233,342
1205,1,1212,327,1227,338
1206,1,1206,325,1221,336
1207,1,1201,323,1216,334
1208,1,1196,322,1211,333
1209,1,1193,323,1208,334
1210,1,1189,325,1204,336
1211,1,1185,327,1200,338
1212,1,1181,328,1195,339
1213,1,1177,329,1192,340
1214,1,1174,331,1188,342
1215,1,1170,333,1185,344
1216,1,1167,338,1181,349
1217,1,1165,345,1180,356
1218,1,1163,352,1177,363
1219,1,1160,356,1174,366
1220,1,1158,361,1172,372
1221,1,1156,368,1170,378
1222,1,1154,375,1168,385
1223,1,1151,381,1165,391
1224,1,1148,384,1162,394
1225,1,1143,385,1157,395
1226,1,1138,385,1152,395
1227,1,1133,387,1147,398
1228,1,1130,393,1144,403
1229,1,1125,402,1139,412
1230,1,1121,413,1136,424
1231,1,1118,425,1133,436
1232,1,1116,434,1130,444
1233,1,1111,437,1127,448
1234,1,1110,439,1123,449
1235,1,1106,436,1121,446
1236,1,1102,431,1117,441
1237,1,1099,424,1114,434
1238,1,1096,416,1111,426
1239,1,1093,409,1108,419
1240,1,1090,405,1105,415
1241,1,1087,403,1102,413
1242,2,1084,402,1099,412,682,0,694,10
1243,2,1081,403,1096,413,677,5,687,18
1244,2,1078,404,1093,414,670,9,682,23
1245,2,1076,404,1091,414,665,12,677,26
1246,2,1074,405,1089,415,662,14,674,28
1247,2,1073,410,1088,420,662,17,674,31
1248,2,1072,415,1087,425,662,21,674,35
1249,2,1071,420,1086,430,664,25,675,38
1250,2,1070,424,1085,434,665,29,676,42
1251,1,1068,429,1083,439
1252,1,1067,435,1082,445
1253,2,1065,440,1080,450,669,40,680,52
1254,2,1064,445,1079,455,672,42,682,53
1255,2,1062,451,1077,461,675,43,685,54
1256,2,1061,455,1076,465,680,42,690,52
1257,2,1059,457,1074,467,683,40,694,51
1258,2,1056,460,1071,470,685,38,695,48
1259,2,1053,464,1069,474,687,38,698,50
1260,1,1050,466,1065,476
1261,1,1046,468,1061,478
1262,1,1042,471,1058,481
1263,1,1038,475,1054,485
1264,1,1033,479,1048,489
1265,1,1028,482,1043,492
1266,1,1023,482,1038,492
1267,1,1018,483,1033,493
1268,1,1014,483,1029,493
1269,1,1009,484,1024,494
1270,1,1005,485,1021,495
1271,1,1001,487,1016,497
1272,1,997,486,1012,496
1273,1,994,485,1010,495
1274,1,991,480,1006,490
1275,1,988,475,1003,485
1276,2,985,470,1000,480,654,30,664,42
1277,2,984,466,999,476,652,28,663,39
1278,2,982,464,997,474,649,28,659,38
1279,2,981,465,996,475,647,28,658,39
1280,1,980,468,995,478
1281,2,980,473,995,483,649,32,662,42
1282,2,979,478,994,488,653,35,663,45
1283,1,977,481,992,491
1284,1,975,485,990,495
1285,1,974,488,989,498
1286,1,972,490,987,500
1287,1,971,494,986,504
1288,1,970,497,986,507
1289,1,970,500,985,510
1290,1,971,502,987,512
1291,1,971,502,987,512
1292,1,972,502,988,512
1293,1,972,503,988,513
1294,1,973,505,989,515
1295,1,975,506,991,516
1296,1,976,508,992,518
1297,1,977,511,993,521
1298,2,979,514,996,524,1000,59,1012,69
1299,2,981,516,997,526,1004,61,1016,71
1300,2,983,517,999,527,1011,63,1023,73
1301,1,983,518,1000,528
1302,2,984,518,1000,528,1024,62,1035,72
1303,2,984,523,1000,533,1031,66,1042,76
1304,1,984,530,1001,540
1305,2,983,536,999,546,1048,80,1059,90
1306,1,981,542,997,552
1307,1,978,547,994,557
1308,1,976,550,992,560
1309,1,972,552,988,562
1310,1,968,553,984,563
1311,1,964,553,980,563
1312,1,960,552,976,562
1313,1,955,551,971,561
1314,1,951,550,967,560
1315,1,946,551,962,561
1316,1,942,552,958,562
1317,1,938,555,955,565
1318,1,934,557,951,567
1319,1,930,561,946,571
1320,1,927,568,944,578
1321,1,925,575,942,585
1322,1,922,581,939,591
1323,1,921,584,938,594
1324,1,921,587,938,597
1325,1,920,587,937,598
1326,1,921,587,938,597
1327,1,922,588,939,598
1328,2,923,589,939,599,1077,150,1087,160
1329,2,924,589,940,599,1078,151,1088,161
1330,2,925,589,941,599,1077,149,1088,159
1331,2,926,589,942,599,1075,146,1086,156
1332,2,926,588,942,598,1073,145,1084,155
1333,2,926,588,942,598,1073,143,1084,153
1334,2,925,589,941,599,1072,142,1084,152
1335,2,925,592,941,602,1072,143,1084,153
1336,2,924,596,940,606,1072,146,1084,156
1337,2,922,599,938,609,1071,149,1083,159
1338,2,919,600,935,610,1072,152,1084,162
1339,2,916,601,932,611,1075,153,1087,163
1340,2,914,603,930,613,1077,156,1089,166
1341,2,912,605,928,615,1079,158,1091,168
1342,2,910,607,926,617,1078,160,1090,170
1343,2,908,612,924,622,1074,163,1086,173
1344,2,906,617,922,627,1071,166,1083,176
1345,2,903,620,919,630,1070,170,1082,180
1346,2,900,623,916,633,1070,174,1082,184
1347,2,897,620,913,630,1069,172,1081,182
1348,2,896,614,912,624,1068,166,1080,176
1349,2,895,607,911,617,1065,160,1077,170
1350,2,894,599,910,609,1062,150,1074,160
1351,2,894,591,910,601,1059,138,1071,148
1352,2,894,584,910,594,1055,130,1067,140
1353,2,894,580,910,590,1054,123,1066,133
1354,2,894,577,910,587,1055,116,1067,126
1355,2,895,577,911,587,1056,114,1068,124
1356,2,897,582,913,592,1057,116,1069,126
1357,2,900,588,916,598,1058,118,1071,129
1358,2,903,595,919,605,1060,122,1072,132
1359,2,905,600,921,610,1063,127,1075,137
1360,2,907,607,923,617,1065,132,1077,142
1361,2,908,611,925,622,1069,134,1081,144
1362,2,910,615,926,625,1074,138,1086,148
1363,2,912,617,928,627,1081,140,1093,150
1364,2,913,621,930,632,1087,143,1099,153
1365,2,916,623,932,633,1093,144,1105,154
1366,2,918,624,935,635,1099,145,1111,155
1367,2,922,627,939,638,1104,146,1116,156
1368,2,925,629,941,639,1110,146,1122,156
1369,2,927,635,944,646,1117,150,1129,160
1370,2,928,638,945,649,1127,156,1139,166
1371,2,929,641,946,652,1135,160,1147,170
1372,2,929,641,947,652,1144,164,1156,174
1373,2,930,641,947,652,1151,164,1164,175
1374,2,930,638,947,649,1157,164,1170,175
1375,2,929,635,946,645,1163,162,1176,173
1376,2,927,633,944,644,1168,162,1181,173
1377,2,926,631,942,641,1173,162,1186,173
1378,2,925,630,942,640,1176,162,1189,173
1379,2,923,630,941,641,1178,162,1191,173
1380,2,923,631,940,642,1179,162,1192,173
1381,2,922,632,939,643,1180,162,1193,173
1382,2,922,632,940,643,1179,161,1192,172
1383,2,922,633,939,644,1178,160,1191,171
1384,2,921,634,939,645,1178,160,1191,171
1385,2,920,633,937,644,1179,160,1192,171
1386,2,919,632,937,643,1181,159,1194,170
1387,2,917,631,935,642,1184,160,1197,171
1388,2,916,630,934,641,1185,157,1198,170
1389,2,916,628,933,639,1185,155,1197,167
1390,2,915,629,932,640,1185,154,1196,165
1391,2,915,632,933,643,1183,154,1194,165
1392,2,914,635,931,646,1180,156,1191,167
1393,2,912,638,930,650,1178,158,1189,169
1394,2,911,640,929,651,1176,158,1187,169
1395,2,911,639,929,650,1173,156,1184,167
1396,2,910,638,928,649,1169,154,1180,165
1397,2,909,636,927,647,1164,148,1175,159
1398,2,908,632,926,644,1159,142,1170,153
1399,2,909,627,924,639,1153,136,1164,147
1400,2,908,627,923,639,1149,131,1160,142
1401,2,905,629,921,641,1149,132,1160,143
1402,2,903,633,918,645,1152,139,1162,149
1403,1,900,633,916,645
1404,1,898,632,913,644
1405,1,896,629,912,641
1406,1,895,628,911,640
1407,1,895,627,911,639
1408,1,896,628,912,640
1409,1,896,630,912,642
1410,1,898,634,913,646
1411,2,900,637,916,649,1199,157,1209,168
1412,2,903,639,919,651,1203,159,1216,170
1413,2,906,641,922,652,1211,159,1222,171
1414,2,910,643,926,654,1218,160,1228,171
1415,2,914,645,930,656,1224,160,1235,172
1416,2,918,648,934,659,1229,163,1240,175
1417,2,922,651,938,662,1235,162,1246,174
1418,2,927,649,944,660,1239,158,1250,170
1419,2,933,647,949,658,1243,153,1254,165
1420,2,938,646,954,657,1249,149,1260,161
1421,2,943,643,960,654,1255,145,1266,157
1422,2,948,641,964,652,1261,140,1272,152
1423,2,953,637,970,648,1268,135,1279,147
1424,1,957,636,974,646
1425,1,962,634,978,646
1426,1,966,634,982,646
1427,1,969,635,986,647
1428,1,973,636,989,648
1429,1,977,638,993,650
1430,1,980,640,996,652
1431,1,983,642,999,654
1432,1,986,644,1002,656
1433,1,989,644,1005,656
1434,1,991,644,1007,656
1435,1,994,644,1010,656
1436,1,997,642,1013,654
1437,1,1001,638,1017,650
1438,1,1003,635,1019,647
1439,1,1005,633,1021,645
1440,1,1006,631,1022,643
1441,1,1007,629,1023,641
1442,1,1008,627,1024,639
1443,1,1009,626,1025,638
1444,1,1010,626,1026,638
1445,1,1011,626,1027,638
1446,1,1011,627,1027,639
1447,1,1013,630,1029,642
1448,1,1013,635,1029,647
1449,1,1014,640,1030,652
1450,1,1015,645,1031,657
1451,1,1018,651,1034,663
1452,1,1021,654,1036,665
1453,1,1024,653,1040,665
1454,1,1029,650,1045,662
1455,1,1033,646,1049,658
1456,1,1038,641,1054,653
1457,1,1042,634,1057,646
1458,1,1046,627,1062,639
1459,1,1050,621,1067,633
1460,1,1054,615,1070,627
1461,1,1059,612,1075,624
1462,1,1063,611,1080,624
1463,1,1068,613,1084,625
1464,1,1074,614,1090,626
1465,1,1081,616,1097,628
1466,1,1087,618,1103,630
1467,1,1095,619,1111,631
1468,1,1102,618,1118,630
1469,1,1110,618,1126,630
1470,1,1117,618,1133,630
1471,1,1124,618,1140,630
1472,1,1131,618,1148,631
1473,1,1137,617,1154,629
1474,1,1143,616,1159,628
1475,1,1149,615,1166,627
1476,1,1154,613,1171,625
1477,1,1159,613,1175,625
1478,1,1163,611,1180,624
1479,1,1167,609,1184,622
1480,1,1171,607,1188,620
1481,1,1173,606,1190,618
1482,1,1176,606,1192,618
1483,1,1177,606,1193,618
1484,1,1179,605,1195,617
1485,1,1179,604,1195,616
1486,1,1180,604,1197,616
1487,1,1180,603,1197,615
1488,1,1180,603,1197,615
1489,1,1180,598,1196,610
1490,1,1180,592,1197,605
1491,1,1181,587,1197,599
1492,1,1182,584,1198,596
1493,1,1183,582,1199,594
1494,1,1184,582,1200,594
1495,1,1185,582,1201,594
1496,1,1186,584,1203,596
1497,1,1188,586,1204,598
1498,1,1189,588,1205,600
1499,1,1191,591,1208,604
1500,1,1193,593,1210,606
1501,1,1196,596,1212,608
1502,1,1198,597,1214,609
1503,1,1201,598,1217,610
1504,1,1203,600,1220,613
1505,1,1206,602,1223,614
1506,1,1209,603,1225,615
1507,1,1212,604,1229,617
1508,1,1215,605,1231,617
1509,1,1218,605,1234,617
1510,1,1221,606,1238,618
1511,1,1224,606,1241,619
1512,1,1227,607,1244,620
1513,1,1230,609,1246,621
1514,1,1234,609,1249,620
1515,1,1237,609,1252,620
1516,1,1239,608,1256,621
1517,1,1244,607,1259,618
1518,1,1246,604,1263,617
1519,1,1251,604,1267,616
1520,1,1256,604,1272,616
1521,1,1260,603,1275,617
1522,1,1263,603,1279,618
1523,1,1267,604,1283,619
1524,1,1271,606,1288,622
