0,3,990,575,1007,589,1044,890,1058,906,652,156,670,169
1,3,658,154,677,167,992,582,1008,592,1038,896,1054,908
2,3,992,585,1008,595,1031,901,1047,913,664,152,685,165
3,3,990,588,1006,598,1022,906,1038,918,670,149,692,163
4,3,988,591,1004,601,1012,910,1028,922,679,145,700,157
5,3,986,596,1001,606,1004,917,1019,927,685,144,707,156
6,3,983,599,998,609,996,920,1011,930,689,143,712,156
7,3,980,601,995,611,990,922,1005,932,693,141,716,154
8,3,978,601,993,611,986,922,1001,932,693,141,716,153
9,3,976,599,991,609,985,920,1000,930,693,141,714,151
10,3,975,597,990,607,986,918,1001,928,691,140,712,153
11,3,975,593,990,603,989,914,1004,924,686,138,709,153
12,3,975,589,990,599,991,911,1006,921,682,138,703,152
13,3,975,586,990,596,994,909,1009,919,675,139,700,151
14,3,976,583,991,593,996,907,1011,917,673,138,698,150
15,3,977,581,992,591,999,905,1014,915,673,139,696,151
16,3,979,579,994,589,1004,905,1019,915,669,139,693,152
17,3,980,577,996,587,1009,905,1024,915,670,141,692,156
18,3,983,577,999,587,1014,905,1029,915,665,145,687,160
19,3,986,577,1001,587,1019,906,1034,916,667,150,689,160
20,3,989,576,1005,586,1023,906,1038,916,665,153,688,164
21,3,992,574,1008,584,1026,905,1041,915,666,153,689,164
22,3,996,572,1012,582,1028,904,1044,914,670,152,691,163
23,3,999,571,1015,581,1029,905,1045,916,672,151,694,162
24,3,1002,571,1018,581,1031,906,1046,916,677,151,698,162
25,3,1005,571,1021,581,1032,908,1048,919,678,150,701,162
26,3,1009,571,1025,581,1032,910,1048,921,684,150,705,161
27,3,1012,571,1028,581,1033,911,1048,921,689,149,710,160
28,3,1015,571,1031,581,1032,913,1048,923,693,148,714,159
29,3,1018,573,1034,583,1031,917,1046,927,701,147,721,157
30,3,1021,575,1037,585,1028,921,1044,931,707,145,728,156
31,3,1024,581,1040,591,1026,929,1041,939,714,146,734,157
32,3,1028,587,1044,597,1025,936,1040,946,721,150,741,161
33,3,1031,592,1047,602,1024,942,1039,952,728,153,749,164
34,3,1035,595,1051,605,1025,946,1041,956,733,155,753,166
35,3,1038,595,1053,605,1026,947,1041,957,739,156,757,166
36,3,1042,593,1057,603,1028,945,1043,955,742,154,762,164
37,3,1046,589,1061,599,1030,941,1045,951,745,150,765,160
38,3,1050,583,1065,593,1033,936,1048,946,748,144,769,155
39,3,1054,577,1069,587,1037,931,1052,941,750,138,770,148
40,3,1058,569,1073,579,1041,925,1056,935,752,132,772,142
41,3,1062,561,1077,571,1044,918,1059,928,754,124,775,134
42,3,1066,553,1081,563,1047,911,1062,921,756,116,776,126
43,3,1070,546,1086,557,1050,905,1065,915,759,108,779,118
44,3,1075,540,1091,550,1054,901,1069,911,762,100,782,110
45,3,1079,535,1095,546,1057,898,1072,908,764,94,784,104
46,3,1085,531,1100,542,1060,897,1075,909,767,89,787,99
47,3,1089,529,1104,540,1063,897,1078,909,770,87,790,97
48,3,1093,529,1108,540,1066,899,1081,911,773,85,793,95
49,3,1096,529,1111,540,1068,901,1083,913,776,85,796,95
50,3,1099,529,1114,540,1068,902,1083,914,780,83,800,93
51,3,1102,529,1117,540,1070,902,1085,914,783,82,803,92
52,3,1105,529,1120,540,1071,903,1086,915,785,80,805,90
53,3,1107,527,1122,538,1073,902,1088,914,786,78,806,88
54,3,1110,525,1125,536,1075,900,1090,912,788,74,807,84
55,3,1111,521,1126,532,1078,897,1093,909,787,71,808,82
56,3,1113,517,1128,528,1082,895,1097,907,785,68,805,78
57,3,1114,513,1129,524,1085,892,1100,904,782,66,801,76
58,3,1115,509,1130,520,1088,889,1103,901,780,64,799,74
59,3,1116,505,1131,516,1091,887,1106,899,777,62,796,72
60,3,1117,503,1132,514,1094,885,1109,897,777,60,793,70
61,3,1117,499,1132,510,1096,883,1111,895,775,56,792,68
62,3,1118,497,1134,508,1098,881,1113,893,773,54,790,66
63,3,1118,495,1133,506,1101,879,1117,892,770,53,787,66
64,3,1119,493,1135,505,1103,879,1119,891,767,53,784,66
65,3,1119,493,1134,504,1105,881,1120,893,765,53,782,66
66,3,1119,493,1134,504,1105,881,1121,893,764,54,781,67
67,3,1120,494,1135,505,1106,883,1122,895,763,56,780,69
68,3,1120,495,1135,506,1107,884,1122,896,762,56,779,69
69,3,1121,495,1136,506,1108,885,1123,897,761,57,778,70
70,3,1121,494,1136,505,1110,885,1125,897,759,58,776,71
71,3,1121,493,1136,504,1112,885,1128,897,757,58,774,71
72,3,1122,493,1137,504,1114,885,1130,898,755,59,772,72
73,3,1123,493,1138,504,1117,887,1133,900,754,61,771,74
74,3,1124,494,1139,505,1119,888,1135,901,754,61,771,74
75,3,1125,495,1141,507,1121,890,1137,903,752,64,770,77
76,3,1125,495,1142,506,1123,891,1138,902,751,66,769,79
77,3,1126,495,1143,506,1125,892,1140,903,751,66,769,79
78,3,1128,495,1145,506,1127,892,1142,903,751,67,769,80
79,3,1129,495,1146,506,1129,893,1144,904,751,67,769,80
80,3,1131,495,1148,506,1131,893,1146,904,751,67,769,80
81,3,1132,494,1149,505,1133,893,1148,904,751,67,769,80
82,3,1134,492,1150,503,1135,892,1150,903,750,67,768,80
83,3,1136,491,1153,502,1137,892,1152,903,749,66,768,80
84,3,1137,491,1154,502,1137,893,1152,904,750,66,769,79
85,3,1139,493,1156,504,1136,897,1151,908,752,66,770,79
86,3,1141,497,1158,508,1135,902,1150,913,755,68,773,81
87,3,1142,501,1159,512,1133,907,1148,918,758,70,776,83
88,3,1143,505,1160,516,1130,911,1145,922,762,72,780,85
89,3,1143,508,1160,519,1128,916,1143,927,764,74,782,87
90,3,1144,512,1161,523,1126,919,1141,930,766,76,784,89
91,3,1144,515,1161,526,1126,923,1141,934,767,78,785,91
92,3,1145,516,1162,527,1125,925,1140,936,767,80,785,93
93,3,1145,517,1162,528,1125,926,1141,937,768,82,786,95
94,3,1145,517,1163,528,1125,927,1140,938,767,82,785,95
95,3,1146,517,1164,528,1124,928,1139,939,768,83,786,96
96,3,1147,517,1165,529,1124,929,1139,940,769,83,787,96
97,3,1148,517,1166,529,1123,929,1138,940,769,83,787,96
98,3,1149,517,1167,529,1123,930,1138,941,770,82,788,95
99,3,1150,517,1168,529,1122,932,1137,943,771,83,789,96
100,3,1151,518,1169,530,1122,933,1137,944,771,83,789,96
101,3,1153,519,1171,531,1121,935,1136,946,773,84,791,97
102,3,1154,520,1172,532,1121,937,1136,948,773,85,792,98
103,3,1156,521,1174,533,1122,939,1137,950,775,86,793,99
104,3,1158,521,1176,533,1123,939,1138,950,776,87,794,100
105,3,1160,521,1178,533,1124,941,1139,952,777,87,795,100
106,3,1162,521,1180,533,1125,941,1140,952,778,88,795,99
107,3,1164,521,1182,533,1124,943,1139,954,778,88,796,99
108,3,1166,524,1184,536,1119,949,1134,960,782,89,799,100
109,2,787,89,805,102,1167,531,1183,543
110,2,795,90,814,100,1167,537,1183,549
111,2,804,85,824,96,1166,543,1182,555
112,2,1166,547,1182,559,811,84,832,95
113,2,1165,548,1181,560,815,83,836,93
114,2,1166,547,1182,559,816,81,838,91
115,2,1167,546,1183,558,815,81,837,91
116,2,1170,545,1186,557,814,82,836,92
117,2,1172,544,1188,556,812,85,836,95
118,2,1174,542,1190,554,809,87,831,97
119,2,1177,540,1193,552,807,89,829,99
120,2,1181,537,1197,549,805,90,826,100
121,2,1185,534,1201,546,804,90,825,100
122,2,1189,527,1205,539,806,87,827,97
123,2,1194,520,1210,532,805,83,826,93
124,3,1199,515,1215,527,805,79,826,90,1126,946,1142,957
125,3,1204,509,1220,521,806,77,828,87,1132,942,1148,953
126,3,1210,502,1226,514,808,74,827,84,1139,937,1155,948
127,3,1215,495,1231,507,806,71,827,81,1146,931,1162,942
128,3,1220,490,1236,502,805,69,827,79,1153,930,1169,941
129,3,1224,489,1240,501,806,70,827,80,1157,933,1172,943
130,3,1228,492,1245,504,809,73,829,83,1157,938,1173,949
131,3,1232,499,1248,511,815,77,835,87,1154,945,1170,956
132,2,1235,506,1251,518,821,82,841,92
133,2,1237,513,1253,525,825,87,845,97
134,2,1239,517,1255,531,827,90,848,101
135,2,1240,523,1255,537,832,94,851,104
136,2,1240,528,1255,541,833,96,855,108
137,2,1239,535,1255,549,837,100,858,111
138,2,1239,543,1255,557,841,106,861,116
139,2,1237,549,1253,563,843,109,863,120
140,2,1236,552,1251,565,847,110,868,120
141,2,1235,551,1250,564,848,108,869,118
142,2,1234,542,1249,555,846,103,867,113
143,2,1234,530,1250,544,841,96,862,106
144,2,1235,519,1250,533,835,89,856,99
145,2,1236,510,1251,523,829,85,850,95
146,2,1237,504,1252,517,824,85,845,95
147,2,1239,503,1254,517,821,88,842,98
148,2,1241,505,1256,518,820,92,841,102
149,2,1243,505,1258,518,820,94,841,104
150,2,1246,507,1262,521,821,99,842,109
151,2,1249,510,1264,523,822,105,843,115
152,2,1253,512,1268,525,823,111,844,121
153,2,1257,513,1272,526,824,115,845,125
154,2,1261,510,1276,523,826,117,847,127
155,2,1264,506,1279,518,827,114,847,124
156,1,828,109,848,119
157,1,829,104,850,115
158,2,833,99,853,109,1168,946,1184,958
159,2,837,96,858,107,1169,946,1185,958
160,2,843,94,865,105,1170,947,1186,959
161,2,848,94,869,104,1171,949,1187,961
162,2,853,94,875,105,1171,953,1186,964
163,1,859,95,880,105
164,1,867,96,888,106
165,1,874,100,898,110
166,1,881,103,905,113
167,1,887,106,911,116
168,1,893,109,917,119
169,1,899,112,923,122
170,1,905,114,926,124
171,1,912,117,933,128
172,1,919,119,941,129
173,1,927,120,949,130
174,1,933,122,953,133
175,1,936,124,958,134
176,1,938,125,960,135
177,1,939,125,961,135
178,1,938,122,961,132
179,1,936,120,958,131
180,1,933,116,954,126
181,1,928,113,950,123
182,1,923,109,946,119
183,1,918,104,940,114
184,1,914,98,935,108
185,1,910,92,931,103
186,2,905,88,927,98,1183,941,1196,957
187,2,902,84,923,94,1192,934,1205,950
188,2,897,83,919,93,1201,928,1214,944
189,2,894,82,915,93,1209,923,1222,939
190,2,892,81,914,91,1216,920,1228,935
191,2,892,80,914,90,1221,917,1234,933
192,2,894,79,915,89,1225,916,1238,932
193,2,897,78,919,88,1229,916,1242,932
194,2,902,77,923,87,1230,918,1243,934
195,2,908,76,931,86,1229,923,1242,938
196,2,917,75,940,85,1227,929,1240,944
197,2,930,74,952,84,1225,936,1238,951
198,2,1225,941,1238,957,944,75,963,86
199,2,1228,945,1241,961,952,77,970,87
200,2,1234,947,1247,963,959,78,978,89
201,2,1240,946,1253,961,964,77,983,88
202,2,1248,945,1261,961,968,76,988,87
203,2,1257,943,1270,959,972,74,992,85
224,1,991,16,1010,27
225,1,993,19,1010,29
226,1,992,22,1010,32
227,1,993,23,1011,33
228,1,990,24,1011,35
229,1,995,26,1009,36
230,1,989,27,1008,37
231,1,989,28,1006,38
253,1,1005,19,1027,33
254,1,1009,17,1027,29
255,1,1013,19,1031,31
256,1,1017,23,1034,34
257,1,1021,30,1038,41
258,1,1029,36,1044,46
259,1,1040,40,1056,52
260,1,1048,44,1065,54
261,1,1053,43,1072,54
262,1,1058,42,1075,53
263,1,1059,40,1079,50
264,1,1058,38,1078,48
265,1,1054,37,1075,47
266,1,1049,37,1070,47
267,1,1041,36,1062,46
268,1,1033,32,1054,42
269,1,1023,28,1044,38
270,1,1015,24,1036,35
271,1,1007,20,1028,31
272,1,999,16,1020,27
273,1,992,13,1013,23
274,1,986,9,1007,20
275,1,979,4,1000,15
292,1,1067,5,1084,17
293,1,1074,12,1091,24
294,1,1077,16,1094,28
295,1,1079,18,1096,30
296,1,1083,19,1100,31
297,1,1088,18,1105,30
298,1,1093,16,1111,28
299,1,1098,13,1115,25
300,1,1100,6,1117,18
301,1,1102,0,1118,10
430,1,1263,74,1275,89
431,1,1260,77,1272,92
432,1,1258,82,1270,97
433,1,1258,92,1270,107
434,1,1259,102,1271,117
435,1,1259,111,1271,126
436,1,1260,121,1272,136
437,1,1260,132,1271,146
438,1,1261,142,1273,156
439,1,1261,152,1273,167
440,1,1261,158,1273,172
441,1,1261,161,1273,176
442,1,1261,163,1273,178
443,1,1261,163,1273,178
444,1,1260,162,1272,177
445,1,1259,163,1271,178
446,1,1259,164,1270,178
447,1,1258,166,1269,180
448,1,1257,169,1268,183
449,1,1256,173,1267,187
450,1,1255,178,1266,192
451,1,1255,182,1266,196
452,1,1254,186,1265,200
453,1,1253,189,1265,203
454,1,1253,192,1264,206
455,2,1251,193,1263,207,830,20,843,35
456,2,1250,195,1262,209,830,20,843,35
457,2,1247,197,1259,211,830,20,843,35
458,2,1244,199,1255,212,826,14,842,30
459,2,1240,201,1251,214,824,14,840,30
460,3,1236,204,1247,217,820,16,836,32,1267,603,1277,615
461,3,1230,207,1241,220,816,20,832,36,1262,606,1272,618
462,3,1224,212,1235,224,811,25,827,41,1258,610,1268,622
463,2,1218,217,1229,229,1252,614,1262,626
464,2,1211,221,1222,233,1246,618,1257,631
465,2,1203,224,1214,236,1240,620,1251,633
466,2,1196,226,1207,238,1233,621,1243,633
467,3,1189,226,1200,238,1226,621,1236,634,784,42,797,54
468,3,1183,227,1194,239,1219,622,1229,635,781,40,795,56
469,3,1177,230,1188,242,1212,625,1222,637,776,41,788,54
470,2,1171,235,1182,247,1204,628,1215,643
471,2,1164,241,1175,253,1197,634,1210,649
472,2,1155,247,1166,259,1191,637,1202,652
473,2,1147,251,1158,263,1185,642,1195,653
474,3,1139,256,1150,268,1180,645,1190,656,746,68,756,80
475,3,1132,259,1142,270,1176,648,1186,659,737,74,747,86
476,2,1125,261,1135,272,1173,648,1183,659
477,2,1118,261,1128,272,1171,648,1181,659
478,2,1112,262,1122,273,1171,648,1181,659
479,2,1107,263,1117,274,1172,650,1182,661
480,2,1104,265,1114,276,1174,652,1184,663
481,2,1102,270,1112,281,1176,657,1186,668
482,2,1102,278,1112,289,1180,665,1190,676
483,2,1102,286,1112,297,1183,675,1193,686
484,2,1102,299,1114,309,1185,691,1195,702
485,2,1103,316,1117,327,1183,709,1196,723
486,2,1180,727,1192,737,1107,331,1121,343
487,2,1108,344,1124,354,1172,738,1188,751
488,2,1110,355,1126,365,1165,748,1179,764
489,2,1110,366,1126,376,1155,766,1170,778
490,2,1109,377,1125,387,1143,774,1159,790
491,2,1107,387,1123,397,1133,785,1146,803
492,2,1104,396,1120,406,1121,794,1133,811
493,2,1099,404,1115,414,1110,801,1123,819
494,2,1094,410,1110,420,1100,806,1113,820
495,2,1087,414,1103,424,1091,809,1104,823
496,2,1080,416,1097,426,1083,810,1097,826
497,2,1073,418,1089,428,1077,811,1091,826
498,2,1065,420,1081,430,1073,812,1087,827
499,2,1058,420,1074,430,1069,811,1083,826
500,2,1052,419,1068,429,1066,810,1080,825
501,2,1046,420,1062,430,1064,811,1078,826
502,2,1041,421,1057,431,1064,812,1078,827
503,2,1037,422,1053,432,1064,813,1078,828
504,2,1035,425,1051,435,1063,816,1078,832
505,2,1033,430,1049,440,1064,822,1078,837
506,2,1033,437,1049,447,1064,830,1078,845
507,2,1034,444,1050,454,1065,838,1079,853
508,2,1036,450,1052,460,1066,844,1080,859
509,2,1038,455,1055,465,1069,849,1083,864
510,2,1042,458,1058,468,1072,852,1086,867
511,2,1046,462,1062,472,1075,858,1088,872
512,2,1050,466,1066,476,1077,862,1090,876
513,2,1055,470,1071,480,1080,867,1094,881
514,2,1059,474,1075,484,1083,875,1096,887
515,2,1063,478,1079,488,1084,880,1097,892
516,2,1067,482,1083,492,1085,885,1098,897
517,2,1071,486,1087,496,1084,889,1097,901
518,2,1075,490,1091,500,1082,894,1095,906
519,2,1078,495,1094,505,1078,899,1092,912
520,2,1081,499,1097,509,1073,903,1087,916
521,2,1083,502,1099,512,1068,906,1081,918
522,2,1084,504,1100,514,1063,907,1077,920
523,2,1085,504,1101,514,1059,906,1073,919
524,2,1086,502,1102,512,1057,904,1071,917
525,2,1086,500,1102,510,1055,902,1069,915
526,2,1086,500,1102,510,1053,902,1067,915
527,2,1085,500,1101,510,1049,903,1063,916
528,2,1084,503,1101,513,1046,905,1061,919
529,2,1082,506,1098,516,1043,908,1057,921
530,2,1080,508,1097,518,1039,910,1053,923
531,2,1081,510,1095,520,1036,911,1050,924
532,2,1079,512,1093,522,1036,912,1049,924
533,2,1076,510,1090,520,1035,910,1048,922
534,2,1074,509,1088,519,1034,908,1047,920
535,2,1072,507,1086,517,1033,906,1046,918
536,2,1069,506,1083,516,1031,905,1044,917
537,2,1067,506,1081,516,1029,904,1042,916
538,2,1064,504,1078,514,1028,902,1040,913
539,2,1061,500,1075,510,1027,898,1040,910
540,2,1059,497,1073,507,1028,894,1041,906
541,2,1058,493,1072,503,1029,891,1042,903
542,2,1056,490,1070,500,1030,888,1043,900
543,2,1054,488,1068,498,1034,886,1047,898
544,2,1053,485,1067,495,1037,885,1050,897
545,2,1052,484,1066,494,1040,886,1053,898
546,2,1051,486,1065,496,1042,888,1055,900
547,3,1051,489,1065,499,1044,892,1057,904,697,163,710,175
548,2,1051,491,1065,501,1045,894,1058,906
549,2,1051,494,1065,504,1046,898,1059,910
550,3,1051,498,1065,508,1043,903,1056,915,694,174,708,187
551,3,1050,502,1064,512,1039,908,1052,920,695,176,710,186
552,3,1049,506,1063,516,1032,914,1045,926,699,176,712,186
553,3,1048,512,1063,522,1027,919,1040,931,704,176,716,187
554,3,1047,516,1062,526,1022,924,1035,936,706,177,720,188
555,3,1047,522,1062,532,1018,930,1031,942,709,178,724,191
556,2,1047,527,1062,537,1014,936,1027,948
557,3,1048,532,1063,542,1011,942,1024,954,715,183,729,194
558,2,1048,536,1063,546,1009,946,1022,958
559,3,1049,538,1064,548,1008,948,1021,960,722,186,736,197
560,3,1050,539,1066,549,1008,950,1022,963,725,186,739,197
561,2,1052,540,1068,550,727,186,742,198
562,2,1054,542,1070,552,731,185,746,198
563,1,1056,544,1072,554
564,2,1058,546,1074,556,739,187,753,198
565,2,1060,549,1076,559,742,190,758,200
566,1,1061,551,1077,562
567,2,1063,553,1079,564,748,192,762,202
568,2,1065,553,1081,564,749,192,764,202
569,1,1067,552,1083,563
570,1,1068,550,1084,561
571,1,1070,548,1086,559
572,1,1071,546,1087,557
573,1,1073,544,1089,555
574,1,1074,543,1090,554
575,1,1075,541,1091,552
576,1,1076,540,1092,551
577,1,1077,538,1093,549
578,1,1079,538,1095,549
579,1,1080,539,1096,550
580,1,1081,540,1097,551
581,1,1082,541,1098,552
582,1,1084,542,1100,553
583,1,1085,542,1101,553
584,2,1086,543,1102,554,788,167,810,179
585,2,1088,544,1104,555,785,170,807,182
586,2,1089,545,1105,556,794,170,811,181
587,1,1091,546,1107,557
588,1,1093,546,1109,557
589,1,1095,544,1112,555
590,1,1098,540,1114,551
591,1,1101,536,1117,547
592,1,1104,529,1120,540
593,1,1106,520,1122,531
594,1,1109,510,1126,521
595,1,1112,500,1129,512
596,2,1115,490,1131,501,1053,943,1067,958
597,2,1117,482,1134,494,1061,938,1075,953
598,2,1120,476,1137,487,1067,935,1081,950
599,2,1122,474,1138,485,1071,937,1085,952
600,2,1124,474,1141,485,1073,938,1088,954
601,2,1126,475,1143,486,1075,941,1089,956
602,2,1127,476,1144,488,1075,945,1089,960
603,2,1128,479,1145,490,1072,949,1087,965
604,2,1128,482,1145,494,1068,952,1080,965
605,1,1128,486,1145,498
606,1,1128,488,1145,500
607,1,1127,490,1144,502
608,1,1125,492,1142,504
609,1,1123,493,1140,505
610,1,1121,495,1138,507
611,1,1119,498,1136,510
612,1,1116,503,1133,515
613,2,1114,508,1131,520,829,133,845,145
614,2,1111,510,1128,522,828,134,845,145
615,2,1109,510,1126,521,825,133,844,146
616,2,1106,508,1123,519,822,133,840,144
617,2,1104,506,1121,517,818,131,836,143
618,2,1101,505,1118,516,817,128,835,139
619,2,1100,510,1117,521,819,127,838,139
620,2,1099,516,1116,527,825,128,843,139
621,2,1098,519,1115,530,829,127,847,138
622,2,1097,519,1114,530,833,123,850,134
623,2,1096,515,1113,526,833,120,849,131
624,2,1095,510,1111,521,832,115,847,125
625,2,1095,506,1111,516,826,112,843,122
626,2,1095,502,1111,512,821,109,838,119
627,2,1094,497,1111,508,818,107,835,117
628,2,1095,493,1111,503,812,107,829,117
629,2,1095,488,1111,498,803,106,821,117
630,2,1095,483,1112,494,797,106,814,118
631,2,1095,481,1111,492,793,107,810,120
632,3,1096,479,1112,489,789,107,806,119,1028,949,1041,960
633,3,1096,476,1111,488,785,106,803,119,1031,950,1044,961
634,3,1097,477,1112,489,784,107,803,120,1032,951,1045,962
635,3,1098,477,1113,489,787,107,803,118,1033,950,1046,961
636,3,1098,476,1113,488,787,105,805,117,1032,949,1045,960
637,3,1099,476,1114,488,787,103,805,115,1032,949,1045,960
638,3,1099,474,1114,486,788,101,806,113,1032,948,1045,959
639,3,1100,472,1116,484,788,99,807,112,1030,946,1043,957
640,3,1100,471,1115,483,790,95,807,107,1029,944,1042,955
641,3,1100,470,1115,482,792,91,810,103,1027,944,1040,955
642,3,1101,472,1116,484,794,90,812,102,1024,948,1037,959
643,3,1101,476,1116,488,797,92,814,104,1021,952,1034,963
644,2,1102,482,1117,494,800,95,817,107
645,2,1101,486,1116,498,802,96,820,108
646,2,1102,490,1117,502,804,98,822,111
647,2,1101,491,1116,503,806,98,824,110
648,2,1101,492,1116,504,806,98,825,111
649,2,1100,493,1115,505,806,98,825,111
650,2,1101,494,1116,506,807,99,826,112
651,2,1102,495,1117,507,807,99,827,112
652,2,1103,496,1118,508,809,100,829,113
653,2,1104,497,1119,509,813,100,830,111
654,2,1106,500,1121,512,813,102,831,113
655,2,1108,500,1123,512,817,103,834,114
656,2,1111,502,1126,514,817,104,836,114
657,2,1113,502,1128,514,819,104,838,114
658,2,1115,504,1131,517,825,104,842,114
659,2,1118,507,1134,519,829,104,847,115
660,2,1121,510,1136,522,836,104,853,116
661,2,1124,511,1140,523,839,104,857,114
662,2,1127,512,1143,524,843,102,862,115
663,2,1129,513,1145,525,846,102,865,114
664,2,1132,514,1148,526,848,103,868,116
665,2,1135,515,1151,527,851,107,869,117
666,2,1138,516,1154,528,851,107,868,119
667,2,1139,516,1155,528,855,108,870,122
668,2,1141,516,1157,528,856,109,871,123
669,2,1142,514,1158,526,857,109,872,123
670,2,1143,510,1159,522,856,108,870,121
671,2,1144,506,1160,518,855,106,870,116
672,2,1145,503,1160,515,854,104,869,114
673,2,1146,501,1161,513,853,103,868,113
674,2,1146,500,1162,512,852,103,867,113
675,2,1146,501,1161,513,852,103,867,113
676,2,1146,501,1162,513,852,106,867,116
677,2,1146,499,1162,511,851,105,866,115
678,2,1146,493,1162,505,848,103,863,113
679,2,1146,485,1162,497,845,99,860,109
680,2,1146,477,1162,489,839,95,854,105
681,2,1146,471,1162,483,835,91,850,101
682,2,1145,467,1161,479,834,87,849,97
683,2,1145,467,1161,479,832,88,848,99
684,2,1144,469,1160,481,830,92,846,103
685,2,1143,472,1159,484,829,95,845,106
686,2,1142,476,1158,488,828,99,844,110
687,2,1141,480,1157,492,829,103,845,114
688,2,1139,483,1155,495,830,105,847,116
689,2,1138,485,1153,496,831,106,847,116
690,2,1137,487,1152,499,832,106,848,116
691,2,1136,488,1151,499,834,106,850,116
692,2,1136,489,1151,500,836,107,851,117
693,2,1136,491,1151,502,835,108,850,118
694,2,1136,491,1151,502,835,110,850,120
695,2,1137,492,1152,503,835,112,850,122
696,2,1139,491,1154,502,836,113,851,123
697,2,1140,491,1155,502,835,114,850,124
698,2,1142,490,1157,501,835,115,850,125
699,2,1144,491,1159,502,835,116,850,126
700,2,1146,493,1161,504,837,118,852,128
701,2,1149,497,1164,508,841,121,856,131
702,2,1151,503,1166,514,848,123,863,133
703,2,1154,508,1169,519,854,125,869,135
704,2,1157,514,1171,525,861,126,877,136
705,2,1160,519,1175,530,869,128,884,138
706,2,1163,524,1178,535,875,128,891,139
707,2,1166,528,1180,539,882,130,898,141
708,2,1170,530,1185,541,887,132,903,143
709,2,1174,533,1189,544,893,132,910,143
710,2,1179,535,1194,546,898,132,915,143
711,2,1183,539,1198,550,905,132,923,144
712,2,1188,543,1203,554,914,134,932,146
713,2,1193,545,1207,556,923,132,941,144
714,2,1198,543,1212,554,930,130,948,142
715,1,1203,541,1217,552
716,1,1207,539,1221,550
717,1,1211,541,1228,552
718,1,1214,541,1231,552
719,1,1218,540,1235,551
720,1,1221,539,1238,550
721,1,1224,538,1241,549
722,1,1227,537,1243,548
723,1,1229,536,1246,547
724,1,1232,536,1248,547
725,1,1234,537,1250,548
726,1,1237,540,1253,551
727,1,1239,544,1255,555
728,1,1241,547,1258,558
729,1,1244,551,1260,561
730,1,1247,555,1262,565
731,1,1250,559,1265,569
732,1,1254,564,1269,574
733,1,1258,568,1273,578
734,1,1261,572,1276,582
735,1,1264,574,1280,584
736,1,1267,571,1282,581
801,1,1111,90,1128,100
802,1,1116,88,1134,98
803,1,1122,83,1137,93
804,1,1126,80,1141,90
805,1,1131,78,1146,88
806,1,1136,79,1151,89
807,1,1141,80,1156,90
808,1,1145,81,1160,91
809,1,1150,82,1165,92
810,1,1154,84,1169,94
811,1,1158,85,1174,95
812,1,1160,84,1175,94
813,1,1162,81,1177,91
814,1,1164,77,1179,87
815,1,1166,72,1181,82
816,1,1168,66,1183,76
817,1,1169,61,1184,71
818,1,1172,56,1187,66
819,1,1175,52,1190,62
820,1,1175,46,1191,56
821,1,1176,42,1191,52
822,1,1176,38,1192,49
823,1,1175,35,1191,45
824,1,1174,33,1190,43
825,1,1174,33,1190,43
826,1,1175,33,1191,43
827,1,1176,31,1193,41
828,1,1179,26,1195,36
829,1,1182,21,1198,31
830,1,1183,17,1199,27
831,1,1185,14,1201,24
832,1,1187,12,1203,22
833,1,1189,11,1205,21
834,1,1190,12,1206,22
835,1,1192,13,1208,23
836,1,1193,14,1209,24
837,1,1194,13,1210,23
838,1,1192,10,1208,20
839,1,1189,6,1205,16
840,1,1186,1,1202,11
844,1,1192,945,1208,960
845,1,1190,947,1206,962
846,1,1189,950,1205,965
847,1,1191,951,1207,966
848,1,1195,951,1211,966
849,1,1198,950,1214,965
850,1,1200,950,1216,965
851,1,1202,949,1218,964
852,1,1204,947,1220,962
853,1,1206,946,1222,961
854,1,1208,945,1224,960
855,1,1211,944,1227,959
856,1,1216,941,1232,956
857,1,1222,938,1238,953
858,1,1228,934,1244,949
859,1,1234,930,1250,945
860,1,1239,926,1255,941
861,1,1244,922,1260,937
862,1,1250,918,1266,933
863,1,1256,914,1272,929
864,1,1263,909,1279,924
