0,1,1517,899,1529,909
1,1,1506,903,1518,913
2,1,1494,907,1506,917
3,1,1483,911,1495,921
4,1,1472,915,1484,925
5,1,1462,920,1474,930
6,1,1454,924,1464,934
7,1,1445,928,1455,938
8,1,1436,932,1446,942
9,1,1427,936,1437,946
10,1,1418,939,1428,949
11,1,1410,943,1420,953
12,1,1401,946,1411,956
13,1,1393,951,1403,961
14,1,1385,956,1395,966
15,1,1377,962,1387,972
16,1,1369,969,1379,979
17,1,1362,974,1372,984
18,1,1354,979,1364,989
19,1,1346,983,1356,993
20,1,1339,985,1349,995
21,1,1333,989,1343,999
22,1,1326,995,1336,1005
23,1,1320,1000,1330,1010
24,1,1313,1006,1323,1016
25,1,1307,1011,1317,1021
26,1,1300,1015,1310,1025
27,1,1293,1019,1303,1029
28,1,1285,1023,1295,1033
29,1,1277,1026,1287,1036
30,1,1268,1030,1278,1040
31,1,1259,1034,1269,1044
32,1,1251,1038,1261,1048
33,1,1243,1041,1253,1051
34,1,1235,1045,1245,1055
35,1,1227,1048,1238,1059
36,1,1217,1051,1227,1061
37,1,1208,1056,1218,1066
38,1,1199,1060,1209,1070
39,1,1190,1064,1200,1074
40,1,1181,1069,1194,1079
41,1,1171,1074,1185,1084
75,1,989,194,999,211
76,1,989,193,999,210
77,1,988,190,1000,210
78,1,988,191,998,208
79,1,988,189,998,206
80,1,987,186,997,203
81,1,987,182,997,199
82,1,985,178,995,195
83,1,984,173,994,190
84,1,981,169,991,186
85,1,977,164,987,181
86,1,973,161,983,179
87,1,968,159,978,177
88,1,965,158,975,171
89,1,960,156,970,169
90,1,953,154,963,167
91,1,947,152,957,165
92,1,939,150,949,163
93,1,932,148,942,161
94,1,925,146,935,159
95,1,919,144,929,157
96,1,913,141,923,155
97,1,906,137,916,151
98,1,900,133,911,147
99,1,893,127,904,141
100,1,887,123,897,138
101,1,880,118,890,133
102,1,873,114,883,129
103,1,865,110,875,126
104,1,858,107,869,123
105,1,850,103,861,119
106,1,842,99,853,116
107,1,834,95,845,111
108,1,825,91,836,108
109,1,816,85,827,102
110,1,808,79,819,96
111,1,799,73,811,90
112,1,791,67,803,84
113,1,781,62,793,79
114,1,771,53,783,72
115,1,762,47,774,66
116,1,752,41,764,61
117,1,742,35,754,55
118,1,730,29,743,49
119,1,717,25,730,45
120,1,703,20,716,41
121,1,688,15,702,37
122,1,672,10,686,31
123,1,654,7,670,27
124,1,635,2,655,18
125,1,621,-4,638,16
492,1,572,3,584,14
493,1,584,10,596,21
494,1,592,15,604,26
495,1,600,18,615,29
496,1,612,23,624,35
497,1,623,29,635,40
498,1,636,34,649,46
499,1,647,39,659,51
500,1,658,44,670,57
501,1,667,49,679,62
502,1,677,54,689,67
503,1,686,57,696,69
504,1,695,61,707,72
505,1,703,64,715,77
506,1,713,70,723,80
507,1,721,71,732,85
508,1,728,78,739,89
509,1,735,83,746,94
510,1,742,88,752,100
511,1,749,94,759,106
512,1,758,99,769,110
513,1,766,106,777,117
514,1,775,110,785,124
515,1,783,115,794,126
516,1,792,120,803,132
517,1,802,124,813,134
518,1,812,129,823,139
519,1,822,133,833,143
520,1,834,137,844,147
521,1,845,141,855,151
522,1,854,145,864,155
523,1,864,150,874,160
524,1,873,153,884,164
525,1,880,156,890,166
526,1,888,159,898,169
527,1,896,163,906,173
528,1,904,166,914,176
529,1,911,169,921,179
530,1,917,173,928,184
531,1,923,175,934,186
532,1,929,178,940,189
533,1,935,181,946,192
534,1,941,184,952,195
535,1,946,187,957,198
536,1,951,189,962,200
537,1,956,191,967,202
538,1,960,193,971,204
539,1,963,194,974,205
540,1,967,195,978,206
541,1,971,196,983,208
542,1,975,196,987,208
543,1,980,195,992,207
544,1,985,193,997,203
545,1,992,191,1004,201
546,1,999,189,1011,199
547,1,1007,187,1019,197
548,1,1015,185,1027,195
549,1,1024,183,1037,193
550,1,1034,181,1047,192
551,1,1043,179,1055,189
552,1,1053,177,1065,187
553,1,1064,176,1076,186
554,1,1074,175,1088,185
555,1,1088,170,1100,180
556,1,1099,168,1114,178
557,1,1110,164,1126,175
558,1,1124,162,1138,172
559,1,1135,159,1150,171
560,1,1145,157,1161,170
561,1,1155,154,1169,167
562,1,1165,153,1179,166
563,1,1174,156,1189,166
564,1,1184,157,1198,168
565,1,1192,158,1207,169
566,1,1200,160,1215,171
567,1,1209,160,1224,172
568,1,1217,159,1232,171
569,1,1226,157,1241,169
570,1,1234,153,1249,165
571,1,1243,149,1258,161
572,1,1249,143,1267,155
573,1,1256,137,1274,149
574,1,1263,129,1282,142
575,1,1271,121,1289,133
576,1,1279,110,1300,124
577,1,1289,102,1311,115
578,2,868,83,878,97,1299,92,1324,108
579,2,873,83,883,98,1313,85,1338,97
580,2,880,85,890,100,1330,77,1352,89
581,2,889,85,899,100,1347,68,1370,81
582,2,898,86,908,101,1365,60,1388,73
583,2,909,88,919,103,1385,53,1409,66
584,2,921,91,931,104,1407,47,1432,61
585,2,933,94,943,108,1430,42,1455,56
586,2,946,98,957,111,1454,37,1482,49
587,2,959,100,969,113,1480,32,1510,43
588,2,973,105,983,116,1506,25,1537,38
589,2,985,107,995,119,1535,18,1564,31
590,2,998,111,1008,122,1563,15,1594,26
591,2,1010,111,1020,123,1591,8,1626,23
592,2,1024,114,1034,128,1625,4,1657,18
593,2,1037,118,1047,129,1649,0,1690,11
594,1,1049,123,1059,136
595,1,1059,129,1069,141
596,1,1069,135,1079,149
597,1,1078,140,1088,154
598,1,1086,145,1096,159
599,1,1095,150,1105,165
600,1,1106,156,1116,170
601,1,1117,161,1127,175
602,1,1128,167,1138,181
603,1,1139,172,1149,184
604,1,1150,176,1160,188
605,1,1162,182,1172,194
606,1,1174,187,1184,199
607,1,1186,192,1196,204
608,1,1198,197,1208,209
609,1,1208,202,1219,215
610,1,1220,208,1232,222
611,1,1232,214,1244,228
612,1,1245,219,1256,231
613,1,1259,226,1270,238
614,1,1275,235,1285,246
615,1,1291,243,1301,254
616,1,1307,250,1317,261
617,1,1322,257,1332,268
618,1,1337,263,1347,273
619,1,1352,269,1362,279
620,1,1367,275,1377,285
621,1,1382,282,1392,293
622,1,1396,287,1406,298
623,1,1411,293,1422,303
624,1,1426,299,1437,309
625,1,1442,302,1452,314
626,1,1457,307,1467,319
627,1,1473,313,1483,325
628,1,1488,319,1499,331
629,1,1503,325,1514,337
630,1,1518,331,1528,344
631,1,1532,337,1542,350
632,1,1547,342,1557,355
633,1,1561,346,1571,359
634,1,1575,350,1585,363
635,1,1589,352,1599,365
636,1,1603,354,1613,365
637,1,1617,354,1627,365
638,1,1633,355,1644,366
639,1,1649,355,1660,366
640,1,1668,355,1679,366
641,1,1687,356,1699,368
642,1,1709,358,1719,369
643,1,1730,358,1740,369
644,1,1751,356,1761,368
645,1,1775,354,1785,367
646,1,1794,354,1806,365
647,1,1816,352,1830,364
648,1,1844,353,1856,364
649,1,1869,355,1884,365
650,1,1901,355,1912,370
679,1,730,54,745,64
680,1,681,82,693,93
681,1,633,114,646,127
682,1,591,147,605,158
683,1,559,180,574,191
684,1,532,208,545,222
685,1,510,233,522,245
686,1,488,254,502,265
687,1,468,270,482,280
688,1,446,280,460,290
689,1,424,285,438,296
690,1,400,286,415,298
691,1,374,286,391,296
692,1,349,282,362,293
693,1,320,275,334,287
694,1,289,270,304,280
695,1,258,263,270,274
696,1,223,259,238,269
697,1,184,257,201,267
698,1,144,257,161,269
699,1,101,260,120,275
700,1,55,268,78,281
701,1,7,277,30,292
863,1,732,180,747,192
864,1,727,187,742,199
865,1,725,192,739,203
866,1,722,197,736,208
867,1,722,202,733,212
868,1,716,206,730,217
869,1,713,211,726,221
870,1,710,213,722,226
871,1,709,214,720,228
872,1,702,217,714,229
873,1,695,219,707,232
874,1,688,220,699,232
875,1,680,221,691,234
876,1,670,222,681,233
877,1,660,223,673,234
878,1,650,225,662,236
879,1,640,227,651,238
880,1,628,230,640,241
881,1,619,232,630,242
882,1,608,236,620,246
883,1,599,240,611,250
884,1,591,242,603,253
885,1,581,245,596,256
886,1,576,245,592,257
887,1,573,246,585,256
888,1,570,245,582,256
889,1,566,245,578,255
890,1,566,245,577,255
891,1,563,244,574,255
892,1,560,244,571,255
893,1,557,244,568,255
894,1,556,244,567,255
895,1,551,242,562,255
896,1,550,241,560,252
897,1,550,241,560,252
898,1,550,241,560,252
899,1,546,238,558,248
900,1,546,238,558,248
901,1,541,234,557,245
902,1,541,232,554,243
903,1,542,230,553,240
904,1,540,225,553,235
905,1,538,218,551,229
906,1,537,211,552,222
907,1,534,205,547,216
908,1,534,202,545,212
909,1,534,198,545,208
910,1,534,194,544,205
911,1,533,191,544,201
912,1,535,190,546,200
913,1,532,189,545,200
914,1,532,188,545,199
915,1,534,187,544,198
916,1,534,186,544,196
917,1,533,185,546,195
918,1,535,184,547,195
919,1,536,180,547,191
921,1,542,174,555,184
922,1,545,172,558,182
923,1,549,170,562,180
924,1,553,169,566,179
925,1,557,166,570,176
926,1,560,164,573,174
927,1,565,162,577,172
928,1,566,160,577,170
929,1,567,158,579,168
930,1,569,155,579,165
931,1,568,152,580,162
932,1,570,149,581,159
933,1,573,146,583,156
934,1,575,142,585,152
935,1,577,139,589,149
936,1,581,137,593,147
937,1,585,134,597,144
938,1,589,130,601,140
939,1,591,126,604,137
940,1,598,125,608,135
941,1,604,124,615,134
942,1,607,123,617,133
943,1,610,122,622,133
944,1,614,121,624,131
945,1,617,120,627,130
946,1,620,117,632,127
947,1,622,115,632,125
948,1,623,111,636,121
949,1,623,109,636,119
950,1,624,107,634,117
951,1,624,105,634,115
952,1,623,103,634,113
953,1,624,102,635,112
954,1,626,101,636,111
955,1,626,100,636,110
956,1,628,100,638,110
957,1,628,100,638,110
958,1,628,101,639,111
959,1,630,103,640,113
960,1,629,103,642,114
961,1,633,105,643,115
962,1,633,106,643,116
963,1,634,106,644,116
964,1,633,106,645,116
965,1,633,106,645,116
966,1,634,106,646,116
967,1,635,107,647,117
968,1,636,106,648,116
969,1,642,108,654,118
970,1,643,104,655,115
971,1,645,102,657,113
972,1,647,101,659,112
973,1,649,99,661,110
974,1,653,99,663,109
975,1,655,98,665,108
976,1,657,97,667,107
977,1,659,97,669,107
978,1,661,95,671,105
979,1,663,95,673,105
980,1,666,94,676,104
981,1,669,92,679,102
982,1,671,92,681,102
983,1,672,91,682,101
984,1,673,89,684,100
985,1,673,88,684,99
986,1,673,86,684,97
987,1,673,85,684,96
988,1,674,84,685,95
989,1,675,82,686,93
990,1,677,81,688,92
991,1,679,80,690,91
992,1,679,78,691,90
993,1,681,77,694,90
994,1,683,76,696,89
995,1,686,77,699,90
996,1,688,78,701,91
997,1,689,78,702,91
998,1,689,80,702,93
999,1,690,81,703,94
1000,1,693,82,703,93
1001,1,692,82,702,93
1002,1,692,82,705,93
1003,1,692,81,705,92
1004,1,692,80,705,91
1005,1,692,79,705,90
1006,1,695,79,705,89
1007,1,695,79,705,89
1008,1,696,79,706,89
1009,1,694,80,704,90
1010,1,702,79,712,90
1011,1,705,79,717,89
1012,1,708,78,719,89
1013,1,714,75,724,85
1014,1,716,73,728,83
1015,1,719,72,729,82
1016,1,721,72,734,82
1017,1,720,71,735,81
1018,1,724,70,738,80
1019,1,727,68,738,78
1020,1,730,65,742,77
1021,1,732,63,743,74
1022,1,734,61,745,72
1023,1,735,60,746,71
1024,1,737,60,748,71
1025,1,737,61,748,72
1026,1,737,62,748,73
1027,1,738,63,749,74
1028,1,738,63,749,74
1029,1,738,63,749,74
1030,1,738,63,749,74
1031,1,738,62,749,73
1032,1,737,63,748,74
1033,1,735,64,746,75
1034,1,733,66,744,77
1035,1,731,68,742,79
1036,1,729,69,740,80
1037,1,728,72,739,83
1038,1,726,75,737,86
1039,1,725,79,735,89
1040,1,723,82,733,92
1041,1,717,87,727,97
1042,1,718,91,728,101
