6,1,1150,429,1170,446
7,1,1151,438,1170,453
8,1,1152,442,1171,457
9,2,1153,440,1172,455,778,29,788,39
10,2,1153,435,1172,450,769,30,779,43
11,1,1155,432,1173,447
12,1,1157,432,1175,447
13,1,1160,436,1177,449
14,1,1162,443,1179,456
15,1,1164,450,1181,463
16,1,1165,457,1181,470
17,1,1166,469,1183,482
18,1,1167,486,1184,499
19,1,1166,505,1183,518
20,1,1161,521,1181,536
21,1,1158,534,1178,549
22,1,1153,543,1173,558
23,1,1148,547,1168,562
24,1,1142,545,1162,560
25,1,1135,538,1155,553
26,1,1128,529,1148,544
27,1,1121,523,1140,538
28,1,1112,519,1133,535
29,1,1105,522,1124,537
30,1,1097,529,1117,544
31,1,1091,541,1109,554
32,1,1085,557,1102,567
33,1,1079,567,1096,577
34,1,1073,575,1090,585
35,1,1069,583,1086,593
36,1,1065,592,1082,602
37,1,1062,602,1080,612
38,1,1060,613,1077,623
39,1,1059,625,1077,635
40,1,1060,636,1078,646
41,1,1061,645,1079,655
42,1,1063,649,1081,660
43,1,1066,652,1084,663
44,1,1070,653,1088,664
45,1,1075,654,1093,665
46,1,1080,654,1098,665
47,1,1085,654,1103,665
48,1,1089,656,1107,667
49,1,1093,659,1111,670
50,1,1096,662,1115,673
51,1,1099,666,1118,677
52,1,1101,671,1120,682
53,1,1102,675,1121,686
54,1,1103,678,1122,689
55,1,1103,681,1122,692
56,1,1102,684,1121,695
57,1,1101,687,1120,698
58,1,1099,688,1118,699
59,1,1097,687,1116,698
60,1,1094,686,1113,697
61,1,1091,683,1110,694
62,1,1088,681,1107,692
63,1,1084,679,1103,690
64,1,1080,679,1099,690
65,1,1077,678,1095,689
66,1,1075,676,1093,687
67,1,1074,673,1093,684
68,1,1074,667,1092,678
69,1,1074,659,1093,670
70,2,1074,648,1093,659,696,162,707,176
71,2,1073,637,1092,648,686,157,699,173
72,2,1072,626,1091,637,675,155,687,168
73,2,1070,615,1089,626,665,150,676,163
74,1,1068,605,1087,616
75,2,1065,598,1084,609,639,150,650,163
76,2,1062,595,1082,606,626,151,639,164
77,2,1058,599,1078,610,617,160,628,172
78,2,1053,607,1073,618,608,170,621,184
79,2,1047,617,1067,628,600,182,614,194
80,2,1041,627,1061,638,595,192,607,206
81,2,1035,634,1055,646,588,200,601,215
82,2,1028,642,1047,653,580,208,594,223
83,2,1022,649,1042,661,574,216,585,230
84,3,1016,656,1036,667,383,451,393,462,566,223,577,237
85,3,1011,662,1031,673,368,465,378,476,558,230,571,244
86,3,1006,669,1026,680,353,481,363,492,550,239,562,252
87,3,1002,678,1022,689,338,497,348,508,544,249,557,262
88,2,999,687,1019,698,538,260,550,275
89,2,998,696,1018,707,531,273,545,287
90,2,998,704,1018,715,526,284,539,299
91,2,999,712,1019,723,522,298,534,311
92,2,1001,718,1021,729,519,308,530,323
93,2,1005,724,1025,735,514,321,527,335
94,2,1009,726,1029,737,512,331,523,345
95,2,1012,730,1032,741,511,337,521,350
96,2,1014,737,1034,748,510,343,522,359
97,2,1015,749,1034,760,512,349,523,364
98,2,1011,762,1031,773,513,355,525,371
99,2,1005,776,1025,787,514,359,526,374
100,2,997,791,1018,802,516,362,528,377
101,2,986,806,1006,817,517,362,529,376
102,2,973,819,994,830,518,360,529,373
103,2,958,831,979,843,518,358,530,372
104,2,942,847,963,858,519,355,531,369
105,2,926,862,947,873,519,354,531,368
106,2,516,354,531,368,908,876,934,888
107,2,515,355,531,371,895,888,921,900
108,2,512,358,528,374,883,897,910,909
109,2,509,358,525,374,872,903,899,915
110,2,506,357,521,372,862,906,889,918
111,2,503,355,518,370,854,907,881,919
112,2,848,906,875,918,498,352,515,364
113,2,843,903,870,915,495,347,512,359
114,2,837,904,863,916,493,344,510,356
115,2,830,907,857,919,491,342,509,354
116,2,825,911,851,923,490,342,508,354
117,2,821,916,847,928,492,342,509,354
118,2,818,920,845,932,490,344,509,357
119,2,816,922,843,934,490,344,509,357
120,2,814,924,841,936,494,344,510,356
121,2,813,924,840,936,494,344,511,356
122,2,813,922,840,934,497,341,513,353
123,2,812,919,839,931,499,337,515,349
124,2,813,916,840,928,500,333,516,344
125,2,814,912,841,924,505,328,521,339
126,2,816,909,843,921,504,323,523,336
127,2,818,907,845,919,508,320,527,332
128,2,821,907,848,919,512,320,529,332
129,2,822,907,850,919,516,317,532,330
130,2,825,903,852,915,518,315,535,328
131,2,826,898,854,910,520,311,537,323
132,2,826,891,854,903,522,304,539,316
133,2,823,887,851,899,525,297,543,310
134,2,817,885,844,897,530,288,547,301
135,2,809,885,837,897,535,281,552,295
136,2,800,887,828,899,542,275,561,287
137,2,790,889,817,901,547,270,568,283
138,2,780,892,808,904,556,264,576,277
139,2,771,896,799,908,563,261,582,273
140,2,765,899,793,911,566,261,589,275
141,2,762,901,787,913,571,262,592,272
142,2,759,902,784,914,576,258,596,271
143,2,758,899,783,911,578,256,598,269
144,2,758,895,783,907,579,252,600,265
145,2,758,891,783,903,580,246,601,259
146,2,757,885,782,897,580,241,601,251
147,2,756,879,781,891,581,234,603,244
148,2,754,874,779,886,583,226,605,236
149,2,754,872,779,884,589,219,612,230
150,2,755,871,780,883,591,217,615,229
151,2,758,871,783,883,593,216,616,227
152,2,762,868,787,880,593,215,616,226
153,2,766,867,791,879,595,212,619,224
154,2,770,867,795,879,596,212,620,224
155,2,775,866,800,878,596,211,622,223
156,2,780,866,805,878,599,210,623,222
157,2,784,869,809,881,606,211,625,221
158,2,789,870,814,882,609,213,629,223
159,2,792,873,817,885,610,214,630,224
160,2,794,877,820,889,615,216,634,226
161,2,797,881,823,893,618,219,637,229
162,2,799,884,825,896,621,223,640,233
163,2,801,885,827,897,622,224,642,234
164,2,802,884,828,896,626,223,643,233
165,2,803,882,829,894,627,220,645,230
166,2,804,880,830,892,627,217,646,227
167,2,805,878,831,890,629,214,646,224
168,2,806,876,832,888,630,210,647,222
169,2,807,873,833,885,628,206,647,219
170,2,808,870,834,882,628,204,645,216
171,2,810,870,836,882,626,202,644,214
172,2,812,871,838,883,624,202,643,213
173,2,814,873,840,885,624,203,642,215
174,2,818,875,844,887,621,209,641,219
175,2,821,878,847,890,618,212,637,222
176,2,826,881,852,893,616,217,634,227
177,2,831,882,857,895,614,217,633,228
178,2,837,882,863,895,613,218,631,231
179,2,842,881,868,894,609,221,629,233
180,2,847,880,873,893,611,221,629,233
181,2,852,880,879,893,609,221,629,232
182,2,858,880,885,893,610,221,630,234
183,2,863,881,889,894,612,223,632,233
184,2,868,882,894,894,613,224,633,236
185,2,873,884,899,896,617,226,636,236
186,2,878,885,905,898,620,226,639,237
187,2,882,886,909,899,622,227,643,239
188,2,887,887,915,900,626,228,647,240
189,2,891,889,918,902,634,229,650,240
190,2,893,890,920,903,638,226,655,239
191,2,896,891,922,904,643,225,662,237
192,2,896,895,924,908,650,225,668,237
193,2,896,899,923,912,652,226,672,238
194,2,896,900,922,913,658,225,678,238
195,2,894,902,920,915,662,225,682,238
196,2,891,905,917,918,667,221,688,235
197,2,887,906,913,919,671,220,693,234
198,2,883,909,909,922,676,220,696,231
199,2,879,911,905,924,681,219,699,229
200,2,874,913,900,926,684,218,703,229
201,2,869,916,895,929,686,217,705,228
202,2,864,917,890,930,687,217,706,227
203,2,859,916,885,929,688,215,709,227
204,2,854,916,880,929,689,213,710,224
205,2,849,916,875,929,689,210,711,222
206,2,844,914,870,927,692,209,712,220
207,2,842,913,866,923,691,206,712,218
208,2,840,912,864,922,690,203,711,214
209,2,838,910,862,920,689,200,711,212
210,2,838,909,862,919,687,199,709,210
211,2,838,908,862,918,685,198,707,210
212,2,839,908,863,918,685,198,705,210
213,2,841,905,865,915,684,196,703,208
214,2,842,905,866,915,681,196,701,208
215,2,844,904,868,914,680,195,700,207
216,2,846,905,870,915,679,194,699,206
217,2,851,905,873,915,678,194,699,206
218,2,854,905,876,915,677,195,697,207
219,2,858,903,880,913,675,195,696,207
220,2,862,901,884,911,673,195,694,207
221,2,865,899,887,909,673,194,693,206
222,2,866,898,888,908,673,192,694,205
223,2,867,897,889,907,674,190,695,203
224,2,868,896,890,906,676,188,698,201
225,2,869,895,891,905,679,187,700,199
226,2,870,896,892,906,681,186,702,199
227,2,870,896,892,906,683,186,704,198
228,2,871,897,893,907,685,186,706,199
229,2,872,898,894,908,687,186,708,199
230,2,874,899,896,909,689,187,709,199
231,2,876,900,898,910,690,188,712,201
232,2,879,898,901,908,690,188,712,201
233,2,881,898,903,908,691,188,712,201
234,2,884,898,906,908,692,187,713,200
235,2,886,898,908,908,694,188,716,201
236,2,888,897,910,907,695,188,717,201
237,2,890,897,912,907,697,187,719,200
238,2,891,897,913,907,698,187,719,200
239,2,892,896,914,906,700,186,723,200
240,2,893,897,915,907,703,186,725,199
241,2,892,898,914,908,705,186,728,200
242,2,892,899,914,909,709,187,730,199
243,2,890,900,912,910,712,188,733,200
244,2,887,901,909,911,716,187,736,199
245,2,887,903,909,913,720,187,740,199
246,2,888,904,910,914,721,188,741,200
247,2,891,901,913,911,722,189,742,201
248,2,894,897,916,907,722,187,742,199
249,2,895,893,917,903,721,183,741,195
250,2,897,889,919,899,722,180,742,192
251,2,898,885,920,895,722,176,742,188
252,2,898,883,920,893,723,174,742,185
253,2,899,882,921,892,724,171,743,183
254,2,900,880,922,890,724,170,744,182
255,2,902,878,924,888,724,169,744,181
256,2,903,878,925,888,726,168,746,180
257,2,904,879,926,889,726,168,747,181
258,2,905,880,927,890,729,170,748,181
259,2,905,883,927,893,732,170,751,182
260,2,904,886,926,896,737,172,756,183
261,2,906,887,928,897,741,173,759,184
262,2,910,889,932,899,744,175,762,186
263,2,914,890,937,900,746,176,764,187
264,2,919,889,942,899,749,176,768,187
265,2,924,888,946,898,752,175,771,187
266,2,930,886,952,896,756,174,775,185
267,2,937,885,959,895,759,173,778,184
268,2,942,883,964,893,763,171,782,182
269,2,947,883,970,893,767,170,787,182
270,2,951,883,973,893,773,168,793,180
271,2,954,884,977,894,778,167,798,179
272,2,956,885,978,895,784,168,804,180
273,2,957,887,980,897,789,168,809,180
274,2,959,888,982,898,795,168,816,180
275,2,960,889,982,899,801,169,819,180
276,2,961,888,984,898,805,169,824,180
277,2,962,887,985,897,809,167,827,178
278,2,963,885,986,896,812,164,830,175
279,2,965,881,987,891,814,161,832,172
280,2,966,877,988,887,817,157,835,168
281,2,968,875,991,885,818,154,835,164
282,2,971,871,993,881,819,152,836,162
283,2,972,868,995,879,814,149,838,161
284,2,974,865,997,876,815,147,838,159
285,2,976,863,999,874,814,146,839,158
286,2,977,862,1000,873,814,145,838,157
287,2,978,861,1001,872,815,144,840,156
288,2,981,858,1004,869,816,143,839,155
289,2,983,855,1006,866,816,143,840,155
290,2,986,853,1009,864,816,141,839,153
291,2,989,850,1012,861,816,140,839,152
292,2,992,846,1015,857,815,138,838,149
293,2,996,843,1019,854,814,136,837,148
294,2,998,840,1022,851,814,135,837,147
295,2,1001,839,1025,851,815,135,838,146
296,2,1004,838,1027,849,815,134,837,145
297,2,1008,836,1030,846,815,135,838,146
298,2,1011,834,1034,845,817,135,838,145
299,2,1016,833,1038,843,814,135,837,147
300,2,1019,831,1042,842,813,135,838,148
301,2,1025,829,1048,840,814,136,837,148
302,2,1029,825,1052,836,813,135,836,147
303,2,1034,822,1057,833,813,133,837,145
304,2,1038,819,1061,830,814,133,837,145
305,2,1042,818,1065,829,814,131,838,143
306,2,1045,817,1068,828,817,131,840,143
307,2,1049,816,1072,827,820,131,843,142
308,2,1053,813,1075,824,824,130,846,144
309,2,1055,813,1077,824,825,130,847,144
310,2,1056,813,1079,824,827,130,849,144
311,2,1055,813,1077,824,830,130,853,144
312,2,1053,815,1075,826,833,129,856,144
313,2,1051,819,1073,830,835,134,855,146
314,2,1048,823,1070,834,838,137,858,149
315,2,1046,825,1068,836,840,140,860,152
316,2,1045,827,1067,838,840,143,860,155
317,2,1043,828,1065,839,841,145,862,157
318,2,1041,829,1063,840,842,147,863,159
319,2,1038,829,1060,840,843,147,863,159
320,2,1034,831,1056,842,846,148,867,160
321,2,1031,832,1053,843,849,149,870,161
322,2,1028,833,1050,844,852,149,873,162
323,2,1026,834,1049,845,855,151,876,163
324,2,1024,834,1046,845,857,151,877,163
325,2,1023,833,1045,844,858,151,878,163
326,2,1022,832,1044,843,861,149,881,161
327,2,1022,831,1044,842,863,149,883,161
328,2,1021,830,1043,841,865,148,885,160
329,2,1021,829,1043,840,867,147,887,159
330,1,1022,827,1044,838
331,1,1023,826,1045,837
332,1,1023,825,1045,836
333,2,1024,825,1046,836,877,144,897,156
334,1,1025,824,1047,835
335,1,1027,823,1049,834
336,1,1029,822,1051,833
337,1,1032,821,1054,832
338,1,1034,821,1056,832
339,1,1037,819,1059,830
340,1,1039,817,1060,828
341,1,1041,813,1062,824
342,1,1043,809,1064,820
343,1,1044,803,1066,814
344,1,1046,798,1068,809
345,1,1049,793,1072,804
346,1,1053,787,1075,798
347,1,1056,782,1078,793
348,1,1060,778,1082,789
349,1,1062,774,1084,785
350,1,1064,772,1086,783
351,1,1066,771,1088,782
352,1,1066,771,1089,782
353,1,1065,774,1088,785
354,1,1065,776,1088,788
355,1,1065,776,1088,788
356,1,1069,775,1090,785
357,1,1068,773,1091,784
358,1,1068,772,1092,784
359,1,1069,770,1092,782
360,1,1071,766,1094,778
361,1,1073,760,1096,771
362,1,1077,752,1100,764
363,1,1080,744,1103,756
364,1,1083,736,1106,747
365,1,1086,731,1109,743
366,1,1089,728,1112,739
367,1,1092,725,1115,737
368,1,1096,724,1120,736
369,1,1100,723,1123,735
370,1,1105,722,1128,734
371,1,1111,721,1134,733
372,1,1118,718,1141,730
373,1,1125,715,1149,727
374,1,1130,710,1154,722
375,1,1135,704,1158,716
376,1,1140,701,1164,713
377,1,1144,701,1167,713
378,1,1148,703,1171,715
379,1,1151,707,1174,718
380,2,1153,712,1176,724,964,70,982,80
381,2,1153,717,1176,728,970,74,988,84
382,1,1154,721,1175,732
383,1,1151,724,1172,735
384,1,1148,724,1169,735
385,1,1144,725,1164,736
386,1,1141,725,1161,736
387,1,1139,724,1159,735
388,1,1137,724,1157,735
389,1,1136,721,1157,732
390,1,1135,719,1155,729
391,1,1135,715,1155,725
392,1,1134,709,1154,719
393,1,1133,703,1153,714
394,1,1133,696,1153,707
395,1,1133,690,1153,701
396,1,1132,683,1152,694
397,1,1132,678,1152,689
398,1,1132,674,1152,685
399,2,1133,671,1153,682,950,66,963,76
400,2,1134,668,1155,679,948,66,961,76
401,2,1136,666,1157,678,945,65,959,75
402,2,1139,664,1159,675,945,65,959,75
403,2,1141,661,1162,672,945,64,959,74
404,2,1145,658,1166,669,945,63,959,73
405,2,1149,654,1170,665,944,60,962,70
406,2,1153,652,1174,663,946,58,964,68
407,2,1157,651,1178,662,952,56,971,67
408,2,1162,650,1183,661,952,56,971,67
409,2,1166,649,1187,660,957,53,979,65
410,1,1170,650,1191,661
411,1,1174,653,1195,664
412,1,1177,656,1198,667
413,1,1180,657,1201,668
414,1,1182,661,1203,672
415,1,1184,662,1205,673
416,1,1185,661,1206,672
417,1,1187,659,1207,670
418,1,1187,657,1208,668
419,1,1186,655,1207,666
420,1,1186,652,1207,663
421,1,1186,650,1206,660
422,1,1184,648,1205,659
423,1,1183,645,1203,656
424,1,1181,643,1201,653
425,1,1179,641,1199,651
426,1,1177,639,1197,650
427,2,1030,29,1048,40,1177,636,1194,651
428,2,1031,29,1048,39,1175,635,1192,650
429,2,1032,27,1049,37,1174,633,1190,648
430,2,1034,25,1051,35,1172,630,1188,644
431,2,1033,21,1051,31,1171,625,1189,641
432,2,1031,16,1049,26,1171,619,1189,635
433,2,1173,612,1191,628,1031,11,1048,21
434,2,1174,605,1192,621,1028,5,1045,15
435,1,1177,598,1195,614
436,1,1180,589,1198,605
437,1,1184,580,1202,596
438,1,1188,572,1206,588
439,1,1192,565,1210,581
440,1,1197,559,1215,575
441,1,1202,554,1220,570
442,1,1207,550,1225,566
443,1,1212,545,1230,561
444,1,1216,540,1234,556
445,1,1220,536,1238,552
446,1,1223,533,1241,549
447,1,1226,531,1244,547
448,1,1228,528,1246,544
449,1,1230,525,1248,541
450,1,1231,523,1249,539
451,1,1232,521,1251,537
452,1,1233,522,1251,538
453,1,1234,525,1252,541
454,1,1234,527,1252,543
455,1,1234,531,1252,547
456,1,1234,533,1252,549
457,1,1234,533,1252,549
458,1,1234,532,1252,548
459,1,1234,528,1252,544
460,1,1235,521,1253,537
461,1,1235,512,1253,528
462,1,1235,503,1253,519
463,1,1236,493,1254,509
464,1,1236,483,1254,499
465,1,1236,473,1254,489
466,1,1236,465,1254,481
467,1,1236,459,1254,475
468,1,1235,455,1253,471
469,1,1234,453,1252,469
470,1,1232,451,1250,467
471,1,1230,449,1248,465
472,1,1228,449,1246,465
473,1,1225,451,1243,467
474,1,1222,452,1240,468
475,1,1218,452,1236,468
476,1,1213,451,1231,467
477,1,1209,452,1227,468
478,1,1204,451,1222,467
479,1,1199,446,1216,461
480,1,1194,439,1212,455
481,1,1189,431,1207,447
482,1,1184,424,1201,439
483,1,1178,418,1195,433
484,1,1174,414,1191,429
485,1,1170,413,1187,428
486,1,1168,415,1185,430
487,1,1167,417,1184,432
488,1,1167,417,1184,432
489,1,1167,417,1184,432
490,1,1167,418,1184,433
491,1,1167,418,1184,433
492,1,1167,417,1184,432
493,1,1167,418,1184,433
494,1,1167,420,1184,435
495,1,1168,422,1185,437
496,1,1168,422,1186,438
497,1,1167,422,1185,438
498,1,1167,421,1185,437
499,1,1166,421,1183,436
500,1,1165,421,1183,437
501,1,1163,423,1180,438
502,1,1161,429,1178,444
503,1,1159,435,1176,450
504,1,1156,441,1173,456
505,1,1152,445,1169,460
506,1,1148,450,1165,465
507,1,1142,454,1160,470
508,1,1137,456,1155,472
509,1,1130,458,1149,475
510,1,1127,459,1144,474
511,1,1121,455,1138,470
512,1,1115,448,1132,463
513,1,1110,443,1126,457
514,1,1105,441,1123,453
515,1,1102,440,1120,452
516,1,1100,441,1118,453
517,1,1098,442,1116,454
518,1,1097,442,1115,454
519,1,1096,443,1114,455
520,1,1095,443,1113,455
521,1,1096,446,1113,458
522,1,1096,451,1114,463
523,1,1097,457,1114,469
524,1,1098,464,1115,475
525,1,1099,471,1116,483
526,1,1099,479,1117,491
527,1,1099,487,1116,498
528,1,1099,493,1117,505
529,1,1098,499,1115,510
530,1,1097,504,1114,515
531,1,1095,507,1112,518
532,1,1094,509,1111,520
533,1,1092,511,1109,522
534,1,1091,514,1108,525
535,1,1089,521,1106,532
536,1,1087,526,1104,537
537,1,1086,531,1103,542
538,1,1085,534,1102,545
539,1,1085,537,1102,548
540,1,1086,538,1103,549
541,1,1088,535,1105,546
542,1,1090,529,1107,540
543,1,1094,523,1111,534
544,1,1098,518,1115,529
545,1,1103,516,1120,527
546,1,1107,515,1124,526
547,1,1112,516,1129,527
548,1,1117,521,1133,532
549,1,1121,529,1138,540
550,1,1124,537,1141,548
551,1,1125,542,1142,553
552,1,1127,547,1144,558
553,1,1128,551,1145,562
554,1,1128,551,1145,562
555,1,1128,550,1145,561
556,1,1128,550,1145,561
557,1,1128,550,1145,561
558,1,1127,552,1143,563
559,1,1125,556,1141,567
560,1,1123,562,1139,573
561,1,1119,568,1135,579
562,1,1114,575,1133,588
563,1,1110,583,1129,596
564,1,1105,589,1124,602
565,1,1101,593,1120,606
566,1,1096,594,1115,607
567,1,1091,591,1110,604
568,1,1086,586,1105,599
569,1,1081,580,1100,593
570,1,1075,576,1094,589
571,1,1070,573,1089,586
572,1,1065,573,1084,586
573,1,1060,574,1079,587
574,1,1054,575,1074,587
575,2,1050,578,1070,590,553,275,563,285
576,2,1046,583,1066,595,543,285,553,295
577,2,535,295,545,305,1042,587,1058,600
578,2,525,308,535,318,1039,592,1055,605
579,2,517,320,527,330,1037,597,1053,610
580,2,510,332,521,343,1036,604,1053,618
581,2,1035,612,1052,626,505,342,515,352
582,2,1034,621,1051,635,501,352,511,362
583,2,1034,632,1051,645,497,362,507,372
584,2,1034,644,1051,657,495,372,505,382
585,2,1034,656,1051,670,493,382,503,392
586,2,1034,667,1051,681,490,392,500,402
587,2,1034,675,1051,688,487,401,497,411
588,2,1035,678,1052,692,481,409,491,419
589,2,1037,676,1054,690,475,415,485,425
590,2,1038,671,1055,685,470,419,480,429
591,2,1041,663,1057,676,464,421,474,431
592,2,1044,654,1061,668,459,423,469,433
593,2,1047,646,1064,659,453,426,463,436
594,2,1050,639,1067,653,448,430,458,440
595,2,1053,632,1070,646,442,438,452,448
596,2,1055,626,1071,639,436,446,446,456
597,2,1057,621,1073,634,429,457,439,467
598,2,1058,617,1074,630,422,468,432,478
599,2,1057,617,1073,630,415,479,425,489
600,2,1055,620,1071,633,407,490,417,500
601,2,1052,626,1069,640,398,500,408,510
602,2,1047,633,1064,646,389,508,399,518
603,2,1041,640,1058,653,379,515,389,525
604,2,1034,649,1051,662,368,520,378,530
605,2,1026,657,1043,670,360,523,370,534
606,2,1017,664,1034,677,347,525,357,536
607,2,1008,670,1025,683,334,525,344,536
608,2,999,676,1016,689,320,527,330,538
609,1,990,683,1008,697
610,1,981,690,999,704
611,1,974,696,992,710
612,2,966,703,984,717,264,557,278,567
613,2,959,710,977,724,253,563,263,573
614,2,952,717,970,731,240,570,250,580
615,2,946,724,964,738,227,578,237,588
616,2,941,732,959,746,215,588,225,598
617,2,937,739,955,753,204,597,214,609
618,2,933,746,952,761,194,606,204,618
619,2,931,752,950,766,184,616,194,628
620,2,929,759,947,773,175,624,185,636
621,2,928,765,946,779,166,630,176,643
622,2,926,769,945,784,158,636,168,648
623,2,926,773,944,787,152,640,162,651
624,2,925,777,943,791,145,644,155,655
625,2,924,779,942,793,138,646,148,657
626,1,924,784,942,798
627,1,924,791,942,805
628,1,923,798,941,812
629,1,920,803,938,817
630,1,916,808,935,823
631,1,912,810,931,825
632,1,907,809,926,823
633,1,902,806,921,821
634,1,900,802,918,816
635,1,897,797,916,812
636,1,897,793,916,808
637,1,898,792,917,807
638,1,901,795,919,809
639,1,903,799,921,813
640,1,903,804,922,819
641,1,903,815,922,830
642,1,900,831,925,843
643,1,901,844,926,856
644,1,901,855,926,867
645,1,900,867,925,879
646,1,898,873,923,885
647,1,894,879,920,891
648,1,890,886,916,898
649,1,885,891,911,903
650,1,881,892,907,904
651,1,878,892,904,904
652,1,877,892,903,904
653,1,874,892,900,904
654,1,872,894,899,906
655,1,870,898,896,910
656,1,869,902,896,914
657,1,868,906,895,919
658,1,867,909,894,921
659,1,866,911,893,924
660,1,865,911,892,924
661,1,865,909,892,922
662,1,864,906,892,919
663,1,862,903,889,916
664,1,861,901,888,914
665,1,858,901,886,914
666,1,855,903,883,916
667,1,852,906,880,919
668,1,851,908,879,921
669,1,850,911,876,923
670,1,849,913,877,926
671,1,848,914,876,927
672,2,848,915,876,928,588,223,604,238
673,2,848,916,876,929,588,222,604,237
674,2,846,916,874,929,590,221,606,236
675,2,845,917,873,930,590,219,606,234
676,2,843,916,871,929,591,217,606,231
677,2,841,916,869,929,592,213,608,228
678,2,840,916,868,929,594,210,609,224
679,2,839,915,867,928,594,208,609,222
680,2,839,915,867,928,594,205,609,219
681,2,839,915,867,928,594,204,609,218
682,2,838,915,866,928,593,203,608,217
683,2,838,916,866,929,593,202,608,216
684,2,838,917,867,930,592,202,607,216
685,2,838,916,866,929,591,202,606,216
686,2,838,914,867,927,590,199,605,213
687,2,837,913,866,926,588,197,602,211
688,2,837,912,866,925,585,195,599,209
689,2,836,911,865,925,583,193,598,207
690,2,835,912,864,925,580,192,595,206
691,2,835,913,865,927,578,191,593,205
692,2,835,914,865,928,576,192,591,206
693,2,835,916,865,930,573,193,588,207
694,2,835,918,865,932,571,195,586,209
695,2,835,920,865,934,570,196,584,209
696,2,836,924,867,938,568,198,581,211
697,2,837,927,868,941,565,201,579,214
698,2,840,930,871,944,563,204,577,217
699,2,843,934,874,948,560,208,574,221
700,2,848,937,879,952,558,212,572,225
701,2,852,940,883,955,555,216,569,229
702,2,856,943,888,958,555,218,569,231
703,2,860,945,891,959,555,220,569,233
704,2,862,948,893,962,555,221,570,235
705,2,862,948,893,962,557,222,572,236
706,2,862,948,893,962,558,224,573,238
707,1,561,223,578,238
708,1,563,223,580,238
709,1,565,224,582,239
710,1,567,224,584,239
711,1,569,223,586,238
712,1,571,221,588,236
713,1,574,218,591,233
714,1,577,214,594,229
715,1,580,212,595,227
716,1,582,209,598,225
717,1,584,208,599,223
718,1,583,206,598,220
719,1,580,204,596,218
720,1,577,198,592,212
721,1,571,192,589,204
722,1,565,184,585,201
723,1,562,181,579,195
724,1,559,178,575,192
725,1,559,179,575,192
726,1,558,182,574,195
727,1,557,186,574,200
728,1,555,193,573,208
729,1,554,201,571,215
730,1,553,206,570,219
731,1,552,209,568,224
732,1,548,214,565,228
733,1,544,217,561,232
734,1,540,220,557,234
735,1,535,222,552,238
736,1,533,224,551,240
737,1,532,227,550,243
738,1,532,232,550,248
739,1,534,239,551,255
740,1,535,244,554,257
741,1,538,247,556,261
742,1,542,249,560,263
743,1,544,251,562,267
744,1,547,252,565,265
745,1,548,253,566,265
746,1,550,254,569,267
747,1,550,256,569,268
748,1,551,256,570,269
749,1,551,256,570,270
750,1,552,255,570,268
751,1,551,253,570,267
752,1,548,252,566,265
753,1,548,253,567,265
754,1,547,254,566,265
755,1,543,252,565,264
756,1,544,252,562,264
757,1,540,252,561,264
758,1,538,253,559,265
759,1,537,253,560,266
760,1,537,254,560,267
761,1,538,254,562,268
762,1,534,254,561,267
763,1,536,252,562,265
764,1,537,250,564,263
765,1,541,248,567,260
766,1,546,244,570,260
767,1,549,243,573,259
768,1,557,243,578,254
769,1,563,240,584,251
770,1,567,237,588,248
771,1,572,234,593,245
772,1,576,231,598,242
773,1,581,229,603,241
774,1,586,228,609,240
775,1,592,228,615,240
776,1,598,227,621,239
777,1,604,226,627,238
778,1,609,223,633,236
779,1,615,219,640,232
780,1,622,216,644,227
781,1,626,210,648,221
782,1,630,205,652,216
783,1,632,202,654,213
784,1,633,199,655,210
785,1,636,196,657,206
786,1,637,194,658,204
787,1,638,196,659,206
788,1,638,200,659,210
789,1,638,202,659,212
790,1,637,203,658,213
791,1,637,202,658,212
792,1,636,200,657,210
793,1,633,198,654,208
794,1,632,197,653,207
795,1,630,194,651,204
796,1,629,191,650,201
797,1,628,188,649,198
798,1,627,186,649,196
799,1,627,186,649,196
800,1,628,188,649,198
801,1,629,189,650,199
802,1,631,191,653,201
803,1,633,193,655,203
804,1,636,194,659,205
805,1,640,195,662,205
806,1,645,195,666,205
807,1,649,195,670,205
808,1,652,194,673,204
809,1,654,193,676,204
810,1,657,191,679,201
811,1,665,185,686,197
812,1,669,184,690,196
813,1,672,183,694,195
814,1,674,183,695,195
815,1,676,182,697,194
816,1,676,181,698,193
817,1,675,181,697,193
818,1,674,182,696,194
819,1,672,185,694,197
820,1,669,187,691,199
821,1,667,187,690,200
822,1,666,185,688,197
823,1,667,180,688,192
824,1,667,172,688,184
825,1,667,166,688,178
826,1,670,161,690,173
827,1,675,158,694,170
828,1,679,157,699,169
829,1,681,159,701,171
830,1,685,162,704,174
831,1,687,166,707,178
832,1,688,171,708,183
833,1,688,174,707,186
834,1,686,174,706,186
835,1,685,174,704,186
836,1,683,174,703,186
837,1,682,174,702,186
838,1,681,174,701,186
839,1,680,173,699,185
840,1,680,173,699,185
841,1,680,175,699,187
842,1,682,176,701,188
843,1,683,175,703,187
844,1,684,175,703,186
845,1,684,177,703,188
846,1,684,176,703,188
847,1,685,175,703,186
848,1,684,175,702,186
849,1,684,173,702,184
850,1,684,170,703,181
851,1,687,167,706,178
852,1,690,167,708,178
853,1,693,167,712,178
854,1,695,166,716,177
855,1,699,166,719,177
856,1,702,165,722,175
857,1,703,164,724,175
858,1,705,162,725,172
859,1,707,160,727,170
860,1,710,157,730,167
861,1,714,155,734,165
862,1,717,152,736,162
863,1,721,151,741,161
864,1,724,150,743,160
865,1,728,149,747,159
866,1,730,148,749,158
867,1,733,146,752,156
868,1,737,145,757,155
869,1,741,146,761,156
870,1,747,147,767,157
871,1,752,155,771,165
872,1,760,167,780,177
873,1,770,177,790,188
874,1,777,180,797,191
875,1,783,180,803,191
876,1,785,176,806,187
877,1,783,168,806,178
878,1,781,160,804,171
879,1,779,155,800,165
880,1,777,151,798,161
881,1,774,145,797,156
882,1,771,142,794,153
883,1,768,140,790,151
884,1,765,138,786,148
885,1,761,136,783,146
886,1,759,136,781,146
887,1,759,136,780,146
888,1,761,134,782,144
889,1,766,132,787,142
890,1,772,130,793,140
891,1,780,128,801,138
892,1,787,128,809,138
893,1,795,129,817,139
894,1,802,130,823,140
895,1,809,131,830,141
896,1,815,132,837,143
897,1,821,135,842,145
898,1,823,134,846,145
899,1,824,134,847,145
900,1,825,133,848,144
901,1,824,132,847,143
902,1,822,128,845,139
903,1,819,125,841,135
904,1,814,122,837,133
905,1,808,120,830,131
906,1,801,119,823,130
907,1,794,118,816,128
908,1,787,119,809,129
909,1,782,120,804,130
910,1,776,122,797,132
911,1,771,122,792,132
912,1,765,124,786,134
913,1,761,124,783,134
914,1,756,124,779,135
915,1,753,126,774,136
916,1,749,126,770,136
917,1,745,128,767,138
918,1,743,129,762,139
919,1,740,129,760,140
920,1,739,131,761,142
921,1,737,132,760,143
922,1,738,134,755,144
923,1,739,137,758,147
924,1,742,139,762,151
925,1,744,142,766,153
926,1,749,144,771,155
927,1,752,145,773,156
928,1,757,145,776,157
929,1,761,145,780,157
930,1,765,145,784,157
931,1,768,145,787,157
932,1,772,145,791,157
933,1,776,144,795,156
934,1,780,144,798,156
935,1,783,143,802,155
936,1,787,143,806,155
937,1,791,142,810,154
938,1,796,142,814,154
939,1,802,142,820,153
940,1,807,141,825,152
941,1,812,139,830,150
942,1,817,136,835,148
943,1,821,134,839,145
944,1,823,130,841,141
945,1,826,126,844,137
946,1,828,122,845,133
947,1,830,120,846,130
948,1,834,119,850,129
949,1,835,119,856,129
950,1,841,119,862,129
951,1,847,119,869,129
952,1,851,117,873,128
953,1,862,117,876,127
954,1,863,116,884,126
955,1,865,115,886,125
956,1,875,114,890,124
957,1,878,113,893,123
958,1,873,112,895,123
959,1,875,111,896,121
960,1,875,109,897,121
961,1,875,108,899,120
962,1,875,108,897,119
963,1,871,106,897,118
964,1,871,105,896,115
965,1,866,102,889,112
967,1,874,97,889,107
969,1,862,92,887,104
970,1,859,92,879,102
971,1,871,90,884,100
972,1,861,90,882,100
1021,1,927,26,951,38
1022,1,929,26,952,36
1023,1,928,26,951,36
1024,1,931,24,954,34
1025,1,936,22,959,32
1026,1,939,22,962,32
1027,1,945,22,968,32
1028,1,949,24,972,34
1029,1,951,25,974,35
1030,1,953,26,977,36
1034,1,940,14,964,27
1035,1,939,10,957,20
1036,1,933,4,953,15
1037,1,931,1,948,11
1038,1,929,0,946,10
1039,1,928,-2,946,8
1040,1,928,-2,946,9
1057,1,1097,939,1131,955
1058,1,1101,936,1135,952
1059,1,1106,934,1140,950
1060,1,1110,933,1144,949
1061,1,1115,932,1149,948
1062,1,1118,931,1152,947
1063,1,1122,930,1157,946
1064,1,1126,930,1160,946
1065,1,1130,930,1165,946
1066,1,1133,930,1168,946
1067,1,1137,930,1172,946
1068,1,1141,930,1176,946
1069,1,1145,931,1180,947
1070,1,1149,930,1184,947
1071,1,1150,933,1185,949
1072,1,1150,938,1185,954
1073,1,1146,944,1181,960
1074,1,1141,948,1175,964
1075,1,1140,951,1170,965
1076,1,1140,951,1170,965
1077,1,1140,951,1170,965
1084,1,1119,940,1150,955
1085,1,1121,937,1152,952
1086,1,1124,934,1155,949
1087,1,1128,931,1160,946
1088,1,1132,928,1163,943
1089,1,1137,925,1169,940
1090,1,1141,925,1173,940
1091,1,1145,925,1177,941
1092,1,1149,925,1181,941
1093,1,1153,925,1185,941
1094,1,1154,925,1187,941
1095,1,1154,926,1186,941
1096,1,1152,927,1185,943
1097,1,1150,927,1183,943
1098,1,1149,928,1181,943
1099,1,1146,930,1179,946
1100,1,1143,931,1176,947
1101,1,1139,932,1172,948
1102,1,1135,932,1168,948
1103,1,1130,933,1162,949
1104,1,1124,935,1156,951
1105,1,1119,936,1151,951
1106,1,1115,937,1147,952
1107,1,1112,939,1144,954
1108,1,1109,942,1141,957
1109,1,1107,944,1139,959
1110,1,1107,947,1139,962
1111,1,1107,949,1139,964
1112,1,1108,950,1139,965
1113,1,1108,950,1140,965
1116,1,731,24,747,36
1117,1,731,31,747,43
1118,1,731,37,745,47
1119,1,733,43,746,54
1121,2,729,49,745,61,551,15,567,32
1122,2,543,22,556,36,725,53,742,68
1123,2,535,32,548,46,723,63,735,76
1124,2,527,39,540,53,723,66,736,79
1125,2,518,46,531,60,719,71,732,81
1126,2,509,55,524,71,718,75,728,88
1127,2,499,64,513,79,710,82,723,92
1128,2,487,74,501,89,704,87,717,97
1129,2,477,85,491,101,696,94,714,106
1130,2,467,97,481,113,692,100,707,114
1131,2,462,106,472,118,689,105,704,119
1132,2,456,113,466,125,688,109,703,123
1133,2,450,120,460,132,689,113,704,127
1134,2,446,125,456,137,691,116,707,129
1135,2,442,127,452,139,693,117,709,130
1136,2,438,129,448,141,695,116,711,129
1137,2,433,130,443,142,696,115,712,128
1138,2,430,129,440,141,699,116,715,129
1139,2,426,129,436,141,701,114,717,127
1140,2,422,127,432,140,703,112,719,125
1141,2,703,109,719,124,416,123,430,135
1142,2,410,121,421,135,703,104,719,121
1143,2,404,122,415,136,703,111,718,122
1144,2,398,122,409,136,703,109,718,120
1145,2,390,119,400,132,702,106,717,117
1146,2,382,115,392,128,700,102,716,114
1147,2,374,110,384,123,698,96,714,108
1148,2,366,104,376,117,697,90,714,102
1149,2,359,100,369,113,696,85,713,97
1150,2,695,81,712,94,352,93,362,108
1151,2,695,78,712,91,339,90,353,105
1152,2,694,74,712,87,336,87,346,97
1153,2,692,71,711,85,329,79,339,91
1154,2,689,69,710,84,319,75,330,87
1155,2,690,70,707,82,310,72,322,86
1156,2,689,70,704,81,301,69,313,83
1157,2,686,68,700,78,291,65,303,79
1158,2,683,68,697,78,281,63,293,76
1159,2,678,70,692,80,270,65,281,77
1160,2,671,74,685,84,257,67,268,79
1161,2,665,77,679,87,246,70,257,82
1162,2,660,81,674,91,235,73,245,84
1163,2,223,77,236,88,655,83,671,94
1164,2,212,80,225,91,650,87,665,98
1165,2,201,82,214,93,646,92,660,102
1166,2,188,86,202,98,640,92,655,102
1167,2,175,91,190,103,633,95,648,106
1168,1,163,95,178,108
1169,1,151,100,168,114
1170,1,140,106,156,116
1171,1,130,112,146,122
1172,1,122,116,138,126
1173,1,114,120,131,131
1174,2,106,124,122,134,609,123,622,133
1175,2,96,129,113,140,607,126,622,138
1176,2,88,135,105,145,602,132,617,144
1177,2,78,142,95,153,597,140,614,151
1178,2,67,149,85,160,592,145,606,161
1179,3,510,13,526,27,53,155,67,168,586,150,601,163
1180,2,495,21,511,35,39,158,55,170
1181,2,481,30,497,44,31,159,45,169
1182,2,471,40,487,54,23,157,38,168
1183,2,462,50,478,64,15,152,30,163
1184,2,453,62,469,76,7,149,23,160
1185,2,442,74,458,88,-1,146,15,157
1186,2,430,85,446,99,557,181,577,195
1187,2,418,95,434,109,553,188,571,203
1188,2,405,104,420,118,550,191,566,204
1189,2,391,111,407,125,546,193,561,207
1190,2,376,118,392,132,537,195,555,210
1191,2,361,125,376,138,532,196,549,210
1192,2,345,133,360,146,527,201,542,213
1193,2,329,142,344,155,520,205,536,217
1194,2,312,153,327,166,514,209,528,222
1195,2,295,165,310,179,504,217,521,234
1196,2,277,179,292,192,497,225,514,241
1197,2,261,193,274,204,496,227,510,243
1198,2,244,205,255,215,485,235,502,247
1199,1,474,245,491,257
1200,1,468,246,486,257
1201,1,460,246,479,261
1202,1,450,257,469,272
1203,1,449,264,468,277
1204,1,448,268,464,284
1205,1,448,281,463,296
1206,1,442,295,455,308
1207,1,438,298,457,315
1208,1,441,301,458,317
1209,1,444,303,461,316
1210,1,446,298,465,312
1211,1,445,297,463,311
1212,1,452,290,468,304
1213,1,456,285,473,299
1214,1,460,281,477,295
1215,1,463,281,479,295
1216,1,465,281,481,294
1217,1,467,281,483,294
1218,1,467,279,484,293
1219,1,469,277,485,290
1220,1,469,276,486,289
1221,1,468,275,486,289
1222,1,469,275,487,286
1223,1,469,273,487,286
1224,1,471,270,488,282
1225,1,472,265,489,277
1226,1,473,258,489,273
1227,1,473,253,490,267
1228,1,475,247,494,260
1229,1,477,240,496,253
1230,1,479,235,497,248
1231,1,485,230,501,242
1232,1,488,227,504,239
1233,1,489,223,507,237
1234,1,493,221,511,235
1235,1,498,220,515,234
1236,1,505,219,521,231
1237,1,509,216,525,228
1238,1,513,214,530,224
1239,1,516,210,535,220
1240,1,520,205,539,216
1241,1,521,198,541,209
1242,1,522,190,541,201
1243,1,523,183,541,195
1244,1,520,177,539,187
1245,1,518,169,536,179
1246,1,512,164,531,174
1247,1,508,157,527,169
1248,1,504,153,523,165
1249,1,498,151,518,163
1250,1,494,152,512,164
1251,1,488,153,508,165
1252,1,482,152,502,163
1253,1,475,150,493,164
1254,1,466,150,485,164
1255,1,458,149,477,164
1256,1,449,152,466,165
1257,1,439,156,457,169
1258,1,428,161,444,174
1259,1,417,167,434,180
1260,1,407,173,424,188
1261,1,398,184,414,196
1262,1,390,193,406,208
1263,1,382,205,399,221
1264,1,377,218,393,233
1265,1,369,232,385,247
1266,1,362,242,378,258
1267,1,359,252,374,268
1268,1,353,262,370,276
1269,1,351,271,366,286
1270,1,347,279,364,294
1271,1,346,281,363,298
1272,1,345,281,362,297
1273,1,344,279,362,296
1274,1,344,279,361,295
1275,1,344,279,361,295
1276,1,345,280,363,295
1277,1,346,282,363,297
1278,1,346,284,364,300
1279,1,348,286,366,303
1280,1,350,290,367,305
1281,1,351,289,369,305
1282,1,352,287,369,303
1283,1,354,279,372,293
1284,1,356,268,374,284
1285,1,357,256,375,271
1286,1,356,246,377,261
1287,1,355,238,374,253
1288,1,353,230,373,247
1289,1,353,227,373,242
1290,1,354,226,374,241
1291,1,355,223,375,238
1292,1,356,221,376,236
1293,1,357,220,377,235
1294,1,357,218,377,233
1295,1,357,215,377,230
1296,1,358,211,379,226
1297,1,358,208,379,223
1298,1,359,207,379,222
1299,1,359,206,379,221
1300,1,361,203,381,218
1301,1,364,199,384,214
1302,1,369,195,389,210
1303,1,375,193,395,208
1304,1,382,191,402,206
1305,1,389,191,409,206
1306,1,396,191,416,206
1307,1,402,191,422,206
1308,1,409,188,429,203
1309,1,414,184,434,199
1310,1,419,178,439,193
1311,1,424,168,445,183
1312,1,429,159,449,174
1313,1,432,150,453,166
1314,1,434,141,455,157
1315,1,437,134,458,150
1316,1,439,128,460,144
1317,1,440,122,461,137
1318,1,439,117,460,133
1319,1,437,114,458,130
1320,1,433,111,454,127
1321,1,428,108,449,124
1322,1,421,108,442,124
1323,1,416,109,437,125
1324,1,411,110,432,125
1325,1,406,113,426,128
1326,1,401,115,422,131
1327,1,396,118,417,134
1328,1,391,120,412,135
1329,1,387,123,407,136
1330,1,383,125,403,138
1331,1,380,129,400,142
1332,1,377,132,398,146
1333,1,376,136,397,149
1334,1,377,140,400,154
1335,1,379,142,402,156
1336,1,382,144,405,158
1337,1,386,146,409,160
1338,1,391,148,414,162
1339,1,398,150,420,164
1340,1,405,152,427,165
1341,1,413,152,435,165
1342,1,421,151,443,164
1343,1,429,147,451,160
1344,1,437,143,459,156
1345,1,443,140,465,153
1346,1,447,137,469,150
1347,1,450,134,472,147
1348,1,453,130,475,143
1349,1,455,128,477,142
1350,1,456,126,478,140
1351,1,456,123,479,137
1352,1,457,123,480,137
1353,1,457,123,480,137
1354,1,456,122,479,136
1355,1,456,124,479,138
1356,1,456,124,479,138
1357,1,456,124,480,138
1358,1,455,124,478,138
1359,1,453,123,477,138
1360,1,451,123,475,138
1361,1,449,123,473,138
1362,1,448,123,472,138
1363,1,446,124,470,139
1364,1,445,125,469,140
1365,1,444,126,468,141
1366,1,443,127,467,142
1367,1,442,127,467,142
1368,1,442,127,467,142
1369,1,442,127,467,142
1370,1,443,127,468,142
1371,1,444,127,469,142
1372,1,445,126,470,141
1373,1,445,126,470,141
1374,1,447,126,472,141
1375,1,448,127,473,142
1376,1,450,127,475,142
1377,1,452,127,477,142
1378,1,454,127,479,142
1379,1,456,125,481,140
1380,1,459,123,484,138
1381,1,461,120,486,135
1382,1,463,119,487,134
1383,1,466,117,494,130
1384,1,468,116,496,129
1385,1,469,115,498,128
1386,1,470,115,498,128
1387,1,469,113,497,126
1388,1,468,114,497,127
1389,1,466,114,495,127
1390,1,465,114,494,127
1391,1,464,112,493,125
1392,1,465,110,494,123
1393,1,466,109,495,122
1394,1,466,108,495,122
1395,1,467,106,497,120
1396,1,469,105,498,119
1397,1,471,103,500,117
1398,1,473,101,503,115
1399,1,475,99,504,113
1400,1,477,98,506,111
1401,1,477,96,506,109
1402,1,477,94,506,108
1403,1,477,93,507,107
1404,1,477,92,506,105
1405,1,477,90,507,104
1406,1,476,90,505,103
1407,1,475,91,504,105
1408,1,475,92,504,106
1409,1,475,93,504,106
1410,1,474,94,503,107
1411,1,475,96,504,110
1412,1,475,97,505,111
1413,1,476,98,506,112
1414,1,478,99,508,113
1415,1,481,99,511,113
1416,1,483,100,514,114
1417,1,486,101,516,115
1418,1,488,101,518,115
1419,1,491,101,521,115
1420,1,494,100,524,114
1421,1,497,99,528,113
1422,1,501,98,531,112
1423,1,504,97,534,111
1424,1,508,97,538,111
1425,1,510,97,540,111
1426,1,513,97,543,111
1427,1,516,96,546,110
1428,1,519,95,550,109
1429,1,522,94,552,108
1430,1,525,92,555,106
1431,1,527,90,556,104
1432,1,529,89,558,103
1433,1,532,86,561,99
1434,1,534,85,562,98
1435,1,535,84,563,97
1436,1,536,83,565,96
1437,1,536,83,564,96
1438,1,536,83,564,96
1439,1,535,83,563,96
1440,1,535,83,563,96
1441,1,535,82,562,95
1442,1,535,82,563,95
1443,1,535,82,563,95
1444,1,534,81,562,94
1445,1,533,81,561,94
1446,1,533,79,561,92
1447,1,534,77,564,91
1448,1,536,77,565,91
1449,1,539,76,568,90
1450,1,543,76,572,89
1451,1,547,76,575,89
1452,1,552,77,580,90
1453,1,554,78,582,91
1454,1,557,77,586,90
1455,1,559,77,588,91
1456,1,562,77,591,90
1457,1,567,76,595,89
1458,1,571,75,601,89
1459,1,576,74,605,88
1460,1,581,74,611,88
1461,1,585,74,615,88
1462,1,589,74,619,88
1463,1,591,74,622,88
1464,1,594,73,625,87
1465,1,598,73,629,87
1466,1,601,72,631,86
1467,1,603,71,633,85
1468,1,605,70,634,84
1469,1,604,69,633,83
1470,1,602,66,631,80
1471,1,599,62,629,76
1472,1,596,60,626,74
1473,1,591,58,622,72
1474,1,590,54,621,68
1475,1,589,52,619,66
1476,1,589,50,619,64
1477,1,588,49,618,63
1478,1,591,50,618,62
1479,1,589,52,616,64
1480,1,586,54,613,66
1481,1,583,57,610,69
1482,1,580,57,607,69
1483,1,578,56,606,68
1484,1,576,55,603,67
1485,1,575,56,603,68
1486,1,575,60,603,72
1487,1,576,64,604,76
1488,1,575,67,602,79
1489,1,573,70,600,82
1490,1,571,71,598,83
1491,1,570,69,597,81
1492,1,570,65,597,77
1493,1,570,62,597,74
1494,1,571,58,598,70
1495,1,573,58,599,70
1496,1,576,59,603,71
1497,1,580,63,607,75
1498,1,585,66,612,78
1499,1,589,70,616,82
1500,1,593,74,620,86
1501,1,598,77,625,89
1502,1,601,78,629,90
1503,1,606,78,633,90
1504,1,612,75,639,87
1505,1,618,71,645,83
1506,1,626,67,653,79
1507,1,634,61,662,73
1508,1,643,56,671,68
1509,1,652,52,679,64
1510,1,660,51,687,63
1511,1,666,49,693,61
1512,1,669,48,696,60
1513,1,671,46,697,57
1514,1,671,46,697,58
1515,1,670,45,697,57
1516,1,671,45,697,56
1517,1,674,44,700,56
1518,1,678,42,705,54
1519,1,682,40,709,52
1520,1,685,38,712,50
1521,1,687,35,714,47
1522,1,687,30,713,41
1523,1,684,24,710,36
1524,1,681,20,707,31
1525,1,676,16,703,28
1526,1,670,13,701,27
1527,1,664,11,694,25
1528,1,659,10,690,24
1529,1,654,12,684,25
1530,1,649,13,681,27
1531,1,646,16,676,30
1532,1,643,18,674,32
1533,1,641,19,672,33
1534,1,639,20,670,34
1535,1,640,21,671,35
1536,1,641,22,671,36
1537,1,643,23,673,36
1538,1,645,21,674,35
1539,1,648,20,676,33
1540,1,649,19,678,33
1541,1,650,20,678,34
1542,1,649,21,677,34
1543,1,646,22,673,35
1544,1,641,22,668,35
1545,1,637,23,665,37
1546,1,635,24,663,37
1547,1,633,24,661,37
1548,1,630,26,657,39
1549,1,628,26,654,39
1550,1,627,27,654,40
1551,1,627,28,654,41
1552,1,627,28,654,41
1553,1,626,29,654,43
1554,1,627,30,653,43
1555,1,627,31,654,44
1556,1,629,32,656,45
1557,1,631,31,659,44
1558,1,634,30,660,43
1559,1,637,27,664,40
1560,1,641,24,668,37
1561,1,645,24,672,37
1562,1,651,24,677,36
1563,1,658,25,683,37
1564,1,665,23,690,35
1565,1,673,23,698,35
1566,1,679,23,706,36
1567,1,687,24,713,36
1568,1,693,27,718,39
1569,1,699,29,726,42
1570,1,705,31,732,44
1571,1,708,33,734,46
1572,1,711,32,737,45
1573,1,711,30,737,43
1574,1,712,26,738,39
1575,1,713,22,739,35
1576,1,714,18,740,30
1577,1,716,17,742,30
1578,1,720,17,745,29
1579,1,723,14,749,26
1580,1,726,14,753,27
1581,1,725,14,752,27
1582,1,722,15,748,27
1583,1,716,16,742,29
1584,1,710,19,736,32
1585,1,704,25,730,37
1586,1,695,30,720,42
1587,1,684,31,710,43
1588,1,673,28,698,40
1589,1,664,23,689,35
1590,1,659,21,683,33
1591,1,655,23,679,35
1592,1,654,24,678,36
1593,1,653,25,678,37
1594,1,656,27,679,38
1595,1,658,32,681,43
1596,1,657,34,680,45
1597,1,657,34,682,46
1598,1,658,37,682,49
1599,1,656,39,681,51
1600,1,655,42,679,54
1601,1,653,45,678,57
1602,1,653,47,678,59
1603,1,653,47,679,59
1604,1,656,41,681,53
1605,1,662,37,686,49
1606,1,664,35,689,47
1607,1,667,33,692,45
1608,1,669,33,693,45
1609,1,671,32,696,44
1610,1,678,30,704,43
1611,1,688,27,715,40
1612,1,701,24,727,36
1613,1,716,21,741,33
1614,1,730,18,755,30
1615,1,744,14,770,26
1616,1,755,9,781,22
1617,1,766,4,789,15
1657,1,626,0,648,12
1658,1,630,7,650,18
1659,1,632,12,653,24
1660,1,639,17,660,28
1661,1,649,19,669,30
1662,1,654,22,679,34
1663,1,659,21,684,33
1664,1,662,17,687,29
1665,1,665,14,690,26
1666,1,667,13,692,25
1667,1,670,12,695,24
1668,1,672,12,696,23
1669,1,672,12,696,24
1670,1,673,13,697,24
1671,1,672,15,694,26
1672,1,667,18,691,29
1673,1,663,19,686,31
1674,1,658,22,681,34
1675,1,652,27,674,39
1676,1,645,30,667,41
1677,1,639,32,660,43
1678,1,630,34,653,44
1679,1,625,34,648,44
1680,1,621,34,644,44
1681,1,617,34,640,44
1682,1,610,34,632,44
1683,1,605,32,627,42
1684,1,601,31,623,41
1685,1,597,30,621,41
1686,1,595,32,619,43
1687,1,599,34,620,44
1688,1,598,38,619,48
1689,1,598,40,620,51
1690,1,600,40,625,53
1691,1,602,42,623,55
1692,1,606,40,625,52
1693,1,610,35,632,48
1694,1,615,35,637,48
1695,1,620,37,641,49
1696,1,623,39,644,51
1697,1,623,43,645,56
1698,1,618,47,640,60
1699,1,614,47,636,60
1700,1,611,46,633,57
1701,1,609,43,632,53
1702,1,604,40,627,51
1703,1,600,38,623,49
1704,1,593,36,617,47
1705,1,586,38,610,48
1706,1,577,41,601,51
1707,1,573,45,596,56
1708,1,567,50,589,62
1709,1,559,59,582,70
1710,1,551,69,574,81
1711,1,543,80,565,92
1712,1,532,90,556,103
1713,1,528,99,548,113
1714,1,522,107,543,121
1715,1,519,117,538,131
1716,1,519,127,538,140
1717,1,519,136,540,150
1718,1,522,147,543,161
1719,1,528,157,546,172
1720,1,535,166,552,181
1721,1,545,170,566,182
1722,1,560,173,580,185
1723,1,574,175,597,188
1733,1,643,101,665,112
1734,1,640,95,663,106
1735,1,634,94,656,105
1736,1,625,89,645,99
1737,1,616,83,636,93
1738,1,606,79,625,89
1739,1,595,74,615,84
1749,1,542,51,562,61
1750,1,542,49,559,59
1751,1,535,47,555,58
1752,1,531,49,550,59
1753,1,526,52,546,62
1754,1,522,54,542,65
1760,1,524,63,544,75
1761,1,527,63,545,75
1762,1,529,64,545,75
1763,1,528,64,546,76
1764,1,530,66,547,77
1765,1,529,69,547,80
1766,1,528,73,550,84
1767,1,530,74,551,86
1768,1,534,75,554,87
1769,1,536,75,556,86
1770,1,537,76,556,87
1771,1,535,77,554,88
1772,1,532,73,551,84
1773,1,529,70,549,83
1774,1,525,67,545,79
1775,1,520,68,540,80
1776,1,514,74,534,86
1777,1,509,82,529,94
1778,1,503,90,523,102
1779,1,494,97,514,109
1780,1,483,102,502,114
1781,1,471,103,492,116
1782,1,466,102,482,114
1783,1,456,98,472,110
1784,1,444,91,462,104
1785,1,435,84,452,97
1786,1,427,78,445,92
1787,1,421,77,439,91
1788,1,417,80,435,94
1789,1,413,87,432,101
1790,1,410,95,429,109
1791,1,408,102,427,116
1792,1,406,110,425,124
1793,1,402,119,421,133
1794,1,398,127,417,141
1795,1,395,136,414,150
1796,1,394,146,413,160
1797,1,393,156,413,171
1798,1,393,166,413,181
1799,1,398,174,415,188
