0,2,1134,751,1144,764,1152,455,1162,468
1,2,1129,755,1139,768,1150,456,1160,469
2,2,1120,766,1130,778,1149,466,1161,476
3,2,1150,480,1160,490,1110,781,1120,792
4,2,1101,792,1111,805,1147,488,1159,503
5,2,1092,797,1102,807,1146,493,1156,506
6,2,1086,798,1096,810,1145,492,1155,503
7,2,1081,801,1091,812,1146,493,1157,503
8,2,1093,801,1103,813,1151,490,1161,500
9,2,1096,800,1106,810,1153,486,1163,496
10,2,1101,796,1111,808,1153,481,1163,491
11,2,1098,797,1108,809,1155,478,1166,488
12,2,1101,793,1111,804,1154,477,1165,487
13,2,1101,794,1111,804,1152,475,1163,486
14,2,1098,793,1108,805,1151,475,1163,485
15,2,1095,795,1105,806,1150,475,1161,485
16,2,1091,794,1101,804,1146,473,1158,486
17,2,1087,794,1097,804,1142,473,1153,486
18,2,1081,793,1091,805,1138,471,1149,485
19,2,1075,792,1085,804,1132,471,1144,484
20,2,1070,793,1081,804,1127,469,1138,483
21,2,1064,793,1075,805,1122,469,1132,483
22,2,1058,798,1068,809,1117,473,1127,487
23,2,1052,805,1063,816,1113,479,1123,493
24,2,1046,812,1057,824,1108,487,1118,501
25,2,1040,821,1051,834,1104,496,1116,507
26,2,1035,831,1045,843,1098,504,1111,515
27,2,1029,840,1040,852,1097,513,1108,525
28,2,1025,851,1035,862,1094,522,1104,535
29,2,1021,858,1031,869,1091,529,1101,542
30,2,1017,864,1027,875,1089,536,1099,548
31,2,1013,870,1023,880,1088,540,1098,551
32,2,1009,875,1019,885,1087,545,1098,557
33,2,1006,880,1016,890,1086,550,1097,560
34,2,1003,886,1014,896,1088,555,1098,567
35,2,1000,889,1010,901,1088,560,1100,573
36,2,997,895,1008,907,1090,565,1101,576
37,2,995,901,1005,912,1091,571,1103,581
38,2,995,907,1006,918,1094,575,1107,588
39,2,995,911,1006,923,1095,579,1107,590
40,2,995,916,1006,928,1099,583,1110,595
41,2,995,921,1006,933,1100,588,1112,599
42,2,995,925,1007,936,1104,589,1115,601
43,2,994,927,1005,939,1105,591,1118,605
44,2,993,931,1004,942,1109,594,1121,607
45,2,991,933,1002,944,1110,597,1123,610
46,2,989,935,1000,947,1113,600,1125,612
47,2,987,938,998,949,1115,603,1127,615
48,2,985,940,996,950,1118,605,1128,615
49,2,983,938,995,950,1120,604,1130,618
50,2,982,938,994,948,1121,603,1133,616
51,2,981,936,993,948,1123,602,1133,613
52,2,979,935,990,946,1125,601,1135,612
53,2,979,933,991,944,1125,600,1135,610
54,2,978,931,989,943,1126,597,1136,607
55,2,977,929,989,940,1126,593,1138,606
56,2,977,928,988,940,1128,591,1140,604
57,2,976,928,987,938,1128,589,1140,602
58,2,975,927,985,938,1129,588,1139,600
59,2,973,926,984,936,1128,587,1139,598
60,2,973,924,984,935,1130,586,1140,597
61,2,975,923,985,935,1130,582,1140,595
62,2,975,923,985,934,1129,579,1139,595
63,2,975,923,986,934,1129,578,1139,593
64,2,975,923,987,934,1129,576,1142,590
65,2,975,925,985,935,1131,575,1141,588
66,2,975,923,986,934,1131,574,1142,587
67,2,976,923,987,934,1131,572,1141,586
68,2,975,920,986,932,1131,570,1141,584
69,2,975,921,985,931,1131,568,1141,581
70,2,976,918,987,929,1131,565,1141,579
71,2,975,916,985,928,1130,563,1142,576
72,2,973,915,984,927,1128,561,1138,577
73,2,971,916,982,928,1130,564,1141,574
74,2,969,916,979,928,1129,563,1140,577
75,2,968,915,978,927,1128,561,1139,575
76,2,968,913,979,926,1128,559,1140,573
77,2,969,913,980,926,1128,557,1139,571
78,2,971,913,981,925,1128,555,1140,568
79,2,972,914,982,926,1128,553,1139,567
80,2,973,914,985,926,1128,552,1139,565
81,2,975,917,985,928,1128,551,1138,566
82,2,976,921,987,932,1128,552,1139,565
83,2,978,925,989,936,1128,554,1139,565
84,2,979,930,990,940,1128,557,1140,569
85,2,981,934,991,944,1129,559,1141,571
86,2,983,936,995,947,1130,560,1141,572
87,2,983,936,994,949,1130,561,1142,574
88,2,985,939,996,950,1131,560,1143,573
89,2,985,939,997,952,1132,560,1143,572
90,2,987,941,998,953,1133,560,1145,572
91,2,989,944,1000,955,1134,560,1145,572
92,2,991,945,1001,956,1135,560,1147,572
93,2,993,946,1003,958,1136,560,1147,572
94,2,994,947,1005,959,1138,559,1150,572
95,2,995,949,1006,959,1138,559,1150,572
96,1,1139,560,1151,573
97,1,1140,563,1151,576
98,1,1141,567,1153,579
99,1,1141,571,1153,583
100,1,1141,575,1153,587
101,1,1141,581,1152,591
102,1,1141,585,1152,595
103,1,1139,589,1150,599
104,1,1139,593,1150,603
105,1,1137,595,1148,605
106,1,1136,595,1147,605
107,1,1134,595,1145,605
108,1,1133,595,1145,606
109,1,1132,596,1144,607
110,1,1131,597,1142,607
111,1,1130,597,1141,607
112,1,1129,597,1141,608
113,1,1129,598,1141,608
114,1,1128,598,1139,608
115,1,1129,598,1141,609
116,1,1129,597,1141,608
117,1,1130,596,1141,606
118,1,1132,595,1144,605
119,1,1133,593,1145,604
120,1,1135,593,1147,604
121,1,1137,593,1149,604
122,1,1139,592,1151,603
123,1,1142,591,1154,602
124,1,1144,589,1155,599
125,1,1147,587,1159,598
126,1,1150,587,1161,597
127,1,1152,587,1163,597
128,1,1155,587,1166,597
129,1,1158,587,1170,597
130,1,1159,588,1171,599
131,1,1162,590,1174,601
132,1,1163,593,1175,603
133,1,1164,595,1175,605
134,1,1165,597,1176,607
135,1,1166,597,1178,608
136,1,1166,597,1177,607
137,1,1167,597,1178,607
138,1,1168,597,1179,607
139,1,1168,597,1179,607
140,1,1168,598,1180,609
141,1,1167,597,1179,608
142,1,1167,597,1179,608
143,1,1167,597,1179,608
144,1,1168,599,1180,610
145,1,1169,601,1181,612
146,1,1170,601,1182,612
147,1,1172,599,1184,610
148,1,1173,597,1185,608
149,1,1176,596,1188,607
150,1,1178,594,1190,605
151,1,1180,593,1192,604
152,1,1183,593,1195,604
153,1,1186,593,1198,604
154,1,1188,591,1200,602
155,1,1191,590,1203,601
156,1,1193,588,1205,599
157,1,1196,588,1208,599
158,1,1199,588,1211,599
159,1,1201,588,1213,599
160,1,1204,589,1216,600
161,1,1206,590,1218,601
162,1,1208,591,1221,603
163,1,1211,592,1224,604
164,1,1213,593,1226,605
165,1,1215,595,1228,607
166,1,1217,596,1230,607
167,1,1219,598,1232,609
168,1,1220,601,1233,613
169,1,1222,603,1235,615
170,1,1226,605,1236,615
171,1,1228,607,1238,617
172,1,1230,608,1240,618
173,1,1232,608,1242,618
174,1,1234,608,1244,618
175,1,1237,609,1247,619
176,1,1239,608,1249,618
177,1,1241,608,1251,618
178,1,1244,608,1254,618
179,1,1246,609,1256,619
180,1,1249,608,1259,618
181,1,1251,608,1261,618
182,1,1253,607,1264,618
183,1,1255,606,1266,617
184,1,1257,606,1267,616
185,1,1259,607,1270,618
186,1,1261,607,1272,618
187,1,1263,608,1274,619
188,1,1265,609,1276,620
189,1,1267,609,1279,622
190,1,1269,609,1282,622
384,1,1270,351,1280,364
385,1,1267,350,1277,363
386,1,1264,350,1274,363
387,1,1261,349,1271,362
388,1,1258,349,1268,362
389,1,1255,348,1265,361
390,1,1253,348,1263,361
391,1,1250,348,1260,361
392,1,1246,348,1256,358
393,1,1243,349,1253,359
394,1,1240,350,1250,360
395,1,1237,350,1247,360
396,1,1234,350,1244,360
397,1,1231,350,1241,360
398,1,1228,350,1238,360
399,1,1224,349,1234,359
400,1,1221,347,1232,358
401,1,1217,347,1228,358
402,1,1213,346,1224,357
403,1,1209,346,1219,356
404,1,1204,345,1216,356
405,1,1199,344,1211,355
406,1,1194,344,1206,355
407,1,1190,343,1202,354
408,1,1183,342,1195,353
409,1,1178,340,1190,351
410,1,1172,339,1184,350
411,1,1166,338,1178,349
412,1,1160,336,1172,347
413,1,1154,336,1166,347
414,1,1148,334,1160,345
415,1,1142,334,1153,344
416,1,1135,334,1147,345
417,1,1129,336,1141,347
418,1,1123,336,1135,347
419,1,1116,338,1127,349
420,1,1110,340,1121,350
421,1,1104,341,1115,351
422,1,1097,342,1108,352
423,1,1091,344,1103,355
424,1,1084,346,1096,357
425,1,1078,350,1089,360
426,1,1072,354,1084,365
427,1,1066,358,1079,370
428,1,1061,363,1073,374
429,1,1055,367,1067,378
430,1,1050,372,1062,383
431,1,1044,376,1056,387
432,1,1039,380,1051,391
433,1,1033,384,1045,395
434,1,1028,388,1040,399
435,3,1023,392,1035,403,1269,694,1279,707,510,11,521,22
436,3,1018,396,1030,407,1266,694,1276,707,504,20,515,30
437,3,1013,398,1025,409,1263,694,1273,707,497,24,508,34
438,3,1008,402,1020,413,1259,696,1269,709,492,31,502,41
439,3,1003,406,1015,417,1256,698,1266,711,487,38,497,48
440,3,998,412,1010,423,1253,701,1263,714,482,45,492,55
441,3,994,418,1006,429,1251,705,1261,718,477,51,487,63
442,3,990,424,1002,435,1248,709,1258,722,474,59,485,71
443,3,986,430,998,441,1245,713,1255,726,471,67,481,78
444,3,981,436,993,447,1241,716,1251,729,465,75,475,87
445,3,976,441,988,452,1238,718,1248,731,459,82,471,92
446,3,971,446,983,457,1234,721,1244,734,454,89,466,99
447,3,965,451,977,462,1229,724,1239,737,447,94,457,104
448,3,959,457,971,468,1224,728,1234,741,443,101,453,111
449,3,953,462,965,473,1219,732,1229,745,438,107,448,119
450,3,946,468,958,479,1213,735,1223,748,431,114,441,124
451,3,940,474,951,484,1207,738,1217,751,424,120,434,130
452,3,932,480,943,490,1200,742,1210,755,417,127,427,137
453,3,924,486,935,496,1194,747,1204,760,411,133,422,143
454,3,917,492,928,502,1187,751,1197,764,401,138,412,149
455,3,909,498,920,508,1181,755,1191,768,395,145,405,157
456,3,901,504,912,514,1174,758,1184,771,386,153,397,163
457,3,893,509,904,519,1168,760,1178,773,377,159,387,170
458,3,885,514,896,524,1162,763,1172,776,371,165,381,175
459,3,878,520,889,530,1156,766,1166,779,363,171,373,181
460,3,1150,769,1163,782,872,524,884,539,354,178,364,189
461,3,1144,774,1157,787,865,530,877,545,346,185,358,195
462,3,1137,780,1150,793,857,538,869,553,340,192,350,202
463,3,1130,789,1143,802,850,547,862,562,334,198,344,208
464,3,1121,800,1134,813,842,557,854,572,328,203,339,214
465,3,1112,812,1125,825,834,568,846,583,324,208,335,219
466,3,1102,822,1115,835,826,577,838,592,320,211,331,222
467,3,1093,831,1106,844,818,587,828,599,316,213,327,224
468,3,1083,839,1096,852,810,594,820,606,311,215,322,226
469,3,1075,845,1088,858,802,598,812,610,307,214,318,225
470,3,1067,849,1080,862,795,602,805,614,302,215,313,226
471,3,1061,853,1073,865,788,606,798,618,296,216,307,227
472,3,1055,855,1067,867,782,609,792,621,290,217,301,228
473,3,1051,857,1063,869,777,612,787,624,284,221,295,232
474,3,1048,860,1060,872,772,616,782,628,277,224,288,235
475,3,1046,862,1058,874,768,620,778,632,272,229,283,240
476,3,1044,864,1056,876,764,624,774,636,266,233,277,244
477,3,1042,866,1054,878,761,628,771,640,261,238,272,249
478,3,1041,869,1053,881,758,632,768,644,255,244,266,255
479,3,1041,871,1053,883,755,636,765,648,250,249,261,260
480,3,1040,873,1052,885,752,640,762,652,246,255,257,266
481,3,1039,875,1051,887,750,644,760,656,241,260,252,271
482,3,1038,876,1051,889,748,648,758,660,236,265,247,276
483,3,1038,877,1050,889,745,651,755,663,231,270,242,281
484,3,1037,879,1050,892,743,654,753,666,227,275,238,286
485,3,1035,881,1048,894,739,658,749,670,223,279,234,290
486,3,1033,883,1046,896,737,660,747,672,218,283,229,294
487,3,1031,886,1044,899,733,664,743,676,214,286,225,297
488,3,1027,889,1040,902,729,668,739,680,209,289,221,301
489,3,1024,893,1037,906,725,672,735,684,205,292,217,304
490,3,1020,895,1033,908,721,676,731,688,199,294,211,306
491,3,1016,899,1029,912,715,681,725,693,194,297,205,308
492,3,1011,903,1023,915,710,686,720,698,188,301,200,313
493,3,1007,907,1020,920,704,690,714,702,181,305,192,316
494,3,1001,910,1014,923,697,695,707,707,174,308,186,320
495,3,995,913,1008,926,691,699,701,711,167,310,178,321
496,3,989,917,1002,930,683,703,693,715,160,312,171,323
497,3,982,919,995,932,676,706,686,718,152,314,163,325
498,3,976,921,989,934,668,709,678,721,143,315,155,327
499,3,969,923,982,936,660,713,670,725,135,317,146,328
500,3,962,927,975,940,652,717,662,729,126,319,137,330
501,3,956,931,969,944,644,723,654,735,117,322,128,333
502,3,951,936,964,949,637,730,647,742,108,327,119,338
503,3,946,941,959,954,629,737,639,749,98,332,110,344
504,3,941,947,953,958,621,744,631,755,88,337,103,350
505,2,614,752,624,763,78,342,91,356
506,2,606,760,616,771,69,348,82,362
507,2,598,766,608,777,62,355,72,367
508,2,591,774,601,785,52,361,62,373
509,2,584,782,594,793,43,366,53,378
510,2,577,790,587,801,33,373,43,385
511,2,571,799,581,810,24,380,34,392
512,2,571,799,581,810,15,387,25,399
513,2,571,799,581,810,6,394,16,406
514,1,551,826,561,838
515,1,545,835,555,847
516,1,539,845,549,857
517,1,533,855,543,867
518,1,528,865,538,877
519,1,523,875,533,887
520,1,517,885,527,897
521,1,512,894,522,907
522,1,507,904,517,916
523,1,502,914,512,926
524,1,496,923,506,935
525,1,490,932,500,944
526,1,484,940,494,952
527,1,479,947,489,958
1145,1,527,7,539,19
1146,1,522,15,534,27
1147,1,517,20,529,32
1148,1,513,28,524,38
1149,1,508,36,519,46
1150,1,504,45,515,55
1151,1,499,55,510,65
1152,1,494,65,505,75
1153,1,488,74,499,84
1154,1,482,83,493,93
1155,1,476,91,487,101
1156,1,471,97,482,107
1157,1,467,102,478,112
1158,1,464,106,475,116
1159,1,460,110,471,120
1160,1,455,115,466,125
1161,1,451,120,462,130
1162,1,445,125,456,135
1163,1,439,130,450,140
1164,1,433,136,444,146
1165,1,427,141,438,151
1166,1,420,147,431,157
1167,1,413,152,424,162
1168,1,407,157,418,167
1169,1,400,164,411,174
1170,1,392,173,403,183
1171,1,383,183,394,193
1172,1,374,192,385,202
1173,1,365,199,376,209
1174,1,357,206,368,216
1175,1,351,211,362,221
1176,1,344,218,355,228
1177,1,337,229,348,239
1178,1,331,239,342,249
1179,1,325,248,336,258
1180,1,320,256,331,266
1181,1,317,262,328,272
1182,1,314,267,325,277
1183,1,311,271,322,281
1184,1,309,276,320,286
1185,1,305,281,316,291
1186,1,302,286,313,296
1187,1,297,293,308,303
1188,1,291,297,302,307
1189,1,284,304,295,314
1190,1,276,310,287,320
1191,1,268,316,279,326
1192,1,261,320,272,330
1193,1,253,321,264,331
1194,1,245,319,256,329
1195,1,237,318,248,328
1196,1,230,317,241,327
1197,1,222,314,233,324
1198,1,215,311,226,321
1199,1,210,306,221,316
1200,1,205,302,216,312
1201,1,199,299,210,309
1202,1,192,298,203,308
1203,1,184,300,195,310
1204,1,174,304,185,314
1205,1,165,310,176,320
1206,1,156,317,167,327
1207,1,148,324,159,334
1208,1,140,331,151,341
1209,1,133,335,144,345
1210,1,127,338,138,348
1211,1,122,341,133,351
1212,1,119,346,130,356
1213,1,116,351,127,361
1214,1,112,354,123,364
1215,1,108,356,119,366
1216,1,105,355,116,365
1217,1,102,352,113,362
1218,1,99,348,110,358
1219,1,94,346,105,356
1220,1,88,346,99,356
1221,1,80,349,91,359
1222,1,72,354,83,364
1223,1,63,363,74,373
1224,1,54,374,65,384
1225,1,46,386,57,396
1226,1,36,397,47,407
1227,1,29,406,39,418
1228,1,20,415,30,427
1229,1,11,424,21,436
1298,1,882,60,892,70
1299,2,879,60,889,72,1080,486,1090,498
1300,2,876,60,886,72,1076,487,1086,499
1301,2,873,59,883,69,1068,489,1078,499
1302,2,869,58,879,68,1066,490,1076,500
1303,2,866,57,876,67,1061,490,1071,500
1304,2,862,56,872,66,1056,491,1066,501
1305,2,855,55,866,65,1051,492,1061,502
1306,2,851,55,862,65,1046,493,1056,503
1307,2,846,55,856,67,1041,495,1051,505
1308,2,840,57,850,67,1037,497,1047,507
1309,2,837,58,847,68,1032,499,1042,509
1310,2,831,61,841,71,1027,502,1037,512
1311,2,825,63,835,73,1022,506,1032,516
1312,2,1017,510,1027,520,821,66,832,76
1313,2,1012,514,1023,525,816,70,826,80
1314,2,1007,518,1017,528,810,73,820,83
1315,2,1003,523,1013,533,806,75,816,85
1316,2,999,528,1009,538,801,78,811,88
1317,2,993,532,1003,542,797,81,807,91
1318,2,988,537,998,547,792,84,802,94
1319,2,983,541,993,551,788,86,798,96
1320,2,978,545,988,555,783,89,793,99
1321,2,972,550,982,560,778,93,788,103
1322,2,970,550,980,560,774,95,785,106
1323,2,963,559,973,569,770,98,781,109
1324,2,957,565,968,576,765,102,776,113
1325,2,947,569,958,580,761,106,772,117
1326,2,947,575,957,585,757,110,768,121
1327,2,942,581,952,591,753,113,763,123
1328,2,937,587,947,597,749,118,759,128
1329,2,746,121,756,131,934,592,944,603
1330,2,742,125,752,135,929,598,939,609
1331,2,737,129,747,139,923,604,933,615
1332,2,731,131,742,145,920,609,930,624
1333,2,726,135,737,149,916,615,926,630
1334,2,721,140,731,150,911,619,921,634
1335,2,717,141,728,155,907,623,917,638
1336,2,713,146,723,159,903,628,913,641
1337,2,709,148,719,158,898,635,908,647
1338,2,705,153,715,164,894,639,904,653
1339,2,701,158,711,168,890,648,901,661
1340,2,698,164,708,175,886,658,896,669
1341,2,695,169,705,180,881,664,891,676
1342,2,692,174,702,185,876,673,887,684
1343,2,688,180,698,191,871,682,882,692
1344,2,685,186,696,198,866,690,877,701
1345,2,682,191,692,202,860,699,871,710
1346,2,678,196,688,208,854,707,866,718
1347,2,675,201,686,213,847,713,860,725
1348,2,671,204,682,216,841,720,854,732
1349,2,667,208,678,220,834,726,847,738
1350,2,663,211,674,223,826,732,839,744
1351,2,658,215,669,227,819,738,832,750
1352,2,654,218,664,228,812,745,825,757
1353,2,650,221,661,233,804,752,816,763
1354,2,646,224,657,236,797,758,810,770
1355,2,641,227,651,237,790,764,802,775
1356,2,636,231,646,241,783,771,796,783
1357,2,632,234,642,244,776,778,789,790
1358,2,628,237,638,247,769,783,782,795
1359,2,624,240,634,250,762,790,775,802
1360,2,621,242,631,252,756,796,768,807
1361,1,749,801,762,814
1362,1,743,807,756,820
1363,1,737,813,750,826
1364,1,732,820,745,833
1365,1,727,825,740,838
1366,1,723,830,736,843
1367,1,719,835,732,848
1368,1,715,839,728,852
1369,1,712,843,725,856
1370,1,708,847,721,860
1371,1,704,851,717,864
1372,1,700,854,713,867
1373,1,695,858,708,871
1374,1,689,862,702,875
1375,1,684,865,697,878
1376,1,678,869,691,882
1377,1,671,873,684,886
1378,1,664,877,677,890
1379,1,656,879,669,892
1380,1,650,881,663,894
1381,1,643,883,655,895
1382,1,636,883,649,896
1383,1,630,884,643,897
1384,1,624,885,637,898
1385,1,618,886,631,899
1386,1,612,889,624,901
1387,1,607,890,620,903
1388,1,601,893,614,906
1389,1,595,895,608,908
1390,1,591,898,604,911
1391,1,587,902,598,914
1392,1,583,905,594,916
1393,1,578,909,589,920
1394,1,576,911,586,922
1395,1,572,915,582,926
1396,1,567,917,579,928
1397,1,565,919,575,930
1398,1,561,921,572,932
1399,1,558,925,568,936
1400,1,554,927,564,938
1401,1,551,932,561,942
1402,1,547,935,560,946
1403,1,543,938,554,950
1404,1,539,943,549,954
1405,1,534,947,545,958
1406,1,529,948,543,962
1463,1,413,153,423,165
1464,1,413,149,423,161
1465,1,413,145,425,157
1466,1,414,144,424,154
1467,1,414,142,424,152
1468,1,413,140,423,150
1469,1,413,140,423,150
1470,1,411,137,421,147
1473,1,410,134,420,146
1495,1,432,33,442,49
1496,1,434,28,444,44
1497,1,436,24,446,40
1498,1,437,19,447,36
1499,1,439,15,449,32
1500,1,441,11,452,28
1501,1,446,0,456,19
1627,1,549,4,562,21
1628,1,542,8,552,21
1629,1,535,11,545,24
1630,1,530,16,540,29
1631,1,525,24,535,37
1632,1,522,30,532,43
1633,1,520,38,530,51
1634,1,518,44,528,57
1635,1,517,47,527,60
1636,1,516,49,526,62
1637,1,516,51,526,64
1638,1,516,54,526,67
1639,1,516,57,526,70
1640,1,516,61,526,74
1641,1,515,64,525,77
1642,1,513,67,523,80
1643,1,510,69,520,82
1644,1,508,69,518,82
1645,1,505,69,515,82
1646,1,502,68,512,81
1647,1,500,67,510,80
1648,1,496,67,506,80
1649,1,492,70,502,83
1650,1,486,72,496,85
1651,1,480,74,490,87
1652,1,476,76,486,89
1653,1,472,76,482,89
1654,1,469,78,479,91
1655,1,466,80,476,93
1656,1,464,82,474,95
1657,1,462,85,472,98
1658,1,460,86,470,99
1659,1,459,86,469,99
1660,1,459,85,469,98
1661,1,460,84,470,97
1662,1,462,83,472,96
1663,1,464,82,474,95
1664,1,466,82,476,95
1665,1,468,82,478,95
1666,1,471,82,481,95
1667,2,474,81,484,94,758,7,773,18
1668,2,477,79,487,92,761,9,777,20
1669,2,478,77,488,90,765,11,780,22
1670,2,480,73,490,86,767,12,783,23
1671,2,480,69,490,82,769,12,784,23
1672,2,481,65,491,78,772,12,787,23
1673,2,482,60,492,73,773,12,788,23
1674,2,481,57,491,70,773,12,788,23
1675,2,480,54,490,67,773,14,788,25
1676,2,480,53,490,66,773,16,788,27
1677,2,478,51,488,64,772,18,787,29
1678,2,477,51,487,64,770,20,785,31
1679,2,474,51,484,64,767,23,782,34
1680,2,471,52,481,65,764,25,779,36
1681,2,468,53,478,66,761,28,775,39
1682,2,464,54,474,67,757,30,771,41
1683,2,461,54,471,67,754,31,769,42
1684,2,457,55,467,68,750,33,764,44
1685,2,454,55,464,68,746,35,760,46
1686,2,450,56,460,70,742,36,757,48
1687,2,447,58,458,72,737,38,753,48
1688,2,444,60,455,74,733,40,749,50
1689,2,440,62,451,76,729,42,745,52
1690,2,438,64,449,78,725,44,741,54
1691,2,435,66,446,80,722,47,738,57
1692,2,433,69,444,83,719,50,735,60
1693,2,431,71,442,85,716,53,732,63
1694,2,430,73,441,87,714,56,730,66
1695,2,429,75,440,88,712,58,728,68
1696,2,428,76,439,90,710,61,726,71
1697,2,427,77,438,91,709,63,725,73
1698,2,427,77,438,91,708,65,724,75
1699,2,426,77,437,91,707,67,723,77
1700,2,426,77,437,91,705,69,721,79
1701,2,425,77,436,91,704,72,720,82
1702,2,425,77,436,91,703,73,719,83
1703,2,426,76,437,90,702,75,718,85
1704,2,426,76,437,90,702,77,718,87
1705,2,427,76,438,90,701,79,717,89
1706,2,427,75,438,89,701,82,717,92
1707,2,428,75,439,89,701,84,717,94
1708,2,429,74,440,88,701,86,717,96
1709,2,430,72,441,86,701,88,717,98
1710,2,432,71,443,85,701,90,717,100
1711,2,434,69,445,83,702,93,718,103
1712,2,436,69,447,84,702,95,718,105
1713,2,437,68,448,83,701,97,717,107
1714,2,437,67,448,81,700,98,716,108
1715,2,437,66,448,80,699,99,715,109
1716,2,437,65,448,79,697,100,713,110
1717,2,437,65,448,79,696,101,712,111
1718,2,437,64,448,78,695,101,711,111
1719,2,438,63,449,77,695,102,711,112
1720,2,439,63,450,77,694,104,710,114
1721,2,441,62,452,76,694,105,710,115
1722,2,443,62,454,76,695,107,711,117
1723,2,446,61,457,75,697,109,713,119
1724,2,449,60,460,74,698,111,714,121
1725,2,453,59,464,73,700,112,716,122
1726,2,456,58,467,72,701,113,717,123
1727,2,459,56,470,70,703,114,719,124
1728,2,462,54,473,69,705,113,721,123
1729,2,466,51,477,66,707,114,724,124
1730,1,470,50,480,61
1731,1,473,49,483,60
1732,1,477,48,487,59
1733,1,479,47,489,58
1734,1,481,47,491,58
1735,1,482,47,492,58
1736,1,484,47,494,58
1737,1,485,46,495,57
1738,1,486,45,496,56
1739,1,486,44,496,55
1740,1,486,44,496,55
1741,1,485,43,495,54
1742,1,483,42,493,53
1743,1,482,42,492,53
1744,1,481,42,491,53
1745,1,480,42,490,53
1746,1,480,43,490,54
1747,1,479,44,489,55
1748,1,479,46,489,57
1749,1,478,48,488,59
1750,1,478,49,488,60
1751,1,478,50,488,61
1752,1,478,52,488,63
1753,1,478,52,488,63
1754,1,478,54,488,65
1755,1,478,54,488,65
1756,1,480,53,490,64
1757,1,482,52,492,63
1758,1,485,52,495,63
1759,1,489,52,499,63
1760,1,493,53,503,64
1761,1,497,53,507,64
1762,1,499,54,509,65
1763,1,499,54,509,65
1764,1,500,54,510,65
1765,1,500,54,510,65
1766,1,500,54,510,65
1767,1,500,54,510,65
1768,1,500,54,510,65
1769,1,499,54,509,65
1770,1,498,55,508,66
1771,1,497,55,507,66
1772,1,495,56,505,67
1773,1,492,57,502,68
1774,1,489,58,499,69
1775,1,485,59,495,70
1776,1,482,60,492,71
1777,1,479,62,489,73
1778,1,476,62,486,73
1779,1,472,64,482,75
1780,1,467,66,477,77
1781,1,463,68,473,79
1782,1,458,70,468,81
1783,1,454,72,464,83
1784,1,448,74,458,85
1785,1,442,75,452,86
1786,1,437,77,447,88
1787,1,431,78,441,89
1788,2,426,79,436,90,765,81,778,91
1789,2,421,81,431,92,763,80,776,90
1790,2,415,83,425,94,761,78,775,88
1791,2,409,86,419,97,758,76,773,87
1792,2,403,89,413,100,756,76,771,87
1793,2,397,92,407,103,753,74,767,85
1794,2,389,94,399,105,750,72,764,83
1795,2,383,97,393,108,746,70,761,82
1796,2,375,99,385,110,743,67,753,79
1797,2,368,103,378,114,739,65,749,77
1798,2,361,107,371,118,735,63,745,75
1799,2,353,111,363,122,731,63,741,75
