0,1,680,650,690,660
1,1,672,645,682,655
2,1,666,641,676,651
3,1,660,637,670,647
4,1,655,635,665,645
5,1,649,630,659,640
6,1,645,626,655,636
7,1,643,623,653,633
8,1,641,621,651,631
9,1,640,620,650,630
10,1,640,619,650,629
11,1,640,619,651,630
12,1,642,620,653,631
13,1,644,620,655,631
14,1,648,621,659,632
15,1,654,621,664,631
16,1,660,622,670,632
17,1,667,622,677,632
18,1,674,621,684,631
19,1,680,620,690,630
20,1,687,620,697,630
21,1,694,622,704,632
22,1,700,626,710,636
23,1,706,631,716,641
24,1,712,636,722,646
25,1,717,643,727,653
26,1,722,646,732,656
27,1,728,649,738,659
28,1,735,651,745,661
29,1,743,653,753,663
30,1,752,651,762,661
31,1,761,648,771,658
32,1,770,645,780,655
33,1,780,643,790,653
34,1,790,642,800,652
35,1,799,641,809,651
36,1,808,641,818,651
37,1,813,638,823,648
38,1,815,636,825,646
39,1,816,635,826,645
40,1,815,636,825,646
41,1,815,636,825,646
42,1,814,636,824,646
43,1,812,636,822,646
44,1,811,635,821,645
45,1,811,636,821,646
46,1,810,637,820,647
47,1,810,637,820,647
48,1,811,638,821,648
49,1,813,640,823,650
50,1,815,644,825,654
51,1,818,649,828,659
52,1,822,653,832,663
53,1,827,655,837,665
54,1,833,654,843,664
55,1,837,651,847,661
56,1,839,650,849,660
57,1,838,648,848,658
58,1,835,643,845,653
59,1,829,631,839,641
60,1,822,612,833,624
61,1,815,596,826,608
62,1,810,586,821,598
63,1,804,581,815,593
64,1,798,579,809,591
65,1,792,580,803,592
66,1,786,585,797,597
67,1,780,590,791,602
68,1,774,595,785,607
69,1,768,599,779,611
70,1,764,605,774,615
71,1,759,609,769,619
72,1,756,611,766,621
73,1,754,611,764,621
74,1,752,609,762,619
75,2,750,603,761,615,562,761,577,771
76,2,749,600,760,612,560,760,575,770
77,2,750,598,761,610,561,760,576,770
78,2,751,596,762,608,563,762,578,772
79,2,753,598,764,610,564,766,579,776
80,2,755,602,766,614,569,771,580,781
81,2,758,606,769,618,565,776,580,786
82,2,761,608,772,620,565,777,580,787
83,2,764,607,775,619,564,774,580,785
84,2,766,605,777,617,563,771,578,781
85,2,769,603,780,615,561,768,576,778
86,2,771,601,782,613,557,764,572,774
87,2,772,598,783,610,553,758,567,768
88,2,773,597,784,609,550,756,563,766
89,2,775,599,786,611,547,757,560,767
90,2,776,602,787,614,545,759,558,769
91,2,777,604,788,616,543,761,556,771
92,2,778,603,789,615,541,760,554,770
93,2,780,602,790,612,540,757,553,767
94,2,781,597,791,607,538,751,551,761
95,2,782,593,792,603,536,747,549,757
96,2,784,590,794,600,534,743,547,753
97,2,786,588,796,598,532,740,545,750
98,2,789,589,799,599,532,740,545,750
99,2,793,593,803,603,534,745,547,755
100,2,797,599,807,609,538,755,552,765
101,2,802,603,812,613,544,763,558,773
102,2,806,606,816,616,549,769,563,779
103,2,811,610,821,620,553,774,567,784
104,2,815,614,825,624,556,779,570,789
105,2,819,618,829,628,558,783,572,793
106,2,822,620,832,630,557,783,571,793
107,2,824,619,834,629,554,779,568,789
108,2,824,615,834,625,549,772,563,782
109,2,824,613,834,623,543,768,557,778
110,2,823,611,833,621,538,764,552,774
111,2,822,607,832,617,534,760,548,770
112,2,821,601,831,611,532,755,546,765
113,2,822,596,832,606,530,750,544,760
114,2,823,591,833,601,529,746,543,756
115,2,825,587,835,597,530,742,544,752
116,2,828,586,838,596,530,741,545,751
117,2,832,590,842,600,530,743,544,753
118,2,835,596,845,606,530,747,544,757
119,2,839,603,849,613,529,751,542,761
120,2,842,612,853,623,529,757,542,767
121,2,846,620,856,630,530,764,543,774
122,2,850,626,860,636,532,769,545,779
123,2,855,629,865,639,534,772,547,782
124,2,860,631,871,642,538,773,551,783
125,2,866,629,876,639,544,772,557,782
126,2,873,626,883,636,550,769,563,779
127,2,880,622,890,632,557,765,570,775
128,2,887,617,898,628,562,758,575,768
129,2,894,605,905,616,567,742,580,752
130,2,902,597,912,607,573,730,586,740
131,2,912,596,922,606,581,726,594,736
132,2,923,601,933,611,591,728,604,738
133,2,935,609,945,619,602,734,615,744
134,2,948,623,958,633,612,747,625,757
135,2,961,638,971,648,625,761,638,771
136,2,974,649,984,659,638,771,651,781
137,2,987,655,997,665,651,777,664,787
138,2,1001,658,1011,668,664,780,677,790
139,2,1013,657,1023,667,676,778,689,788
140,2,1025,654,1035,664,687,775,700,785
141,2,1036,649,1046,659,697,767,710,777
142,2,1046,642,1056,652,704,756,717,766
143,2,1053,637,1063,647,706,742,719,752
144,2,1059,632,1069,642,706,726,719,736
145,2,1063,629,1073,639,706,712,719,722
146,2,1067,629,1077,639,706,705,719,715
147,2,1070,632,1080,642,707,705,720,715
148,2,1073,637,1083,647,707,709,720,719
149,2,1074,643,1084,653,707,717,720,727
150,2,1074,649,1084,659,705,726,718,736
151,2,1073,653,1083,663,703,734,716,744
152,2,1071,655,1081,665,699,741,712,751
153,2,1068,655,1078,665,694,745,707,755
154,2,1063,654,1073,664,688,747,701,757
155,2,1058,651,1069,662,681,747,694,757
156,2,1052,646,1062,656,674,745,687,755
157,2,1045,640,1056,651,666,744,679,754
158,2,1039,635,1050,646,659,743,672,753
159,2,1033,630,1044,641,652,743,665,753
160,2,1027,625,1038,636,645,744,658,754
161,2,1021,622,1032,633,638,746,651,756
162,2,1015,620,1026,631,632,749,645,759
163,2,1010,619,1020,629,627,754,640,764
164,2,1005,619,1016,630,621,759,634,769
165,2,1001,619,1012,630,616,764,629,774
166,2,998,619,1009,630,612,768,625,778
167,2,995,617,1006,628,609,770,622,780
168,2,993,615,1004,626,607,772,620,782
169,2,992,612,1003,623,606,774,619,784
170,2,992,609,1003,620,606,774,619,784
171,2,992,607,1003,618,606,775,619,785
172,2,993,605,1004,616,607,775,620,785
173,2,995,604,1006,615,608,776,621,786
174,2,998,604,1008,614,610,777,623,787
175,2,1001,605,1012,616,612,778,625,788
176,2,1004,606,1015,617,614,779,627,789
177,2,1008,608,1019,619,616,779,629,789
178,2,1012,609,1023,620,618,779,631,789
179,2,1016,610,1027,621,620,777,633,787
180,2,1021,611,1032,622,623,775,636,785
181,2,1026,611,1037,622,625,772,638,782
182,2,1031,611,1041,621,628,769,641,779
183,2,1036,611,1047,622,631,765,644,775
184,2,1041,610,1052,621,633,760,646,770
185,2,1046,608,1057,619,635,755,648,765
186,2,1051,607,1061,617,637,748,650,758
187,2,1055,605,1066,616,639,742,652,752
188,2,1059,603,1070,614,640,735,653,745
189,2,1063,602,1074,613,642,729,655,739
190,2,1067,602,1077,612,643,723,656,733
191,2,1070,601,1080,611,644,718,657,728
192,2,1073,599,1083,609,645,713,658,723
193,2,1076,597,1086,607,646,707,659,717
194,2,1078,595,1088,605,647,702,660,712
195,2,1080,594,1090,604,648,699,661,709
196,2,1082,593,1092,603,648,696,661,706
197,2,1084,593,1094,603,648,694,662,704
198,2,1084,594,1094,604,647,693,661,703
199,2,1085,597,1095,607,646,693,660,704
200,2,1085,600,1095,610,644,693,658,704
201,2,1085,603,1095,613,642,695,656,705
202,2,1085,607,1095,617,640,696,654,707
203,2,1085,610,1095,620,639,699,653,710
204,2,1085,612,1095,622,638,701,652,712
205,2,1086,612,1096,622,639,702,653,713
206,2,1087,611,1097,621,639,703,653,714
207,2,1088,611,1098,621,642,705,654,716
208,2,1089,611,1099,621,643,707,655,718
209,2,1090,611,1100,621,644,710,656,721
210,2,1091,611,1101,621,645,712,657,723
211,2,1093,613,1103,623,646,715,658,726
212,2,1094,615,1104,625,647,717,659,728
213,2,1095,617,1105,627,648,720,660,731
214,2,1096,620,1106,630,648,722,660,733
215,2,1097,623,1107,633,647,724,659,735
216,2,1097,626,1107,636,647,726,659,737
217,2,1097,628,1107,638,646,726,658,737
218,2,1097,629,1107,639,646,726,658,737
219,2,1097,630,1107,640,645,725,657,736
220,2,1097,630,1107,640,644,724,656,735
221,2,1096,631,1106,641,643,723,655,734
222,2,1095,632,1105,642,641,722,653,733
223,2,1094,634,1104,645,640,722,652,733
224,2,1094,635,1104,645,639,722,652,734
225,2,1093,637,1103,647,638,722,650,733
226,2,1091,639,1101,649,637,723,650,735
227,2,1092,639,1102,649,636,725,648,736
228,2,1092,641,1102,651,636,727,648,738
229,2,1089,646,1099,656,636,729,648,740
230,2,1089,649,1099,659,636,732,648,743
231,2,1089,652,1099,662,636,735,648,746
232,2,1089,656,1099,666,636,738,648,749
233,2,1089,660,1099,670,635,741,647,752
234,2,1089,665,1099,675,635,744,647,755
235,2,1089,669,1099,679,636,747,648,758
236,2,1089,673,1100,684,636,749,648,760
237,2,1088,676,1100,688,637,751,649,762
238,2,1088,677,1100,690,639,754,651,765
239,2,1089,677,1101,691,641,755,653,766
240,2,1090,678,1102,691,645,757,657,768
241,2,1091,678,1103,690,649,758,660,769
242,2,1095,676,1105,686,651,756,663,768
243,2,1097,673,1107,686,653,755,666,767
244,2,1098,670,1110,682,655,753,668,765
245,2,1097,672,1109,684,657,752,670,764
246,2,1097,674,1109,686,660,754,671,764
247,2,1098,676,1110,688,659,754,672,766
248,2,1098,679,1110,691,660,755,673,767
249,2,1098,682,1110,694,660,756,672,767
250,2,1091,692,1103,705,661,757,672,768
251,2,1091,694,1103,707,660,758,671,768
252,2,1087,700,1098,712,659,757,671,767
253,2,1086,701,1097,713,658,756,670,766
254,2,1085,700,1096,712,657,752,669,762
255,2,1083,699,1093,710,655,748,667,758
256,2,1076,699,1090,712,653,743,665,753
257,1,651,738,663,748
258,1,649,732,661,742
259,2,1064,697,1075,707,647,726,658,738
260,2,1059,694,1071,705,646,723,657,735
261,2,1056,696,1067,706,645,722,656,734
262,2,1053,698,1064,708,646,725,656,735
263,2,1049,702,1060,712,645,729,656,739
264,2,1048,705,1060,715,645,734,656,744
265,2,1045,712,1056,722,647,740,659,750
266,2,1043,717,1054,727,648,746,660,756
267,2,1040,720,1054,731,649,752,661,762
268,2,1039,725,1049,735,651,756,663,766
269,2,1036,727,1049,738,654,758,666,769
270,2,1034,728,1047,739,657,760,669,771
271,2,1032,729,1045,740,659,760,671,771
272,2,1033,728,1046,739,662,760,674,771
273,2,1029,730,1043,740,665,760,677,771
274,2,1024,732,1038,743,667,760,679,771
275,2,1023,732,1036,744,669,761,681,771
276,2,1021,737,1033,747,672,762,684,772
277,2,1019,741,1030,751,674,764,686,774
278,2,1017,744,1027,754,676,765,688,775
279,2,1014,748,1024,758,679,766,691,776
280,2,1010,751,1021,761,681,767,693,777
281,2,1008,755,1018,765,684,768,696,778
282,2,1003,758,1014,768,686,769,698,779
283,2,1000,761,1011,772,688,769,700,779
284,2,994,766,1007,776,689,770,701,780
285,2,991,770,1002,781,691,771,703,781
286,2,986,774,997,785,691,772,703,782
287,2,980,778,991,789,692,772,704,782
288,2,973,780,984,791,692,771,704,781
289,2,967,781,978,792,692,769,704,779
290,2,960,781,971,792,693,766,705,776
291,2,952,782,963,792,693,763,705,773
292,2,945,782,956,792,693,760,705,770
293,2,937,781,948,791,693,757,705,767
294,2,930,781,941,791,693,754,705,764
295,2,922,782,933,792,693,752,705,762
296,2,914,782,925,794,692,750,704,760
297,2,906,783,917,795,692,748,704,758
298,2,897,783,908,795,691,747,703,757
299,2,888,785,898,796,691,746,703,756
300,2,880,785,891,797,691,745,703,755
301,2,869,786,881,800,691,744,703,754
302,2,860,788,872,802,691,744,703,754
303,2,851,791,863,805,691,745,703,755
304,2,842,793,853,807,691,745,703,755
305,2,833,796,845,809,691,745,702,756
306,2,824,798,836,811,692,745,703,757
307,2,815,801,828,814,693,746,704,757
308,2,806,806,819,818,695,749,705,759
309,2,798,808,810,820,696,751,707,761
310,2,791,810,802,822,698,752,709,763
311,2,780,813,795,825,699,753,710,763
312,2,770,814,785,825,701,753,712,763
313,2,762,814,778,828,704,753,714,763
314,2,753,815,766,827,705,752,715,762
315,2,743,816,756,827,705,752,717,762
316,2,734,816,748,828,707,752,718,762
317,2,725,817,739,829,708,751,719,761
318,2,718,818,730,828,711,751,722,761
319,2,709,818,720,828,713,750,724,760
320,1,716,749,726,759
321,1,719,748,730,758
322,1,722,748,733,758
323,2,726,747,736,757,680,819,691,830
324,2,728,746,739,757,671,820,683,830
325,2,731,746,742,756,662,819,675,829
326,2,733,745,744,755,655,818,665,828
327,2,736,744,746,754,646,817,656,828
328,2,738,742,748,752,637,816,647,826
329,2,740,741,750,751,629,816,640,826
330,2,742,740,752,750,622,816,632,826
331,2,744,740,754,750,612,815,624,825
332,2,746,738,756,748,605,813,616,824
333,1,747,737,757,747
334,1,748,736,758,746
335,1,749,735,759,745
336,1,749,735,759,745
337,1,749,736,759,746
338,1,750,737,760,747
339,1,751,738,761,748
340,1,752,740,762,750
341,1,753,741,763,751
342,1,754,742,764,752
343,1,754,744,764,754
344,2,755,746,765,756,494,827,514,841
345,2,757,749,767,759,487,832,506,845
346,2,758,753,768,763,479,838,499,850
347,2,759,758,769,768,470,841,491,855
348,2,761,761,771,771,463,846,483,859
349,2,762,764,774,774,454,848,472,860
350,2,763,767,775,777,448,852,467,863
351,2,765,769,777,779,438,854,458,865
352,2,767,771,779,781,430,855,453,867
353,2,768,772,780,782,424,857,446,870
354,2,770,773,782,783,417,857,440,870
355,2,772,774,784,784,410,857,434,871
356,2,775,775,787,785,409,860,432,874
357,2,777,775,789,785,400,859,424,873
358,2,781,776,791,786,396,859,416,873
359,2,784,776,794,786,393,860,414,874
360,2,788,775,798,785,390,860,411,874
361,2,791,774,801,784,387,859,408,873
362,2,794,774,804,784,383,858,404,872
363,2,796,773,806,783,378,857,399,871
364,2,798,773,808,783,373,856,394,870
365,2,799,775,809,785,366,856,388,871
366,2,801,777,811,787,361,858,383,873
367,2,802,779,812,789,355,860,377,875
368,2,802,780,812,790,348,859,370,874
369,2,802,778,812,788,339,856,362,871
370,2,800,775,810,785,330,851,353,866
371,2,797,771,807,781,321,845,343,860
372,2,795,768,805,778,310,838,332,853
373,2,792,764,802,774,301,833,322,847
374,2,789,762,799,772,290,829,311,843
375,2,786,761,796,771,280,826,301,840
376,2,784,761,794,771,270,824,291,838
377,2,782,763,792,773,261,824,283,839
378,2,781,767,791,777,251,826,274,842
379,2,781,771,791,781,244,830,267,845
380,2,782,776,792,786,233,833,260,847
381,2,784,780,794,790,229,837,256,851
382,2,786,783,796,793,226,842,253,856
383,2,789,785,799,795,224,846,251,860
384,2,792,787,802,797,223,849,250,863
385,2,795,788,805,798,222,852,249,866
386,2,799,789,809,799,222,854,249,868
387,2,803,790,813,800,222,856,249,870
388,2,807,790,817,800,223,857,250,871
389,2,810,790,820,800,223,857,251,871
390,2,814,790,824,800,223,857,250,871
391,2,817,790,827,800,222,856,249,870
392,2,819,789,829,799,220,854,248,868
393,2,821,786,831,796,218,850,246,865
394,2,823,784,833,794,217,846,243,860
395,2,825,781,835,791,215,842,241,856
396,2,827,778,837,788,213,839,239,853
397,2,829,776,839,786,211,836,238,850
398,2,830,774,840,784,209,833,235,846
399,2,832,773,842,783,206,832,232,846
400,2,832,772,842,782,203,830,229,843
401,2,833,772,843,782,199,829,225,842
402,2,833,772,843,782,194,828,222,842
403,2,833,773,843,783,188,827,214,840
404,2,832,774,842,784,181,826,209,840
405,2,831,774,841,784,174,825,201,837
406,2,829,773,839,783,166,822,193,834
407,2,827,772,837,782,159,819,186,831
408,2,825,771,835,781,150,816,176,828
409,2,823,771,833,781,142,813,169,825
410,2,822,772,832,782,135,811,161,823
411,2,821,772,831,782,129,811,156,823
412,2,823,773,833,783,125,812,151,824
413,2,824,775,834,785,120,815,147,827
414,2,824,778,834,788,115,817,142,829
415,2,824,784,834,794,107,821,134,833
416,2,824,790,834,800,100,824,127,836
417,2,824,796,834,806,94,826,121,838
418,2,825,802,835,812,89,829,116,841
419,2,827,804,837,814,87,830,114,842
420,2,830,806,840,816,87,831,114,843
421,2,834,806,844,816,89,833,116,845
422,2,838,805,848,815,92,834,118,846
423,2,843,805,853,815,96,835,122,847
424,2,847,804,857,814,99,834,125,846
425,2,849,803,861,813,102,833,128,845
426,2,852,804,864,814,103,831,129,843
427,2,855,805,867,815,103,828,128,839
428,2,858,807,870,817,102,825,128,836
429,2,860,808,872,818,102,823,128,834
430,2,863,809,875,819,100,819,127,831
431,2,864,811,876,821,100,816,125,827
432,2,866,811,878,821,98,812,123,823
433,2,866,812,878,822,96,806,121,817
434,2,867,811,879,821,94,801,119,812
435,2,869,810,881,820,90,796,118,808
436,2,871,808,884,818,94,794,119,805
437,2,874,807,887,817,95,793,120,804
438,2,878,806,891,816,97,793,122,804
439,2,882,805,895,816,99,792,124,803
440,2,886,803,899,814,101,792,126,803
441,2,890,802,903,813,105,792,130,803
442,2,894,801,907,811,108,791,133,802
443,2,897,802,910,813,109,790,133,801
444,2,900,804,913,815,109,789,133,800
445,2,903,807,916,818,110,788,134,799
446,2,906,809,919,820,110,787,134,798
447,2,909,811,922,822,111,786,135,797
448,2,912,812,925,823,112,785,136,796
449,2,915,815,928,826,113,783,137,793
450,2,919,817,932,828,116,782,139,792
451,2,922,817,935,828,117,780,140,790
452,2,924,818,937,829,117,774,140,784
453,2,926,818,939,829,117,767,140,777
454,2,927,818,940,829,116,759,139,769
455,2,929,820,941,830,116,752,139,762
456,2,932,820,944,830,118,747,141,757
457,2,936,821,948,831,121,744,143,754
458,2,941,822,953,832,124,743,147,753
459,2,946,824,958,834,129,744,151,754
460,2,952,827,964,837,134,745,156,755
461,2,958,830,970,840,140,746,162,756
462,2,965,832,977,842,145,747,168,757
463,2,970,834,982,844,151,747,173,757
464,2,976,835,988,845,157,746,179,756
465,2,983,835,995,845,163,744,186,754
466,2,989,834,1002,844,169,743,193,754
467,2,996,832,1008,842,176,741,200,752
468,2,1003,831,1016,842,184,739,207,749
469,2,1010,831,1023,842,191,738,214,748
470,2,1016,834,1029,844,198,739,220,749
471,2,1022,837,1035,848,202,738,225,748
472,2,1027,839,1040,850,205,737,228,747
473,2,1030,843,1043,854,208,734,231,744
474,2,1033,846,1046,857,209,730,232,740
475,2,1034,849,1047,860,209,726,232,736
476,2,1035,853,1048,864,208,719,230,729
477,2,1034,856,1047,867,205,711,229,723
478,2,1032,859,1045,870,202,703,226,715
479,2,1030,861,1043,872,198,694,222,706
480,2,1028,863,1041,874,195,685,218,697
481,2,1026,862,1039,873,191,677,215,689
482,2,1025,863,1036,875,187,668,210,679
483,2,1023,863,1034,875,183,661,206,672
484,1,1022,865,1033,877
485,1,1021,867,1032,879
486,1,1021,870,1032,883
487,1,1022,875,1033,888
488,1,1024,879,1035,892
489,1,1026,884,1037,897
490,1,1030,890,1041,903
491,1,1035,896,1046,909
492,2,1043,903,1053,915,169,665,187,679
493,2,1052,906,1062,918,173,671,192,686
494,2,1061,906,1071,918,181,673,200,688
495,2,1070,904,1080,916,191,673,209,687
496,2,1080,902,1090,914,202,671,220,685
497,2,1089,901,1099,913,213,668,231,682
498,2,1098,902,1108,914,224,665,242,679
499,2,1107,905,1117,917,236,662,254,676
500,2,1116,911,1126,923,248,659,266,673
501,2,1126,918,1136,930,259,657,277,671
502,2,1135,924,1145,936,271,656,288,670
503,2,1145,931,1155,943,283,655,300,668
504,2,1155,936,1165,948,296,655,313,668
505,2,1167,942,1177,955,308,656,325,670
506,2,1178,948,1188,961,320,658,337,672
507,2,1188,953,1198,966,331,659,348,673
508,2,1197,958,1208,971,341,657,358,671
509,2,1205,963,1216,976,350,654,367,668
510,2,1213,969,1223,982,360,652,377,666
511,2,1220,976,1231,989,368,649,385,663
512,2,1227,982,1238,995,376,647,393,661
513,2,1234,989,1245,1002,383,646,400,660
514,2,1242,995,1253,1008,390,647,407,661
515,2,1250,1002,1261,1015,396,648,412,661
516,2,1258,1009,1269,1022,402,649,419,663
517,2,1266,1016,1277,1029,407,652,424,666
518,2,1273,1023,1284,1036,412,654,429,668
519,2,1280,1030,1291,1043,417,656,434,670
520,2,1288,1035,1299,1048,422,657,439,671
521,2,1296,1042,1307,1055,426,659,443,673
522,2,1304,1050,1315,1063,432,662,449,676
523,2,1314,1057,1325,1070,437,666,453,679
524,2,444,670,459,685,1323,1064,1336,1078
525,2,449,674,466,688,1334,1071,1346,1084
526,1,455,677,472,692
527,1,462,680,479,695
528,1,470,682,487,697
529,1,479,686,496,701
530,1,489,690,506,705
531,1,499,694,516,709
532,1,510,697,527,712
533,1,521,699,538,714
534,1,532,701,548,716
535,1,543,702,559,717
536,1,553,702,570,717
537,1,564,704,581,719
538,1,576,706,592,721
539,1,586,708,602,722
540,1,596,711,612,725
541,1,607,714,624,729
542,1,618,718,635,733
543,1,629,722,646,737
544,1,639,728,656,743
545,1,648,733,665,748
546,1,657,737,674,752
547,1,665,740,682,755
548,1,672,743,689,758
549,1,680,744,696,758
550,1,686,743,702,757
551,1,691,740,708,755
552,1,696,739,712,753
553,1,700,738,716,752
554,1,705,738,722,753
555,1,710,738,727,753
556,1,715,740,732,755
557,1,719,743,736,758
558,1,723,745,740,760
559,1,727,747,744,762
560,1,730,749,747,764
561,1,734,750,752,766
562,1,739,754,757,770
563,1,744,759,762,775
564,1,752,765,768,779
565,1,758,770,775,785
566,1,766,776,784,792
567,1,775,782,789,796
568,1,784,785,798,799
569,1,794,787,810,800
570,1,803,787,819,800
571,1,814,788,830,801
572,1,824,787,840,800
573,1,834,788,850,801
574,1,844,790,860,803
575,1,853,792,868,805
576,1,861,793,877,806
577,1,869,797,884,808
578,1,877,798,892,809
579,1,885,798,900,809
580,1,892,800,907,811
581,1,900,803,915,814
582,1,908,805,923,816
583,1,916,806,931,817
584,1,924,807,939,818
585,1,932,808,947,819
586,1,941,808,956,819
587,1,949,807,964,818
588,1,957,805,972,816
589,1,966,804,981,815
590,1,974,803,989,814
591,1,983,802,998,813
592,1,991,801,1006,812
593,1,999,800,1014,811
594,1,1007,799,1022,810
595,1,1014,799,1029,810
596,1,1022,800,1037,811
597,1,1029,801,1044,812
598,1,1037,801,1052,812
599,1,1044,800,1059,811
600,1,1049,799,1064,810
601,1,1054,798,1069,809
602,1,1058,797,1072,808
603,1,1062,796,1076,807
604,1,1064,794,1079,805
605,1,1066,795,1080,806
606,1,1067,795,1082,806
607,1,1067,795,1082,806
608,1,1065,794,1083,805
609,1,1065,792,1083,803
610,1,1065,791,1084,802
611,1,1065,790,1084,801
612,1,1064,790,1083,801
613,1,1062,792,1081,803
614,1,1059,796,1078,807
615,1,1056,798,1076,809
616,1,1052,801,1072,812
617,1,1048,805,1068,816
618,1,1044,808,1064,819
619,1,1039,810,1059,821
620,1,1034,810,1054,821
621,1,1030,809,1050,820
622,1,1026,810,1046,821
623,1,1023,811,1043,821
624,1,1023,812,1043,822
625,1,1024,814,1044,824
626,1,1026,816,1046,826
627,1,1028,818,1048,828
628,1,1030,820,1050,830
629,1,1033,823,1053,833
630,1,1036,827,1056,837
631,1,1038,829,1059,839
632,1,1039,831,1060,841
633,1,1039,835,1060,845
634,1,1039,839,1060,849
635,1,1038,844,1058,854
636,1,1038,846,1059,856
637,1,1040,847,1061,857
638,1,1043,847,1063,857
639,1,1046,844,1067,854
640,1,1050,841,1071,851
641,1,1054,838,1075,848
642,1,1059,835,1080,845
643,1,1063,831,1084,841
644,1,1068,829,1089,839
645,1,1073,828,1094,838
646,1,1076,828,1097,839
647,1,1079,830,1101,841
648,1,1082,834,1102,844
649,1,1085,838,1105,848
650,1,1088,839,1108,849
651,1,1092,838,1112,848
652,1,1097,835,1117,845
653,1,1103,830,1123,840
654,1,1108,826,1129,836
655,1,1114,823,1134,833
656,1,1121,817,1141,827
657,1,1129,812,1149,822
658,1,1134,809,1154,819
659,1,1139,809,1160,819
660,1,1143,811,1164,822
661,1,1145,814,1167,825
662,1,1146,820,1167,831
663,1,1145,827,1166,838
664,1,1143,834,1164,845
665,1,1140,839,1161,850
666,1,1136,843,1157,854
667,1,1132,844,1153,854
668,1,1128,844,1149,855
669,1,1125,844,1146,855
670,1,1123,843,1144,854
671,1,1123,841,1144,852
672,1,1124,839,1145,850
673,1,1128,835,1150,846
674,1,1133,833,1154,844
675,1,1140,830,1161,841
676,1,1147,828,1169,839
677,1,1156,825,1178,836
678,1,1165,824,1187,835
679,1,1174,822,1196,833
680,1,1184,820,1206,831
681,1,1195,817,1217,828
682,1,1206,812,1229,823
683,1,1216,808,1242,820
684,1,1225,805,1251,817
685,1,1233,803,1259,815
686,1,1239,801,1265,813
687,1,1243,798,1269,810
688,1,1246,796,1272,808
689,1,1248,794,1274,806
690,1,1249,793,1275,805
691,1,1249,795,1275,807
692,1,1249,798,1275,810
693,1,1248,802,1273,814
694,1,1245,805,1271,817
695,1,1242,808,1267,820
696,1,1240,809,1265,821
697,1,1239,806,1264,818
698,1,1239,802,1264,814
699,1,1239,797,1264,809
700,1,1240,791,1265,803
701,1,1242,785,1266,797
702,1,1244,779,1269,791
703,1,1247,774,1272,786
704,1,1249,769,1274,781
705,1,1252,765,1277,777
706,1,1256,763,1281,775
707,1,1260,762,1285,774
708,1,1264,762,1289,774
709,1,1268,763,1293,775
710,1,1273,763,1299,775
711,1,1278,763,1303,775
712,1,1284,764,1309,776
713,1,1288,764,1314,774
714,1,1292,765,1318,775
715,1,1295,767,1321,777
716,1,1298,769,1324,779
717,1,1299,772,1325,782
718,1,1299,773,1325,783
719,1,1298,773,1324,783
720,1,1296,774,1322,784
721,1,1294,773,1320,783
722,1,1290,772,1316,782
723,1,1287,771,1313,781
724,1,1284,770,1310,780
725,1,1280,771,1306,781
726,1,1278,772,1304,782
727,1,1276,774,1302,784
728,1,1274,775,1300,785
729,1,1272,776,1298,786
730,1,1270,776,1296,786
731,1,1269,775,1295,785
732,1,1268,774,1294,784
733,1,1268,772,1294,782
734,1,1269,769,1295,779
735,1,1270,763,1297,773
736,1,1272,757,1299,768
737,1,1276,752,1302,762
738,1,1280,747,1307,757
739,1,1285,745,1313,756
740,1,1294,744,1318,754
741,1,1300,742,1325,754
742,1,1308,740,1333,752
743,1,1316,737,1341,749
744,1,1326,735,1351,747
745,1,1336,734,1362,746
746,1,1347,732,1372,744
747,1,1358,731,1384,743
748,1,1371,729,1397,741
749,1,1382,729,1408,741
750,1,1392,734,1418,747
751,1,1400,740,1426,752
752,1,1404,744,1431,757
753,1,1409,746,1436,759
754,1,1413,747,1440,760
755,1,1416,750,1443,763
756,1,1417,753,1444,766
757,1,1417,756,1444,769
758,1,1416,759,1442,772
759,1,1416,760,1443,773
760,1,1418,759,1443,771
761,1,1418,757,1444,770
762,1,1419,756,1445,769
763,1,1420,755,1446,768
764,1,1421,752,1448,765
765,1,1423,750,1450,763
766,1,1425,749,1450,761
767,1,1426,747,1451,759
768,1,1426,746,1453,759
769,1,1429,745,1455,758
770,1,1431,743,1457,756
771,1,1436,740,1462,752
772,1,1441,735,1467,747
773,1,1448,730,1474,742
774,1,1454,726,1480,739
775,1,1461,724,1488,737
776,1,1467,726,1494,739
777,1,1472,731,1500,744
778,1,1476,738,1504,751
779,1,1480,743,1506,756
780,1,1483,748,1510,761
781,1,1485,751,1512,764
782,1,1486,753,1513,766
783,1,1489,754,1516,767
784,1,1490,754,1518,768
785,1,1493,756,1520,769
786,1,1496,757,1523,770
787,1,1499,757,1524,769
788,1,1501,756,1527,768
789,1,1504,754,1529,766
790,1,1508,751,1533,763
791,1,1511,749,1536,761
792,1,1515,746,1540,758
793,1,1519,743,1544,755
794,1,1522,742,1547,754
795,1,1525,741,1551,754
796,1,1529,741,1554,753
797,1,1533,739,1558,751
798,1,1537,736,1562,748
799,1,1540,733,1565,745
800,1,1543,730,1568,742
801,1,1546,728,1571,740
802,1,1548,726,1573,738
803,1,1549,726,1574,738
804,1,1550,727,1575,739
805,1,1549,728,1576,741
806,1,1550,729,1576,742
807,1,1550,729,1577,742
808,1,1553,731,1577,743
809,1,1554,732,1579,744
810,1,1553,733,1580,746
811,1,1555,734,1582,747
812,1,1561,736,1586,748
813,1,1565,736,1588,747
814,1,1567,736,1590,747
815,1,1572,735,1595,746
816,1,1577,732,1600,743
817,1,1583,727,1606,738
818,1,1589,720,1613,731
819,1,1597,711,1621,722
820,1,1605,701,1629,712
821,1,1615,693,1637,704
822,1,1622,685,1646,696
823,1,1631,681,1654,692
824,1,1639,680,1663,691
825,1,1647,682,1672,694
826,1,1654,687,1679,699
827,1,1659,698,1684,710
828,1,1664,712,1689,728
829,1,1666,728,1691,744
830,1,1669,739,1693,755
831,1,1673,746,1697,761
832,1,1679,750,1704,766
833,1,1687,751,1711,767
834,1,1696,750,1721,766
835,1,1704,751,1728,766
836,1,1711,753,1735,768
837,1,1718,751,1743,767
838,1,1726,747,1751,763
839,1,1733,740,1758,756
840,1,1742,735,1767,751
841,1,1750,729,1774,745
842,1,1759,717,1783,733
843,1,1768,707,1793,723
844,1,1775,699,1800,715
845,1,1780,692,1805,708
846,1,1781,687,1807,703
847,1,1781,683,1807,699
848,1,1780,678,1805,694
849,1,1778,672,1803,688
850,1,1776,665,1802,681
851,1,1776,658,1801,674
852,1,1775,651,1799,667
853,1,1773,645,1798,661
854,1,1772,638,1797,654
855,1,1771,630,1796,646
856,1,1769,620,1794,636
857,1,1769,610,1793,625
858,1,1770,599,1795,615
859,1,1773,592,1798,608
860,1,1777,589,1802,605
861,1,1783,591,1808,607
862,1,1788,598,1813,614
863,1,1793,608,1818,624
864,1,1799,617,1824,633
865,1,1803,625,1828,641
866,1,1807,632,1832,648
867,1,1812,640,1837,656
868,1,1817,647,1842,663
869,1,1823,651,1848,667
870,1,1828,655,1853,671
871,1,1833,658,1857,674
872,1,1835,660,1859,675
873,1,1833,656,1857,671
874,1,1829,652,1852,667
875,1,1821,648,1845,663
876,1,1812,643,1835,658
877,1,1802,641,1824,655
878,1,1792,641,1815,655
879,1,1784,642,1808,656
880,1,1777,645,1800,659
881,1,1773,650,1793,667
882,1,1770,655,1790,672
883,1,1769,654,1789,671
884,1,1771,649,1791,666
885,1,1776,640,1796,657
886,1,1784,630,1804,647
887,1,1795,622,1815,639
888,1,1807,614,1827,631
889,1,1821,610,1841,627
890,1,1835,610,1855,627
891,1,1851,611,1872,629
892,1,1867,614,1888,632
893,1,1886,618,1906,635
1198,1,1901,65,1915,80
1199,1,1887,71,1902,84
1200,1,1873,74,1888,87
1201,1,1860,77,1875,90
1202,1,1848,79,1863,92
1203,1,1837,81,1852,94
1204,1,1828,82,1843,95
1205,1,1819,83,1833,97
1206,1,1811,85,1824,99
1207,1,1804,86,1818,101
1208,1,1797,90,1811,103
1209,1,1792,92,1806,105
1210,1,1787,94,1801,107
1211,1,1783,96,1797,109
1212,1,1778,100,1792,113
1213,1,1774,103,1787,114
1214,1,1769,107,1782,118
1215,1,1764,112,1777,123
1216,1,1759,117,1772,128
1217,1,1756,122,1769,133
1218,1,1752,127,1765,138
1219,1,1748,133,1761,144
1220,1,1743,140,1756,151
1221,1,1737,147,1750,158
1222,1,1729,154,1742,165
1223,1,1721,160,1734,171
1224,1,1712,165,1725,176
1225,1,1702,168,1715,179
1226,1,1691,171,1703,181
1227,1,1680,173,1692,184
1228,1,1668,175,1680,185
1229,1,1657,176,1669,186
1230,1,1646,178,1658,188
1231,1,1634,179,1646,190
1232,1,1621,178,1633,188
1233,1,1607,180,1619,190
1234,1,1594,183,1606,193
1235,1,1582,187,1594,197
1236,1,1572,193,1584,203
1237,1,1563,201,1575,211
1238,1,1556,211,1568,221
1239,1,1546,221,1561,232
1240,1,1538,231,1553,242
1241,1,1530,241,1545,252
1242,1,1523,251,1538,262
1243,1,1516,261,1531,272
1244,1,1510,270,1525,281
1245,1,1504,278,1519,289
1246,1,1498,286,1513,297
1247,1,1491,292,1506,303
1248,1,1484,296,1499,307
1249,1,1477,300,1492,311
1250,1,1471,304,1486,315
1251,1,1465,310,1480,321
1252,1,1461,317,1476,328
1253,1,1457,324,1472,335
1254,1,1454,332,1469,343
1255,1,1452,342,1467,353
1256,1,1451,353,1466,364
1257,1,1450,364,1465,375
1258,1,1451,376,1466,387
1259,1,1452,387,1467,398
1260,1,1453,397,1468,408
1261,1,1454,408,1469,419
1262,1,1456,416,1471,427
1263,1,1458,425,1473,436
1264,1,1460,433,1475,444
1265,1,1463,442,1478,453
1266,1,1464,452,1479,463
1267,1,1466,459,1481,470
1268,1,1466,467,1481,478
1269,1,1466,474,1481,485
1270,1,1466,480,1481,491
1271,1,1466,486,1481,497
1272,1,1465,488,1480,499
1273,1,1464,490,1479,501
1274,1,1463,492,1478,503
1275,1,1461,493,1476,504
1276,1,1459,493,1474,504
1277,1,1457,493,1472,504
1278,1,1453,493,1469,503
1279,1,1450,492,1466,502
1280,1,1448,491,1464,501
1281,1,1445,491,1461,501
1282,1,1442,489,1458,499
1283,1,1439,489,1455,499
1284,1,1436,488,1452,498
1285,1,1432,487,1448,497
1286,1,1429,486,1445,496
1287,1,1425,486,1441,496
1288,1,1421,487,1437,497
1289,1,1417,489,1433,499
1290,1,1413,492,1429,502
1291,1,1409,494,1425,504
1292,1,1404,496,1420,506
1293,1,1400,499,1417,509
1294,1,1395,501,1411,511
1295,1,1390,504,1406,514
1296,1,1386,506,1402,516
1297,1,1381,512,1397,522
1298,1,1377,518,1393,528
1299,1,1373,526,1389,536
1300,1,1368,532,1384,542
1301,1,1363,540,1380,550
1302,1,1359,546,1375,556
1303,1,1355,552,1371,562
1304,1,1352,556,1369,566
1305,1,1348,562,1364,572
1306,1,1346,568,1362,578
1307,1,1343,572,1359,582
1308,1,1340,577,1356,587
1309,1,1338,582,1354,592
1310,1,1335,587,1351,597
1311,1,1332,593,1348,603
1312,1,1329,598,1345,608
1313,1,1326,602,1342,612
1314,1,1322,607,1338,617
1315,1,1318,613,1334,623
1316,1,1314,620,1330,630
1317,1,1310,627,1326,637
1318,1,1306,634,1322,644
1319,1,1301,642,1318,652
1320,1,1296,650,1312,660
1321,1,1291,657,1307,667
1322,1,1286,664,1302,674
1323,1,1281,669,1298,679
1324,1,1277,674,1293,684
1325,1,1273,678,1289,688
1326,1,1269,680,1285,690
1327,1,1265,683,1281,693
1328,1,1260,685,1277,695
1329,1,1257,688,1273,698
1330,1,1253,691,1269,701
1331,1,1249,693,1266,703
1332,1,1245,696,1262,707
1333,1,1244,699,1260,709
1334,1,1241,701,1257,711
1335,1,1239,704,1255,714
1336,1,1237,705,1253,715
1337,1,1236,706,1252,716
1338,1,1234,707,1250,717
1339,1,1234,708,1251,718
1340,1,1234,710,1250,720
1341,1,1235,711,1252,721
1342,1,1236,711,1253,722
1343,1,1238,710,1255,721
1344,1,1240,710,1257,721
1345,1,1242,710,1259,721
1346,1,1245,711,1263,722
1347,1,1248,713,1265,724
1348,1,1251,714,1268,725
1349,1,1254,714,1272,725
1350,1,1257,714,1275,725
1351,1,1261,712,1279,723
1352,1,1265,709,1283,720
1353,1,1269,706,1287,717
1354,1,1272,704,1290,715
1355,1,1276,701,1294,712
1356,1,1280,699,1298,710
1357,1,1284,697,1302,708
1358,1,1287,696,1306,708
1359,1,1290,694,1308,705
1360,1,1294,693,1312,704
1361,1,1296,692,1315,704
1362,1,1298,691,1317,703
1363,1,1299,691,1318,703
1364,1,1300,690,1319,702
1365,1,1301,690,1320,702
1366,1,1300,690,1319,702
1367,1,1300,689,1319,701
1368,1,1299,688,1318,700
1369,1,1298,687,1317,699
1370,1,1296,686,1314,697
1371,1,1295,687,1313,698
1372,1,1292,687,1311,699
1373,1,1290,687,1309,699
1374,1,1288,687,1307,699
1375,1,1286,687,1305,699
1376,1,1285,688,1304,700
1377,1,1285,690,1304,702
1378,1,1284,692,1303,704
1379,1,1285,694,1304,706
1380,1,1286,696,1305,708
1381,1,1287,697,1306,709
1382,1,1290,697,1309,709
1383,1,1293,695,1312,707
1384,1,1296,692,1315,704
1385,1,1299,690,1319,702
1386,1,1303,690,1323,702
1387,1,1306,690,1326,703
1388,1,1310,691,1330,703
1389,1,1314,694,1334,706
1390,1,1317,697,1337,709
1391,1,1320,699,1340,711
1392,1,1324,701,1344,714
1393,1,1327,702,1347,714
1394,1,1331,704,1351,717
1395,1,1334,706,1354,718
1396,1,1337,708,1357,721
1397,1,1339,710,1359,723
1398,1,1341,714,1362,725
1399,1,1343,716,1364,727
1400,1,1346,718,1367,729
1401,1,1348,720,1369,731
1402,1,1349,719,1370,730
1403,1,1350,719,1371,730
1404,1,1350,720,1370,731
1405,1,1349,722,1370,733
1406,1,1348,723,1368,734
1407,1,1345,723,1366,734
1408,1,1343,723,1364,734
1409,1,1341,723,1362,734
1410,1,1339,721,1359,732
1411,1,1337,718,1357,729
1412,1,1336,715,1357,726
1413,1,1335,711,1355,721
1414,1,1334,709,1354,719
1415,1,1333,706,1355,717
1416,1,1334,704,1354,715
1417,1,1334,703,1355,714
1418,1,1335,702,1356,713
1419,1,1336,701,1356,712
1420,1,1338,700,1358,711
1421,1,1340,698,1361,709
1422,1,1344,698,1364,709
1423,1,1348,698,1368,709
1424,1,1354,696,1375,707
1425,1,1360,693,1381,704
1426,1,1368,689,1389,700
1427,1,1375,683,1396,694
1428,1,1382,677,1403,688
1429,1,1388,672,1409,683
1430,1,1392,670,1413,681
1431,1,1397,670,1418,681
1432,1,1400,674,1421,685
1433,1,1403,681,1425,692
1434,1,1405,691,1426,702
1435,1,1406,700,1428,712
1436,1,1407,709,1429,720
1437,1,1408,718,1429,729
1438,1,1410,724,1431,735
1439,1,1411,727,1432,738
1440,1,1411,727,1432,738
1441,1,1412,726,1434,737
1442,1,1413,726,1435,737
1443,1,1415,725,1436,736
1444,1,1416,724,1438,735
1445,1,1417,724,1438,735
1446,1,1419,724,1440,735
1447,1,1422,723,1443,734
1448,1,1426,722,1447,733
1449,1,1431,721,1451,732
1450,1,1436,719,1455,729
1451,1,1441,719,1461,729
1452,1,1445,719,1466,730
1453,1,1449,720,1470,731
1454,1,1453,721,1474,732
1455,1,1457,722,1477,733
1456,1,1461,721,1482,732
1457,1,1465,720,1486,731
1458,1,1470,718,1491,729
1459,1,1475,716,1496,727
1460,1,1481,714,1502,725
1461,1,1486,711,1507,722
1462,1,1490,708,1511,719
1463,1,1496,706,1517,717
1464,1,1501,703,1522,714
1465,1,1507,701,1528,712
1466,1,1512,697,1533,708
1467,1,1517,693,1538,704
1468,1,1522,688,1543,699
1469,1,1527,684,1548,695
1470,1,1531,682,1553,693
1471,1,1536,681,1558,692
1472,1,1540,680,1561,691
1473,1,1544,678,1565,689
1474,1,1549,678,1570,689
1475,1,1553,678,1574,689
1476,1,1556,677,1577,688
1477,1,1560,676,1581,687
1478,1,1562,674,1583,685
1479,1,1564,673,1585,684
1480,1,1566,673,1587,684
1481,1,1568,672,1589,683
1482,1,1570,671,1591,682
1483,1,1571,669,1592,680
1484,1,1573,669,1594,680
1485,1,1575,669,1596,680
1486,1,1578,670,1599,681
1487,1,1579,670,1601,682
1488,1,1582,671,1603,682
1489,1,1584,672,1605,683
1490,1,1587,673,1608,684
1491,1,1589,673,1611,684
1492,1,1592,673,1614,685
1493,1,1596,673,1618,685
1494,1,1600,673,1622,685
1495,1,1605,673,1626,684
1496,1,1610,672,1632,683
1497,1,1616,670,1638,681
1498,1,1622,670,1643,681
1499,1,1628,670,1649,681
1500,1,1634,671,1656,683
1501,1,1641,673,1662,684
1502,1,1648,676,1670,687
1503,1,1655,680,1677,691
1504,1,1662,686,1684,697
1505,1,1669,692,1691,704
1506,1,1676,698,1698,710
1507,1,1684,704,1706,715
1508,1,1692,708,1713,719
1509,1,1697,710,1721,722
1510,1,1704,712,1728,724
1511,1,1711,713,1735,725
1512,1,1718,713,1742,726
1513,1,1725,712,1749,725
1514,1,1734,711,1758,723
1515,1,1742,710,1766,722
1516,1,1750,709,1774,721
1517,1,1758,709,1781,721
1518,1,1765,708,1788,720
1519,1,1771,706,1794,718
1520,1,1777,704,1801,716
1521,1,1783,703,1807,715
1522,1,1790,703,1814,715
1523,1,1797,703,1821,715
1524,1,1807,703,1828,718
1525,1,1815,703,1836,718
1526,1,1823,702,1844,717
1527,1,1832,701,1853,716
1528,1,1840,698,1861,713
