14,1,1227,229,1237,239
15,1,1222,231,1232,241
16,1,1218,234,1228,244
17,1,1215,241,1225,251
18,1,1211,250,1221,260
19,1,1209,260,1219,270
20,1,1207,274,1217,284
21,1,1206,287,1216,297
22,1,1204,300,1214,310
23,1,1201,310,1211,320
24,1,1199,320,1209,330
25,1,1196,327,1206,337
26,1,1193,334,1203,344
27,1,1189,340,1199,350
28,1,1185,346,1195,356
29,1,1180,352,1190,362
30,1,1176,359,1186,369
31,1,1171,364,1181,374
32,1,1167,368,1177,378
33,2,1165,371,1175,381,956,396,966,406
34,2,1160,374,1170,384,951,398,961,408
35,2,1156,376,1166,386,947,400,957,410
36,2,1152,375,1162,385,943,399,953,409
37,2,1148,375,1158,385,939,399,949,409
38,2,1144,375,1154,385,935,400,945,410
39,2,1141,376,1151,386,932,402,942,412
40,2,1138,377,1148,387,929,404,939,414
41,2,1135,379,1145,389,926,407,936,417
42,1,1133,382,1143,392
43,2,1130,385,1140,397,922,414,933,425
44,2,1130,388,1140,398,922,418,932,428
45,2,1129,390,1139,400,921,419,931,429
46,2,1130,391,1140,401,921,421,931,431
47,2,1131,394,1141,404,923,422,933,432
48,2,1132,396,1142,406,924,424,934,434
49,2,1133,400,1143,410,924,426,934,436
50,2,1134,406,1144,416,924,429,934,439
51,2,1135,412,1145,422,924,432,934,442
52,2,1134,418,1144,428,924,436,934,446
53,2,1134,425,1144,435,923,441,933,451
54,2,1134,433,1144,443,923,446,933,456
55,2,1133,441,1143,451,920,451,930,461
56,2,1130,452,1140,462,918,456,928,466
57,2,1127,459,1137,469,916,460,926,470
58,2,1124,465,1134,475,913,463,923,473
59,2,1120,471,1130,481,908,466,919,477
60,2,1116,477,1126,487,904,470,914,480
61,2,1111,483,1121,493,900,474,910,484
62,2,1106,487,1116,497,895,478,905,488
63,2,1101,492,1111,502,891,480,901,490
64,2,1096,495,1106,505,886,482,896,492
65,2,1092,498,1102,508,881,484,891,494
66,2,1086,501,1097,511,877,485,888,495
67,1,873,487,883,497
68,1,868,489,878,499
69,1,864,490,874,500
70,1,859,491,870,502
71,1,855,493,865,503
72,1,850,495,860,505
73,1,846,497,856,507
74,1,842,499,852,509
75,1,838,502,848,512
76,1,835,505,845,515
77,1,831,509,841,519
78,1,829,510,839,520
79,1,826,511,836,521
80,1,824,510,834,520
81,1,822,509,832,519
82,1,819,508,829,518
83,1,818,508,828,518
84,1,815,510,825,520
85,1,813,512,823,522
86,1,811,516,821,526
87,1,809,518,820,529
88,1,807,520,818,531
89,1,804,520,815,531
90,1,801,521,812,532
91,1,800,521,811,532
92,1,797,521,808,532
93,1,795,521,806,532
94,1,793,522,804,533
95,1,790,523,801,534
96,1,788,524,800,536
97,1,785,525,796,536
98,1,782,527,794,539
99,1,780,530,792,542
100,1,779,533,789,543
101,1,777,537,787,547
102,1,774,541,784,551
103,1,771,545,781,555
104,1,768,547,778,557
105,1,766,548,776,558
106,1,764,550,774,560
107,1,762,552,772,562
108,1,761,552,772,563
109,1,761,550,772,561
110,1,761,548,772,559
111,1,761,546,771,556
112,1,762,546,772,556
113,1,763,548,773,558
114,1,764,549,774,559
115,1,765,551,775,561
116,1,765,552,775,562
117,1,765,553,775,563
118,1,764,556,774,566
119,1,763,558,773,568
120,1,762,560,772,570
121,1,761,560,771,570
122,1,759,562,769,572
123,1,757,565,767,575
124,1,754,568,765,579
125,1,751,570,762,581
126,1,747,572,758,583
127,1,742,574,753,585
128,1,737,576,748,587
129,1,731,576,742,587
130,1,726,577,737,588
131,1,720,578,731,589
132,1,714,578,725,589
133,1,708,577,719,588
134,1,703,576,714,587
135,1,698,578,709,589
136,1,693,580,704,591
137,1,688,581,699,592
138,1,684,582,695,593
139,1,680,583,691,594
140,1,677,584,688,595
141,1,677,585,687,595
142,1,675,586,685,596
143,1,674,586,684,596
144,1,673,588,683,598
145,1,673,591,683,601
146,1,673,593,683,603
147,1,673,596,683,606
148,1,673,598,683,608
149,1,675,600,685,610
150,1,677,602,687,612
151,1,679,605,689,615
152,1,681,607,691,617
153,1,685,609,695,619
154,1,689,610,699,620
155,1,692,609,702,619
156,1,695,608,705,618
157,1,697,607,707,617
158,1,699,608,709,618
159,1,701,607,711,617
160,1,701,607,711,617
161,1,704,607,715,618
162,1,704,608,715,619
163,1,703,608,714,619
164,1,701,608,712,619
165,1,700,610,711,621
166,1,698,610,709,621
167,1,695,607,706,618
168,1,693,607,703,617
169,1,691,605,702,616
170,1,688,603,699,614
171,1,685,604,696,615
172,1,683,605,694,616
173,1,680,606,690,616
174,1,677,607,687,617
175,1,674,609,684,619
176,1,671,610,682,621
177,1,667,613,677,623
178,1,664,615,674,625
179,1,660,615,670,625
180,1,657,617,667,627
181,1,652,618,662,628
182,1,647,620,657,630
183,1,642,619,652,629
184,1,638,618,648,628
185,1,634,617,644,627
186,1,631,617,641,627
187,1,628,619,638,629
188,1,625,621,635,631
189,1,621,626,631,636
190,1,619,633,629,643
191,1,616,640,626,650
192,1,614,647,624,657
193,1,612,652,622,662
194,1,609,655,619,665
195,1,606,656,616,666
196,1,603,655,613,665
197,1,600,654,610,664
198,1,597,653,607,663
199,1,594,653,604,663
200,1,591,655,601,665
201,1,587,658,597,668
202,1,584,660,594,670
203,1,581,661,591,671
204,1,578,663,588,673
205,1,577,666,587,676
206,1,576,668,586,678
207,1,577,673,587,683
208,1,577,676,587,686
209,1,576,678,586,688
210,1,575,679,585,689
211,1,573,680,583,690
212,1,572,681,582,691
213,1,570,681,580,691
214,1,568,681,578,691
215,1,565,681,575,691
216,1,563,680,573,690
217,1,561,680,571,690
218,1,559,679,569,689
219,1,557,679,567,689
220,1,556,678,566,688
221,1,555,677,565,687
222,1,553,676,563,686
223,1,551,674,561,684
224,1,549,672,559,682
225,1,547,670,557,680
226,1,547,668,557,678
227,1,545,668,555,678
228,1,545,670,555,680
229,1,546,670,557,681
230,1,547,671,558,682
231,1,548,672,559,683
232,1,549,672,559,682
233,1,550,672,561,683
234,1,550,673,561,684
235,2,550,676,560,686,414,862,424,874
236,2,550,679,560,689,412,865,422,878
237,2,550,682,560,692,408,869,418,881
238,2,549,685,559,695,404,874,415,884
239,2,548,688,558,698,399,876,410,886
240,2,545,688,555,698,393,876,404,886
241,2,543,688,553,698,387,876,398,886
242,2,540,688,550,698,382,875,393,885
243,2,538,686,548,696,376,873,387,883
244,2,535,684,545,694,372,870,383,880
245,2,533,680,543,690,368,868,379,878
246,2,531,678,541,688,364,866,375,876
247,2,529,677,539,687,361,867,372,877
248,2,527,676,537,686,358,867,369,877
249,2,526,677,536,687,354,868,365,878
250,2,524,678,534,688,350,871,361,881
251,2,522,681,532,691,346,874,358,885
252,2,520,684,530,694,342,878,353,888
253,2,518,686,528,696,338,880,349,890
254,2,516,686,526,696,335,882,346,892
255,2,515,686,525,696,332,884,343,894
256,2,514,687,524,697,331,886,342,896
257,2,515,688,525,698,331,888,342,898
258,2,515,688,525,698,331,891,342,901
259,2,514,690,524,700,329,894,340,904
260,2,512,692,522,702,324,896,335,906
261,2,509,694,519,704,317,897,328,907
262,2,505,696,515,706,310,898,321,908
263,2,501,696,511,706,302,896,313,906
264,2,497,696,507,706,294,894,305,904
265,2,492,695,502,705,286,894,297,904
266,2,487,693,497,703,279,892,290,902
267,2,482,692,493,703,272,890,283,900
268,2,478,691,488,701,266,890,278,901
269,2,473,690,483,700,259,890,271,901
270,2,467,690,478,701,251,890,262,900
271,2,463,690,473,700,244,889,255,899
272,2,458,690,468,700,237,888,248,898
273,2,453,688,463,698,229,888,240,898
274,2,447,689,457,699,222,888,234,899
275,2,443,690,453,700,215,888,226,898
276,2,438,690,449,701,208,889,219,899
277,2,434,692,445,703,202,890,213,900
278,2,431,692,442,703,197,890,208,900
279,2,429,694,439,704,193,892,204,902
280,2,428,695,438,705,192,896,203,906
281,2,428,698,438,708,192,900,203,910
282,2,428,700,438,710,191,903,202,913
283,2,428,701,438,711,191,906,202,916
284,2,429,704,439,714,190,910,201,920
285,2,429,706,439,716,190,912,201,922
286,2,429,708,439,718,189,915,200,925
287,2,429,711,440,722,188,918,199,928
288,2,429,714,439,724,185,920,196,930
289,2,428,716,438,726,182,921,193,931
290,2,427,716,437,726,177,920,188,930
291,2,425,717,435,727,173,918,184,928
292,2,423,717,433,727,168,916,179,926
293,2,420,716,430,726,162,912,173,922
294,2,418,713,428,723,156,907,167,917
295,2,415,710,425,720,151,902,162,912
296,2,412,706,422,716,146,896,157,906
297,2,410,702,420,712,141,890,152,900
298,2,407,698,417,708,137,885,148,895
299,2,405,694,416,705,133,880,144,890
300,2,402,693,412,703,129,878,140,888
301,2,401,694,411,704,126,878,137,888
302,2,400,696,410,706,124,880,135,890
303,2,399,698,409,708,123,883,134,893
304,2,399,700,409,710,124,886,135,896
305,2,400,704,410,714,124,890,135,900
306,2,401,706,411,716,126,894,137,904
307,2,402,709,412,719,127,897,138,907
308,2,403,710,413,720,128,900,139,910
309,2,403,712,413,722,128,902,139,912
310,2,403,712,413,722,127,903,138,913
311,2,401,714,411,724,125,904,136,914
312,2,399,716,409,726,121,904,132,914
313,2,397,718,407,728,119,906,130,916
314,2,395,720,405,730,117,908,128,918
315,2,394,724,404,734,115,910,126,920
316,2,393,725,403,738,114,913,125,923
317,2,390,729,400,739,111,914,122,924
318,2,389,730,399,741,109,916,120,926
319,2,108,916,118,928,386,730,397,743
320,2,107,918,117,930,385,732,396,744
321,2,105,920,115,932,383,734,393,747
322,2,102,922,112,934,379,735,389,747
323,2,98,922,108,934,375,736,385,748
324,2,93,922,103,934,370,738,381,751
325,2,89,924,99,936,366,740,376,752
326,2,83,924,93,936,361,742,371,754
327,2,78,924,88,936,356,743,366,755
328,2,73,924,83,936,350,743,360,755
329,2,69,926,79,938,346,744,356,756
330,2,65,928,75,940,341,746,351,758
331,2,62,932,72,944,338,751,348,761
332,2,58,936,68,948,333,754,343,765
333,2,54,942,64,954,328,759,338,770
334,2,52,949,62,961,322,763,335,775
335,1,319,769,332,781
336,1,317,779,327,789
337,1,313,787,323,797
338,1,311,795,321,805
339,1,307,804,317,814
340,1,304,809,314,819
341,1,300,812,310,822
342,1,294,817,304,827
343,1,289,822,299,832
344,1,285,826,295,836
345,1,279,830,289,840
346,1,275,834,285,844
347,1,269,838,279,848
348,1,264,844,274,854
349,1,260,850,270,860
350,1,257,855,267,865
351,1,253,862,263,872
352,1,249,867,259,877
353,1,246,873,256,883
354,1,242,878,252,888
355,1,238,883,248,893
356,1,232,892,242,902
431,1,149,314,159,325
432,1,162,317,172,328
433,2,176,322,186,333,6,412,17,426
434,2,189,328,199,339,20,421,30,431
435,2,202,334,212,346,34,426,44,436
436,2,216,338,226,349,47,427,57,437
437,2,230,340,240,351,61,428,71,438
438,2,242,341,252,352,73,427,83,437
439,2,255,342,265,353,85,427,95,437
440,2,266,342,276,353,97,425,107,435
441,2,277,344,287,355,106,424,116,434
442,2,286,347,296,358,114,426,124,436
443,2,293,351,303,362,121,428,131,438
444,2,299,356,309,367,127,432,137,442
445,2,304,360,314,371,131,435,141,445
446,2,308,365,318,376,134,437,144,447
447,2,310,369,320,380,136,441,146,451
448,2,312,373,322,384,137,444,147,454
449,2,312,378,322,389,137,449,147,459
450,2,312,383,322,394,137,455,147,465
451,2,311,388,321,399,136,461,146,471
452,2,310,394,320,405,135,468,145,478
453,2,308,400,318,411,135,475,145,485
454,2,307,406,317,417,133,483,143,493
455,2,305,413,315,424,133,492,143,502
456,2,304,419,314,430,132,500,142,510
457,2,303,426,314,438,132,509,142,519
458,2,302,432,313,444,133,518,143,528
459,2,302,437,313,449,134,526,144,536
460,2,302,442,313,454,135,534,145,544
461,2,303,446,314,458,138,540,148,550
462,2,305,449,316,461,141,546,151,556
463,2,308,451,318,462,144,550,154,560
464,2,310,453,320,464,148,554,158,564
465,2,313,456,323,467,152,559,162,569
466,2,316,457,326,468,156,563,166,573
467,2,320,457,331,469,161,564,171,574
468,2,324,457,334,468,166,566,176,576
469,2,328,459,338,470,172,570,182,580
470,2,333,460,344,472,178,573,189,584
471,2,338,460,349,472,184,575,195,586
472,2,344,461,354,472,190,576,200,586
473,2,349,461,359,472,196,577,207,588
474,2,355,461,365,472,203,578,213,588
475,2,360,460,370,471,208,577,218,587
476,2,365,460,375,471,214,578,224,588
477,2,370,461,380,472,219,580,229,590
478,2,375,463,385,474,224,582,234,592
479,2,380,465,390,476,229,584,239,594
480,2,384,467,394,478,234,587,244,597
481,2,389,469,399,480,239,589,249,599
482,2,394,470,404,481,243,590,253,600
483,2,398,469,408,480,248,589,258,599
484,2,402,467,412,478,252,587,262,597
485,2,406,465,416,476,256,586,266,596
486,2,410,464,420,475,260,585,270,595
487,2,414,463,424,474,264,585,274,595
488,2,417,464,427,475,267,585,277,595
489,2,421,465,431,476,270,586,280,596
490,2,424,467,434,478,274,588,284,598
491,2,427,468,437,479,277,589,287,599
492,2,430,470,440,481,280,591,290,601
493,2,433,471,443,482,282,591,292,601
494,2,435,471,445,482,284,591,294,601
495,2,438,471,448,482,286,590,296,600
496,2,440,470,450,481,287,589,297,599
497,2,442,469,452,480,289,588,299,598
498,2,444,469,454,480,291,588,301,598
499,2,446,471,456,482,293,591,303,601
500,2,447,473,457,484,296,595,306,605
501,2,449,477,459,488,298,599,308,609
502,2,452,481,462,492,302,604,312,614
503,2,454,485,464,496,304,609,314,619
504,3,457,489,467,500,307,613,317,623,54,593,64,603
505,3,459,493,469,504,310,617,320,627,55,597,65,607
506,3,461,496,471,507,312,621,322,631,56,601,66,611
507,3,464,499,475,511,315,624,325,634,56,604,66,614
508,3,466,500,476,511,317,626,327,636,58,606,68,616
509,3,468,500,478,511,319,626,329,636,58,606,68,616
510,3,470,499,480,510,321,625,331,635,59,605,69,615
511,3,471,497,481,509,322,623,332,633,59,603,69,613
512,3,473,496,484,508,324,621,334,631,60,600,70,610
513,3,475,494,485,505,326,620,336,630,60,599,70,609
514,3,478,495,488,506,328,620,338,630,61,598,71,608
515,3,480,496,490,507,330,621,340,631,62,600,72,610
516,3,483,498,493,509,333,624,343,634,63,602,73,612
517,3,486,500,496,511,336,626,346,636,65,604,75,614
518,3,489,500,499,511,339,626,349,636,67,604,77,614
519,3,492,499,502,510,342,625,352,635,68,602,78,612
520,3,496,499,506,510,346,625,356,635,71,602,81,612
521,3,499,499,509,510,350,626,360,636,74,604,84,614
522,3,503,500,513,511,354,627,364,637,76,605,86,615
523,3,506,501,517,513,358,629,368,639,79,608,89,618
524,3,510,502,520,514,362,631,372,641,81,610,91,620
525,3,513,502,523,513,365,631,375,641,83,610,93,620
526,3,516,501,526,512,367,629,377,639,84,606,94,616
527,3,518,500,528,511,368,626,378,636,85,602,95,612
528,3,521,499,531,510,369,624,379,634,85,597,96,608
529,3,523,500,533,511,370,624,380,634,85,594,95,604
530,2,526,504,536,515,85,590,96,601
531,2,528,507,538,518,85,590,95,600
532,3,529,511,539,522,85,589,95,599,374,630,384,641
533,3,531,514,541,525,84,588,95,599,374,632,384,643
534,3,533,514,543,525,84,587,94,597,375,632,385,643
535,3,534,514,544,525,85,585,95,595,377,631,387,642
536,3,536,514,546,525,86,583,96,593,379,633,389,643
537,3,538,514,548,525,87,583,97,593,381,633,391,643
538,3,540,517,550,528,88,586,98,596,384,637,394,647
539,3,544,522,554,533,90,590,100,600,388,642,398,652
540,3,548,527,558,538,93,597,104,608,392,648,402,658
541,3,552,533,562,544,97,605,108,616,398,656,408,666
542,3,558,538,568,549,102,613,113,624,404,662,415,673
543,3,564,542,574,553,107,621,118,632,412,667,422,678
544,3,570,545,580,556,113,627,124,638,420,671,430,682
545,3,577,546,587,557,119,631,130,642,427,673,437,684
546,3,584,544,594,555,126,633,137,644,435,672,445,683
547,3,590,541,600,552,132,631,143,642,442,670,452,681
548,3,597,537,607,548,139,628,150,639,450,666,460,677
549,3,604,533,614,544,145,624,156,635,456,662,466,673
550,3,610,530,620,541,150,620,161,631,463,659,473,671
551,3,617,528,627,539,155,617,166,628,469,657,479,669
552,3,623,528,633,539,160,616,171,627,475,657,486,669
553,3,628,529,638,540,164,615,175,626,480,657,490,668
554,3,633,530,643,541,169,614,180,625,485,658,495,669
555,3,638,530,648,541,172,612,183,623,489,658,499,669
556,3,641,531,652,543,174,610,184,620,492,658,502,669
557,3,645,531,656,543,176,607,186,617,495,657,505,668
558,3,648,531,659,543,178,605,189,616,498,657,508,668
559,3,650,532,660,544,179,603,189,613,500,658,510,669
560,3,652,534,662,545,179,603,189,613,501,659,511,670
561,3,653,536,664,548,179,601,190,612,502,660,512,671
562,3,654,537,664,549,178,599,188,609,502,661,512,672
563,3,653,537,664,549,177,596,187,606,502,661,512,672
564,3,653,538,664,550,174,595,184,605,501,661,511,672
565,3,652,542,663,554,172,596,182,606,499,664,509,675
566,3,650,542,660,553,170,595,180,605,498,663,509,675
567,3,649,541,660,553,167,591,177,601,496,662,507,674
568,3,647,541,658,553,164,589,174,599,495,662,505,673
569,3,646,542,656,553,162,589,172,599,494,663,504,674
570,3,644,543,655,555,160,589,171,600,492,664,502,675
571,3,642,545,653,557,157,591,168,602,492,666,502,678
572,3,641,548,652,560,155,595,166,606,492,670,503,682
573,3,641,551,652,563,154,599,165,610,492,674,503,686
574,3,640,554,650,566,153,603,164,614,493,677,504,689
575,3,640,556,651,568,152,607,162,617,494,680,505,692
576,3,641,559,652,571,152,611,163,622,496,684,507,696
577,3,641,561,652,573,153,615,164,626,498,687,509,699
578,3,643,562,654,574,155,620,165,630,502,689,513,701
579,3,645,563,656,575,156,625,167,636,505,691,515,703
580,3,647,563,658,575,158,629,169,640,510,693,520,705
581,3,649,564,659,575,160,633,171,644,514,694,524,705
582,3,651,565,661,576,163,635,174,646,518,696,529,708
583,3,653,565,663,576,166,636,177,647,522,696,532,707
584,3,656,566,666,577,167,635,178,646,525,697,535,708
585,3,658,567,668,578,170,635,180,645,528,697,539,709
586,3,661,570,671,581,172,635,183,646,531,699,541,710
587,3,663,573,673,584,174,636,184,646,535,703,546,715
588,3,665,577,675,588,175,637,186,648,538,706,549,718
589,3,667,580,677,591,178,639,188,649,541,709,552,721
590,3,670,584,680,595,180,640,190,650,545,712,556,724
591,3,672,587,682,598,182,641,193,652,549,715,560,727
592,3,674,590,684,601,184,643,195,654,551,718,562,730
593,3,676,594,686,605,185,643,196,654,555,721,566,733
594,3,678,598,688,609,187,644,198,655,558,724,569,736
595,3,678,602,688,613,188,643,199,654,560,728,571,740
596,3,679,607,689,618,189,642,200,653,562,731,573,743
597,3,681,610,691,621,191,642,202,653,563,733,574,745
598,3,681,612,691,623,192,639,203,650,565,734,576,746
599,3,679,616,690,626,193,636,204,647,567,735,578,747
600,3,679,617,690,627,194,633,205,644,569,736,580,748
601,3,679,618,690,628,196,630,207,641,571,736,582,748
602,3,680,620,691,630,197,628,208,639,574,737,585,749
603,3,680,622,691,632,199,628,210,639,576,738,587,750
604,3,681,625,692,635,200,628,211,639,579,742,590,754
605,3,681,629,692,639,202,630,213,641,582,745,593,757
606,3,682,633,693,643,204,634,215,645,586,750,597,762
607,3,683,638,694,648,206,638,217,649,590,754,601,766
608,3,685,641,696,651,208,642,219,653,595,758,606,770
609,3,684,647,695,659,211,645,222,656,599,762,610,774
610,3,685,651,696,663,213,648,224,659,604,765,616,778
611,3,685,655,695,666,215,651,226,662,608,768,619,780
612,3,685,658,695,669,217,654,228,665,612,771,624,784
613,3,686,661,696,672,219,656,230,667,616,774,627,786
614,3,685,665,695,676,221,659,232,670,620,776,632,789
615,3,685,667,696,679,223,661,234,672,625,778,636,790
616,3,683,669,694,681,225,663,236,674,629,780,640,792
617,3,683,671,694,683,227,664,238,675,633,782,644,794
618,3,682,674,693,686,229,666,240,677,636,783,648,796
619,3,680,676,691,688,231,666,242,677,639,785,651,798
620,3,677,681,688,693,232,668,243,679,642,787,654,800
621,3,674,685,684,696,233,670,244,681,645,790,657,803
622,3,672,689,682,700,234,672,245,683,648,794,660,807
623,3,669,693,679,704,234,673,245,684,651,797,663,810
624,3,665,697,675,708,235,674,246,685,652,799,664,812
625,3,661,700,672,710,235,673,246,684,654,801,666,814
626,3,657,703,668,713,235,673,246,684,655,804,667,817
627,3,651,708,662,718,235,673,246,684,657,806,669,819
628,3,645,711,657,722,235,673,246,684,659,808,671,821
629,3,641,716,651,726,236,674,247,685,661,810,673,823
630,3,636,720,646,730,237,675,248,686,665,812,677,825
631,3,632,723,642,733,239,677,250,688,669,813,681,826
632,3,628,724,642,737,241,679,252,690,673,815,685,828
633,3,623,729,637,741,243,681,254,692,677,817,689,830
634,3,619,733,633,745,245,684,256,695,682,819,694,832
635,3,613,737,628,751,247,686,258,697,687,820,699,834
636,3,609,740,623,753,249,688,260,699,691,822,704,836
637,3,606,742,624,757,252,689,263,700,696,823,709,837
638,3,600,748,613,761,254,689,265,700,700,824,712,838
639,3,594,752,607,765,255,690,266,701,703,826,716,840
640,3,586,757,598,769,256,690,267,701,705,829,718,843
641,3,576,760,590,773,256,689,267,700,707,832,719,845
642,3,256,687,267,698,708,834,721,848,567,763,581,777
643,3,256,684,267,695,709,836,722,850,557,768,571,780
644,3,255,681,266,692,708,838,721,852,546,771,560,783
645,3,254,678,265,689,708,840,721,854,535,773,549,787
646,3,253,675,264,686,707,843,720,857,523,776,537,790
647,3,251,671,262,682,706,845,719,859,508,780,524,793
648,3,706,849,718,863,248,667,260,678,495,783,507,793
649,3,705,852,717,866,247,664,260,677,482,784,495,796
650,2,704,856,716,870,246,662,259,675
651,2,703,860,715,874,244,660,257,673
652,3,702,864,714,878,243,658,256,671,438,795,448,805
653,3,701,869,713,883,242,656,255,669,421,797,437,807
654,3,700,873,712,887,240,654,253,667,407,798,421,810
655,3,699,877,711,891,240,652,253,665,391,800,407,813
656,3,698,881,710,895,239,650,252,663,376,802,391,816
657,3,699,885,711,899,239,649,252,662,361,805,376,816
658,3,699,890,711,904,239,648,252,661,347,806,360,817
659,2,700,894,712,908,240,648,253,661
660,2,701,899,713,913,241,647,254,660
661,2,702,903,714,917,242,646,255,659
662,2,703,907,715,921,244,645,257,658
663,2,704,912,716,927,245,643,258,656
664,2,705,916,717,930,247,642,260,655
665,2,706,921,718,935,249,639,262,652
666,2,707,925,719,939,252,637,265,650
667,2,708,930,720,944,254,635,267,648
668,2,709,934,721,949,257,632,270,645
669,2,711,939,723,954,260,631,273,644
670,2,713,945,725,959,264,630,277,643
671,2,719,951,732,966,268,630,280,641
672,1,272,632,284,643
673,1,277,633,289,644
674,1,281,634,293,645
675,1,285,634,297,645
676,1,290,633,302,646
677,1,293,631,305,644
678,1,296,629,308,642
679,1,299,627,311,640
680,1,302,626,314,639
681,1,305,626,317,639
682,1,308,627,320,640
683,1,312,630,324,643
684,1,316,633,328,646
685,1,320,635,332,648
686,1,324,635,336,648
687,1,329,635,341,648
688,1,332,637,344,650
689,1,336,640,348,653
690,1,339,642,351,655
691,1,341,644,353,657
692,1,344,645,356,658
693,1,348,646,360,659
694,1,352,647,364,660
695,1,355,649,367,662
696,1,358,650,370,663
697,1,360,651,372,664
698,1,363,652,375,665
699,1,365,655,377,668
700,1,367,660,379,673
701,1,369,664,381,677
702,1,370,668,382,681
703,1,371,671,383,683
704,1,372,672,383,684
705,1,374,673,385,685
706,1,376,671,387,683
707,1,378,669,390,682
708,1,381,667,393,680
709,1,385,669,398,680
710,1,390,669,403,680
711,1,395,672,408,683
712,1,401,676,414,687
713,1,408,680,421,691
714,1,415,685,428,696
715,1,422,691,435,702
716,1,430,696,444,708
717,1,438,701,452,713
718,1,447,707,461,719
719,1,456,714,470,726
720,1,465,723,479,735
721,1,474,732,488,744
722,1,483,742,497,754
723,1,491,752,505,764
724,1,498,760,512,772
725,1,504,768,518,780
726,1,510,777,524,789
727,1,516,785,530,797
728,1,521,791,535,803
729,1,527,796,541,808
730,1,533,801,547,813
731,1,540,807,554,819
732,1,549,812,560,825
733,1,557,818,568,831
734,1,567,824,578,837
735,1,577,831,588,844
736,1,589,837,600,850
737,1,601,844,612,857
738,1,613,852,624,865
739,1,626,858,638,873
740,1,638,864,651,878
741,2,652,869,665,883,16,593,28,616
742,2,666,874,679,888,24,601,37,625
743,2,682,880,695,894,32,612,47,637
744,2,699,885,712,899,42,624,57,649
745,2,716,890,729,904,52,637,67,662
746,2,734,896,747,910,63,650,78,675
747,2,752,901,765,915,73,664,88,689
748,2,768,906,781,920,84,677,99,702
749,2,785,911,798,925,94,688,109,713
750,2,801,916,814,930,104,699,119,723
751,2,817,921,830,935,113,711,128,735
752,2,834,927,847,941,123,725,138,750
753,2,851,932,865,947,132,740,147,765
754,2,866,935,880,950,141,751,156,776
755,2,882,935,896,950,151,762,166,787
756,2,898,935,912,950,161,772,176,797
757,2,914,933,928,948,172,782,187,807
758,2,934,929,945,944,184,793,199,818
759,2,951,924,965,941,197,806,212,831
760,2,972,919,985,936,211,820,226,845
761,2,224,832,241,858,991,912,1006,930
762,2,239,845,256,871,1015,908,1025,924
763,2,256,857,273,883,1033,894,1045,911
764,2,272,868,288,893,1053,881,1064,898
765,2,290,878,306,903,1073,866,1083,887
766,2,307,889,323,914,1093,856,1103,870
767,2,325,900,341,925,1110,840,1121,856
768,2,342,911,358,936,1128,830,1138,844
769,2,358,922,374,947,1141,818,1154,834
770,2,372,932,388,957,1157,806,1169,824
771,2,386,942,402,967,1170,796,1184,809
772,1,1181,784,1196,797
773,1,1191,768,1206,789
774,1,1203,759,1215,774
775,1,1209,745,1223,760
776,1,1216,733,1230,748
777,1,1221,720,1235,735
778,1,1226,708,1240,723
779,1,1230,695,1244,710
780,1,1234,683,1248,698
781,1,1237,669,1251,684
782,1,1239,656,1254,670
783,1,1242,644,1257,657
784,1,1245,631,1259,645
785,1,1247,619,1261,633
786,1,1249,608,1263,622
787,1,1251,600,1265,614
788,1,1252,594,1266,608
789,1,1252,590,1266,604
790,1,1253,587,1267,601
791,1,1253,587,1267,601
792,1,1253,588,1267,602
793,1,1253,590,1267,604
794,1,1253,594,1267,608
795,1,1253,596,1267,610
796,1,1253,598,1267,612
797,1,1253,600,1268,615
798,1,1253,602,1267,616
799,1,1253,606,1267,620
800,1,1253,610,1267,624
801,1,1254,612,1268,626
802,1,1256,612,1270,626
