31,1,974,5,990,17
32,1,967,12,984,25
33,1,957,17,975,29
34,1,950,23,966,37
35,1,945,32,960,46
36,1,939,43,954,57
37,1,938,53,954,67
38,1,936,63,953,78
39,1,934,79,951,93
40,1,931,94,948,107
41,1,927,109,944,121
42,1,925,119,941,132
43,1,925,125,941,138
44,1,927,128,945,142
45,1,932,132,950,146
46,1,936,138,951,151
47,1,936,143,952,157
48,1,933,149,950,162
49,1,929,151,946,165
50,1,925,155,940,166
51,1,922,158,937,169
52,1,920,159,937,174
53,1,920,158,937,172
54,1,921,155,937,167
55,1,920,152,937,164
56,1,920,150,937,163
57,1,920,148,938,161
58,1,919,150,934,162
59,1,918,151,935,164
60,1,918,153,935,166
61,1,917,153,934,167
62,1,915,152,932,164
63,1,912,150,928,163
64,1,909,146,924,159
65,1,904,146,919,160
66,1,899,146,915,161
67,1,894,145,911,159
68,1,890,143,907,156
69,1,885,141,901,154
70,1,879,140,896,152
71,1,875,137,891,150
72,1,871,135,887,148
73,1,871,137,887,151
74,1,870,138,887,153
75,1,870,144,887,158
76,1,871,148,888,162
77,1,871,155,888,169
78,1,872,158,889,174
79,1,874,160,890,173
80,1,875,158,893,174
81,1,878,157,896,172
82,1,881,155,899,171
83,1,885,150,903,165
84,1,888,145,905,160
85,1,888,140,906,153
86,1,890,136,907,150
87,1,889,134,907,148
88,1,889,130,907,145
89,1,888,125,907,141
90,1,887,125,906,139
91,1,886,125,904,139
92,1,885,125,904,141
93,1,889,131,906,146
94,1,893,136,912,148
95,1,895,139,914,153
96,1,897,141,915,153
97,1,899,144,917,159
98,1,902,147,919,161
99,1,902,144,920,159
100,1,903,138,921,152
101,1,904,134,922,147
102,1,904,125,923,141
103,1,907,117,926,133
104,1,906,104,926,120
105,1,907,93,926,108
106,1,907,84,925,99
107,1,908,77,925,92
108,1,906,72,925,86
109,1,905,70,923,83
110,1,901,71,920,86
111,1,895,77,915,91
112,1,889,83,908,98
113,1,881,87,900,104
114,1,872,91,891,106
115,1,862,92,882,107
116,1,853,90,873,105
117,1,842,84,862,99
118,1,831,82,854,98
119,1,823,79,843,94
120,1,816,80,836,94
121,1,811,81,831,96
122,1,806,85,826,100
123,1,804,94,823,110
124,1,800,103,821,119
125,1,799,107,820,122
126,1,799,109,819,126
127,1,799,111,818,128
128,1,798,112,819,129
129,1,797,118,818,135
130,1,799,125,819,144
131,1,801,134,821,149
132,1,803,138,823,156
133,1,806,144,825,160
134,1,810,146,829,164
135,1,814,148,833,164
136,1,815,147,835,163
137,1,815,145,835,162
138,1,813,144,832,160
139,1,809,138,828,155
140,1,804,132,823,147
141,1,799,126,818,142
142,1,792,122,812,138
143,1,788,119,808,136
144,1,784,119,804,135
145,1,780,122,800,137
146,1,775,126,795,142
147,1,771,131,791,147
148,1,766,137,786,154
149,1,764,142,784,159
150,1,766,147,785,162
151,1,770,151,790,167
152,1,777,156,796,173
153,1,785,158,804,176
154,1,795,161,813,178
155,1,804,164,823,180
156,1,812,163,832,180
157,1,821,163,839,179
158,1,829,160,847,176
159,1,837,156,856,172
160,1,846,149,866,165
161,1,853,142,874,158
162,1,862,134,882,149
163,1,868,124,890,141
164,1,875,116,896,132
165,1,878,108,899,124
166,1,880,102,902,119
167,1,883,97,905,111
168,1,883,92,906,106
169,1,883,90,906,104
170,1,882,88,905,103
171,1,881,86,904,101
172,1,879,85,902,99
173,1,875,85,898,100
174,1,869,83,893,98
175,1,863,81,886,96
176,1,855,78,880,94
177,1,850,75,874,90
178,1,846,75,870,90
179,1,845,77,868,91
180,1,845,80,867,94
181,1,848,83,870,97
182,1,853,85,875,99
183,1,859,87,881,101
184,1,865,88,886,101
185,1,869,90,892,103
186,1,873,90,896,103
187,1,874,89,896,101
188,1,875,86,897,98
189,1,877,82,899,95
190,1,882,78,904,90
191,1,889,74,911,87
192,1,896,69,919,82
193,1,905,63,928,76
194,1,914,57,937,70
195,1,923,49,946,62
196,1,929,42,952,55
197,1,935,35,958,48
198,1,939,31,963,44
199,1,943,28,967,42
200,1,947,27,971,41
201,1,949,27,973,40
202,1,949,27,973,41
203,1,949,27,973,41
204,1,946,25,970,39
205,1,944,24,967,37
206,1,941,23,963,35
207,1,938,23,960,35
208,1,934,25,956,38
209,1,929,29,951,41
210,1,925,35,947,47
211,1,917,33,942,46
212,1,913,30,937,42
213,1,912,26,938,39
214,1,918,28,941,40
215,1,925,32,948,44
216,1,931,39,955,52
217,1,936,48,961,61
218,1,936,55,960,67
219,1,932,54,957,67
220,1,925,53,950,66
221,1,925,48,949,61
222,1,926,43,952,56
223,1,934,41,959,54
224,1,940,41,964,54
225,1,941,45,966,58
226,1,943,47,968,60
227,1,948,49,973,62
228,1,953,50,978,63
229,1,959,51,983,64
230,1,962,50,987,63
231,1,967,51,991,63
232,1,971,50,995,63
233,1,974,48,999,61
234,1,980,49,1005,62
235,1,985,50,1010,63
236,1,989,50,1014,63
237,1,992,50,1017,63
238,1,994,50,1020,63
239,1,994,50,1019,63
240,1,995,51,1019,64
241,1,995,49,1019,62
242,1,995,44,1019,57
243,1,998,40,1022,52
244,1,1001,35,1025,48
245,1,1007,31,1031,43
246,1,1013,29,1037,41
247,1,1019,27,1042,39
248,1,1025,26,1048,38
249,1,1033,23,1056,35
250,1,1039,18,1063,30
251,1,1048,15,1071,27
252,1,1054,12,1077,24
253,1,1063,9,1086,21
254,1,1069,7,1095,18
255,1,1076,1,1102,13
256,1,1082,1,1109,11
599,1,1030,22,1044,36
600,1,1025,23,1037,34
601,1,1017,23,1032,38
602,1,1011,25,1025,39
603,1,1001,27,1016,41
604,1,994,30,1008,43
605,1,988,31,1001,46
607,1,978,40,994,57
608,1,977,49,991,64
609,1,975,61,990,76
610,1,975,72,989,90
611,1,974,84,987,100
612,1,975,95,988,109
613,1,976,102,991,117
614,1,979,108,993,123
615,1,982,110,996,126
616,1,985,112,998,127
617,1,986,110,1000,126
618,1,989,109,1002,124
619,1,989,106,1003,119
620,1,990,102,1004,118
621,1,992,101,1005,117
622,1,992,102,1006,119
623,1,993,104,1007,120
624,1,993,106,1007,122
625,1,993,109,1007,122
626,1,992,107,1006,123
627,1,991,106,1005,121
628,1,990,104,1004,119
629,1,987,104,1002,120
630,1,983,104,998,120
631,1,977,103,991,118
632,1,970,103,983,119
633,1,965,98,978,114
634,1,957,93,974,110
635,1,952,88,967,104
636,1,944,84,959,102
637,1,935,80,950,99
638,1,923,80,939,97
639,1,913,80,927,95
640,1,902,82,918,100
641,1,895,90,910,105
642,1,885,96,904,115
643,1,881,106,895,121
644,1,873,110,890,128
645,1,865,115,884,131
646,1,860,119,877,137
647,1,854,126,871,143
648,1,848,132,865,148
649,1,845,135,860,152
650,1,839,138,857,158
651,1,834,142,854,161
652,1,835,147,851,163
653,1,832,152,850,170
654,1,830,157,846,174
655,1,828,163,845,179
656,1,828,167,843,185
657,1,826,172,843,189
658,1,826,177,843,194
659,1,826,181,842,199
660,1,827,186,843,204
661,1,828,188,844,207
662,1,829,191,848,209
663,1,833,193,850,211
664,1,835,193,854,211
665,1,838,191,857,207
666,1,840,189,860,207
667,1,843,191,861,209
668,1,843,191,862,206
669,1,846,192,865,207
670,1,849,193,868,208
671,1,853,191,871,208
672,1,857,190,878,205
673,1,861,188,883,203
674,1,866,186,886,202
675,1,870,185,890,201
676,1,871,185,891,201
677,1,874,184,895,200
678,1,876,179,898,198
679,1,880,177,901,194
680,1,884,173,905,189
681,1,887,167,908,184
682,1,890,163,910,178
683,1,892,157,912,174
684,1,894,153,915,170
685,1,895,150,916,166
686,1,898,146,918,162
687,1,901,142,921,158
688,1,905,138,923,152
689,1,906,135,924,150
690,1,906,135,925,149
691,1,906,135,925,149
692,1,906,134,925,148
693,1,907,131,926,145
694,1,909,129,927,144
695,1,908,126,928,138
696,1,909,122,928,136
697,1,909,122,928,135
698,1,910,120,929,134
699,1,911,118,931,133
700,1,913,116,933,131
701,1,914,112,936,128
702,1,917,109,938,123
703,1,919,105,940,119
704,1,922,103,943,117
705,1,925,101,946,116
706,1,926,99,948,113
707,1,929,96,949,112
708,1,926,96,949,111
709,1,927,97,947,112
710,1,922,96,944,112
711,1,919,96,941,112
712,1,917,93,939,110
713,1,914,92,936,106
714,1,911,89,932,103
715,1,911,85,930,99
716,1,910,83,930,97
717,1,910,83,930,98
718,1,906,83,929,99
719,1,904,86,925,102
720,1,897,86,919,102
721,1,890,85,912,101
722,1,884,85,906,99
723,1,880,84,901,101
724,1,876,86,896,103
725,1,874,91,896,107
726,1,870,96,892,114
727,1,866,98,889,117
728,1,864,98,885,117
729,1,866,98,887,117
730,1,870,99,891,117
731,1,879,98,900,116
732,1,889,97,910,115
733,1,899,96,920,114
734,1,909,95,931,114
735,1,918,93,941,112
736,1,926,91,949,111
737,1,935,86,957,105
738,1,942,83,963,95
739,1,944,75,968,89
740,1,949,72,972,87
741,1,950,70,975,84
742,1,954,70,975,86
743,1,959,71,982,87
744,1,962,74,986,88
745,1,966,77,990,90
746,1,969,78,994,92
747,1,971,79,996,92
748,1,971,79,996,94
749,1,972,79,997,93
750,1,971,78,996,92
751,1,971,75,996,91
752,1,968,70,994,85
753,1,966,66,991,82
754,1,966,62,989,78
755,1,966,57,988,75
756,1,966,55,990,72
757,1,969,56,992,73
758,1,974,56,996,74
759,1,978,57,1002,73
760,1,981,58,1005,74
761,1,983,60,1006,76
762,1,983,62,1006,77
763,1,981,60,1003,75
764,1,978,56,1001,71
765,1,977,53,1001,69
766,1,978,53,1002,69
767,1,980,55,1004,71
768,1,983,56,1007,72
769,1,986,57,1010,73
770,1,991,56,1015,72
771,1,997,58,1020,71
772,1,1002,59,1027,72
773,1,1011,60,1036,74
774,1,1021,63,1045,76
775,1,1027,61,1052,75
776,1,1034,57,1059,71
777,1,1037,49,1061,63
778,1,1039,43,1063,57
779,1,1040,43,1065,55
780,1,1042,46,1067,58
781,1,1044,52,1068,64
782,1,1047,59,1071,71
783,1,1049,64,1073,76
784,1,1052,69,1075,80
785,1,1059,73,1083,84
786,1,1066,72,1090,84
787,1,1072,69,1096,81
788,1,1079,61,1102,72
789,1,1083,52,1107,64
790,1,1085,44,1109,56
791,1,1087,38,1111,50
792,1,1088,34,1112,46
793,1,1088,33,1112,45
794,1,1088,32,1112,44
795,1,1086,33,1110,45
796,1,1086,34,1111,46
797,1,1084,34,1109,46
798,1,1083,34,1108,46
799,1,1083,33,1107,45
800,1,1082,30,1107,42
801,1,1082,27,1106,39
802,1,1082,25,1105,36
803,1,1079,22,1104,34
804,1,1080,23,1104,35
805,1,1081,25,1105,36
806,1,1082,27,1106,39
807,1,1083,28,1108,40
808,1,1087,30,1111,42
809,1,1092,31,1117,43
810,1,1098,32,1122,44
811,1,1103,32,1127,43
812,1,1108,30,1132,41
813,1,1111,30,1135,41
814,1,1114,29,1138,40
815,1,1115,26,1139,38
816,1,1115,24,1140,36
817,1,1112,22,1137,34
818,1,1106,19,1132,31
819,1,1098,16,1124,28
820,1,1088,12,1113,24
821,1,1075,8,1101,21
822,1,1061,5,1088,18
823,1,1052,1,1076,14
824,1,1042,0,1067,16
825,1,1035,1,1061,16
826,1,1033,3,1057,19
827,1,1032,6,1056,23
828,1,1034,11,1057,25
829,1,1038,14,1062,27
830,1,1044,14,1069,28
831,1,1050,15,1075,28
832,1,1057,16,1082,29
833,1,1062,17,1087,30
834,1,1067,19,1093,32
835,1,1074,23,1098,36
836,1,1079,27,1105,40
837,1,1083,32,1109,45
838,1,1085,35,1112,49
839,1,1086,35,1111,48
840,1,1088,34,1113,47
841,1,1090,33,1115,46
842,1,1094,33,1119,46
843,1,1099,35,1124,48
844,1,1106,37,1131,50
845,1,1114,40,1139,53
846,1,1123,43,1148,56
847,1,1132,45,1156,58
848,1,1140,45,1165,58
849,1,1151,43,1175,55
850,1,1159,39,1184,52
851,1,1168,35,1192,48
852,1,1174,31,1199,44
853,1,1181,29,1205,41
854,1,1186,28,1211,41
855,1,1193,27,1217,40
856,1,1197,27,1222,40
857,1,1203,27,1229,40
858,1,1208,26,1233,39
859,1,1214,25,1239,38
860,1,1219,23,1244,36
861,1,1224,20,1249,33
862,1,1229,18,1254,31
863,1,1234,14,1259,27
864,1,1239,11,1264,24
865,1,1246,8,1271,21
866,1,1250,5,1275,19
867,1,1255,3,1279,14
868,1,1261,0,1283,12
869,1,1265,-1,1288,11
870,1,1268,-3,1291,10
871,1,1270,-5,1294,8
872,1,1270,-7,1294,5
1161,1,1044,36,1059,48
1162,1,1046,36,1061,52
1163,1,1049,37,1064,50
1164,1,1056,28,1071,38
1165,1,1061,21,1075,32
1166,1,1066,16,1081,26
1167,1,1069,12,1084,24
1168,1,1075,14,1087,26
1169,1,1076,18,1091,31
1170,1,1079,23,1093,36
1171,1,1082,25,1097,38
1172,1,1088,25,1103,37
1173,1,1096,23,1110,37
1174,1,1104,23,1119,36
1175,1,1113,21,1126,33
1176,1,1120,23,1134,34
1177,1,1126,25,1141,37
1178,1,1128,24,1143,36
1179,1,1129,21,1143,32
1180,1,1126,15,1141,26
1181,1,1119,9,1135,19
1182,1,1111,4,1127,16
1183,1,1099,0,1116,12
1190,1,1002,30,1017,44
1191,1,993,34,1008,50
1192,1,985,41,1000,57
1193,1,979,46,994,62
1194,1,976,54,991,70
1195,1,975,66,989,81
1196,1,974,79,988,93
1197,1,978,95,992,109
1198,1,985,109,999,123
1199,1,993,115,1007,129
1200,1,998,115,1012,129
1201,1,1000,112,1014,124
1202,1,1000,108,1014,120
1203,1,1000,103,1014,115
1204,1,999,97,1013,109
1205,1,997,92,1011,104
1206,1,997,89,1011,101
1207,1,995,86,1010,99
1208,1,997,87,1012,99
1209,1,998,88,1014,100
1210,1,1002,89,1017,101
1211,1,1006,89,1021,101
1212,1,1008,86,1023,98
1213,1,1008,82,1023,94
1214,1,1007,79,1022,91
1215,1,1005,78,1020,90
1216,1,1003,78,1018,90
1217,1,999,76,1013,88
1218,1,993,71,1007,82
1219,1,986,71,1000,82
1220,1,979,69,993,80
1221,1,972,68,985,78
1222,1,965,68,980,80
1223,1,959,65,973,79
1224,1,949,67,964,81
1225,1,941,66,954,81
1226,1,931,63,943,75
1227,1,914,65,926,77
1228,1,905,57,917,72
1229,1,891,56,905,73
1230,1,878,57,894,74
1231,1,867,63,883,79
1232,1,857,67,873,82
1233,1,846,70,862,90
1234,1,837,75,851,92
1235,1,830,79,844,93
1236,1,819,82,835,98
1237,1,814,87,829,105
1238,1,813,97,827,114
1239,1,815,107,830,125
1240,1,816,120,830,136
1241,1,816,131,832,149
1242,1,821,143,835,160
1243,1,825,151,839,170
1244,1,830,158,846,177
1245,1,837,159,852,177
1246,1,842,161,857,179
1247,1,847,162,861,178
1248,1,848,163,862,179
1249,1,850,160,864,176
1250,1,849,154,864,172
1251,1,846,147,861,166
1252,1,840,138,859,158
1253,1,837,134,854,151
1254,1,833,132,849,151
1255,1,822,135,840,154
1256,1,813,141,830,160
1257,1,803,145,820,165
1258,1,793,146,810,165
1259,1,785,146,802,165
1260,1,780,142,797,161
1261,1,778,143,795,162
1262,1,778,143,795,162
1263,1,773,149,790,169
1264,1,771,156,789,176
1265,1,770,165,788,184
1266,1,771,172,789,194
1267,1,773,181,791,199
1268,1,776,188,795,209
1269,1,779,196,798,215
1270,1,782,203,801,222
1271,1,784,208,803,228
1272,1,787,213,807,231
1273,1,792,215,811,233
1274,1,799,213,818,231
1275,1,806,212,826,230
1276,1,815,208,834,226
1277,1,820,206,842,226
1278,1,826,205,849,223
1279,1,831,201,851,219
1280,1,830,195,854,214
1281,1,835,190,856,206
1282,1,835,182,858,201
1283,1,839,175,858,191
1284,1,838,169,858,186
1285,1,838,163,861,182
1286,1,839,160,862,177
1287,1,839,156,861,173
1288,1,840,152,860,170
1289,1,840,148,860,166
1290,1,840,143,860,161
1291,1,840,138,860,156
1292,1,842,134,861,151
1293,1,844,132,863,150
1294,1,846,128,866,146
1295,1,848,125,869,144
1296,1,851,119,872,138
1297,1,853,108,877,127
1298,1,856,99,878,119
1299,1,855,94,877,114
1300,1,852,92,875,110
1301,1,850,92,873,110
1302,1,848,93,870,110
1303,1,845,94,867,111
1304,1,842,94,864,111
1305,1,840,93,862,110
1306,1,838,91,860,108
1307,1,835,88,858,106
1308,1,834,84,857,102
1309,1,832,78,855,96
1310,1,830,71,853,89
1311,1,826,65,849,83
1312,1,822,59,845,77
1313,1,819,52,843,71
1314,1,819,49,843,68
1315,1,820,48,844,67
1316,1,825,48,849,67
1317,1,830,51,854,70
1318,1,836,53,860,72
1319,1,843,55,867,74
1320,1,849,57,873,76
1321,1,854,61,879,81
1322,1,857,67,882,87
1323,1,859,71,885,91
1324,1,861,73,887,94
1325,1,867,70,891,90
1326,1,870,67,894,87
1327,1,872,61,896,81
1328,1,879,55,903,75
1329,1,889,53,913,73
1330,1,900,54,924,74
1331,1,910,53,934,73
1332,1,917,49,941,69
1333,1,923,48,947,68
1334,1,926,43,950,63
1335,1,928,42,952,62
1336,1,928,38,952,58
1337,1,926,34,951,54
1338,1,921,31,946,52
1339,1,915,26,940,47
1340,1,908,22,933,43
1341,1,900,19,923,37
1342,1,890,21,916,37
1343,1,882,19,908,35
1344,1,873,17,899,33
1345,1,866,16,893,32
1346,1,860,17,886,33
1347,1,855,20,881,36
1348,1,851,26,878,42
1349,1,851,32,877,48
1350,1,853,36,880,53
1351,1,857,40,883,56
1352,1,863,42,888,57
1353,1,867,42,893,58
1354,1,870,41,899,59
1355,1,874,41,903,59
1356,1,879,44,906,59
1357,1,885,46,912,61
1358,1,890,48,917,63
1359,1,892,51,920,66
1360,1,895,54,923,69
1361,1,898,56,926,71
1362,1,903,54,931,69
1363,1,909,53,937,68
1364,1,914,56,942,71
1365,1,917,57,945,72
1366,1,920,56,947,71
1367,1,921,55,948,70
1368,1,919,49,947,64
1369,1,913,45,941,60
1370,1,902,42,930,57
1371,1,894,39,922,54
1372,1,887,32,918,49
1373,1,887,27,918,44
1374,1,889,24,920,41
1375,1,893,20,924,37
1376,1,900,20,930,37
1377,1,908,26,937,43
1378,1,915,33,945,50
1379,1,923,40,953,57
1380,1,932,46,962,63
1381,1,940,50,970,67
1382,1,948,51,978,68
1383,1,954,50,983,67
1384,1,957,46,987,63
1385,1,962,43,992,60
1386,1,965,42,994,57
1387,1,969,42,998,57
1388,1,974,43,1003,58
1389,1,979,42,1007,57
1390,1,983,42,1012,57
1391,1,988,40,1017,55
1392,1,992,37,1021,52
1393,1,998,36,1027,51
1394,1,1006,34,1035,49
1395,1,1016,34,1045,49
1396,1,1027,34,1056,49
1397,1,1038,35,1067,50
1398,1,1048,36,1077,51
1399,1,1059,36,1088,51
1400,1,1070,32,1100,47
1401,1,1081,27,1111,42
1402,1,1090,20,1119,35
1403,1,1100,12,1127,26
1404,1,1106,6,1135,19
1405,1,1115,-4,1145,12
1441,1,1070,0,1099,10
1442,1,1085,0,1115,13
1443,1,1099,5,1129,17
1444,1,1110,8,1144,21
1445,1,1124,8,1155,22
1446,1,1133,5,1165,19
1447,1,1142,1,1172,15
1448,1,1145,-3,1177,12
1449,1,1149,-3,1180,12
1450,1,1152,-3,1185,13
1451,1,1155,-3,1187,12
1452,1,1160,-2,1192,13
1453,1,1164,-1,1195,13
1454,1,1166,-4,1197,11
