0,2,1108,830,1118,841,1113,650,1125,662
1,2,1115,836,1125,847,1122,654,1134,666
2,2,1121,843,1131,854,1128,659,1140,671
3,2,1128,845,1138,856,1134,660,1146,672
4,2,1133,846,1143,857,1139,659,1151,671
5,2,1136,845,1146,856,1142,657,1154,669
6,2,1138,848,1149,858,1147,657,1160,670
7,2,1144,852,1154,863,1153,660,1166,673
8,2,1151,861,1161,871,1162,665,1175,678
9,2,1159,867,1169,878,1172,669,1185,682
10,2,1168,875,1178,885,1184,673,1197,686
11,2,1179,883,1189,893,1198,675,1209,690
12,2,1186,896,1198,908,1208,688,1222,700
13,2,1192,910,1203,922,1218,697,1230,712
14,2,1197,921,1208,933,1228,706,1239,721
15,2,1204,934,1214,945,1238,713,1249,728
16,2,1207,948,1220,960,1245,725,1259,740
17,1,1259,732,1270,746
578,1,1258,548,1268,563
579,1,1249,549,1262,562
580,1,1243,552,1256,562
581,1,1236,552,1250,564
582,1,1230,550,1242,564
583,1,1222,552,1236,562
584,1,1216,553,1231,565
585,1,1210,557,1223,570
586,1,1204,560,1217,573
587,1,1200,563,1213,576
588,1,1195,566,1208,579
589,1,1190,569,1203,582
590,2,1186,572,1199,585,1268,645,1281,657
591,2,1181,573,1194,586,1265,645,1278,658
592,2,1177,577,1191,591,1263,647,1275,660
593,2,1172,582,1186,596,1261,654,1273,666
594,2,1168,589,1182,603,1257,659,1270,671
595,2,1164,595,1178,609,1256,665,1268,677
596,2,1162,601,1176,615,1256,671,1268,683
597,2,1159,607,1173,621,1254,676,1267,688
598,2,1156,611,1170,625,1254,680,1266,692
599,2,1154,615,1168,629,1253,685,1266,695
600,2,1151,616,1165,630,1251,686,1265,697
601,2,1148,617,1162,631,1250,686,1263,697
602,2,1146,618,1160,632,1250,686,1262,698
603,2,1144,618,1158,632,1250,685,1261,698
604,2,1141,618,1155,632,1249,686,1261,698
605,2,1138,619,1152,633,1249,687,1260,700
606,2,1136,623,1150,637,1248,692,1259,703
607,2,1134,626,1148,640,1247,695,1258,706
608,2,1132,629,1146,643,1246,698,1258,709
609,2,1129,632,1143,646,1246,703,1257,713
610,2,1127,636,1142,651,1245,707,1256,718
611,2,1124,641,1139,656,1244,712,1255,723
612,2,1122,644,1137,659,1242,715,1254,727
613,2,1120,647,1135,662,1242,719,1253,730
614,2,1117,650,1132,665,1241,724,1252,736
615,2,1114,654,1129,669,1238,729,1249,740
616,2,1110,658,1125,673,1236,735,1246,745
617,2,1107,662,1122,677,1233,740,1243,750
618,2,1103,664,1118,679,1231,743,1241,753
619,2,1099,664,1115,680,1229,744,1240,757
620,2,1096,665,1111,680,1225,745,1238,758
621,2,1093,667,1108,682,1222,747,1236,761
622,2,1089,670,1105,686,1220,751,1234,765
623,2,1087,674,1103,690,1219,756,1233,770
624,2,1084,676,1100,692,1217,759,1231,773
625,2,1081,679,1097,695,1216,763,1230,777
626,2,1079,680,1095,696,1215,764,1229,778
627,2,1078,680,1093,695,1216,764,1230,778
628,2,1077,679,1092,694,1217,763,1231,777
629,2,1077,677,1092,692,1218,761,1232,775
630,2,1076,676,1092,692,1219,760,1233,774
631,2,1076,675,1092,691,1220,759,1234,773
632,2,1075,677,1091,693,1220,762,1234,776
633,2,1074,680,1090,696,1220,767,1234,781
634,2,1073,683,1089,699,1219,771,1233,785
635,2,1071,684,1087,700,1218,774,1232,788
636,2,1070,683,1086,699,1218,774,1232,788
637,2,1070,682,1086,698,1218,774,1232,788
638,2,1070,681,1087,698,1220,773,1234,787
639,2,1071,680,1087,696,1222,772,1236,786
640,2,1072,680,1088,696,1225,772,1239,786
641,2,1072,681,1088,697,1227,774,1241,788
642,2,1073,684,1089,700,1228,778,1242,792
643,2,1076,687,1090,702,1230,781,1244,795
644,2,1076,689,1090,704,1231,784,1245,798
645,2,1076,689,1090,704,1232,785,1245,798
646,2,1076,689,1090,705,1233,786,1247,800
647,2,1076,689,1090,703,1234,787,1248,801
648,2,1077,689,1090,703,1235,789,1249,803
649,2,1077,689,1091,703,1236,789,1250,803
650,2,1077,688,1091,702,1237,790,1251,804
651,2,1078,685,1093,700,1240,787,1254,801
652,2,1081,682,1094,694,1244,781,1257,794
653,2,1084,674,1097,686,1250,773,1263,786
654,2,1089,667,1101,681,1256,763,1269,776
655,2,1093,658,1106,671,1264,750,1276,766
656,1,1097,649,1111,661
657,1,1102,642,1115,654
658,1,1106,635,1119,649
659,1,1109,634,1123,645
660,1,1112,632,1126,643
661,1,1116,630,1128,642
662,1,1115,627,1129,639
663,1,1115,621,1128,636
664,1,1114,617,1127,629
665,1,1111,612,1124,624
666,1,1108,607,1121,619
667,1,1103,606,1118,619
668,1,1100,604,1114,618
669,1,1095,605,1109,618
670,1,1091,607,1104,620
671,1,1083,608,1098,622
672,1,1078,611,1093,624
673,1,1075,612,1088,627
674,1,1068,614,1084,630
675,2,1064,619,1077,633,1268,686,1280,700
676,2,1058,621,1074,637,1265,691,1276,705
677,2,1053,627,1069,643,1261,697,1272,712
678,2,1050,633,1064,648,1255,703,1267,718
679,2,1046,637,1061,652,1253,709,1264,723
680,2,1044,641,1057,654,1251,713,1262,727
681,2,1041,644,1054,657,1249,717,1260,731
682,2,1040,646,1053,660,1249,719,1259,732
683,2,1039,650,1053,662,1250,722,1262,735
684,2,1041,652,1053,665,1252,725,1264,740
685,2,1042,657,1054,669,1255,729,1266,744
686,2,1044,660,1056,673,1258,733,1269,748
687,2,1048,664,1059,676,1262,738,1272,749
688,2,1049,667,1062,680,1265,743,1275,755
689,2,1051,670,1064,684,1267,749,1277,761
690,2,1052,674,1065,687,1268,755,1278,768
691,2,1053,679,1065,692,1268,765,1279,777
692,2,1052,687,1065,699,1267,778,1277,791
693,2,1050,694,1064,707,1264,791,1274,802
694,2,1049,701,1061,715,1259,803,1269,815
695,2,1045,706,1058,719,1253,813,1264,825
696,2,1043,707,1055,720,1248,819,1258,830
697,2,1039,707,1052,720,1243,824,1253,835
698,2,1037,707,1050,720,1239,828,1250,840
699,2,1034,707,1047,720,1235,832,1246,844
700,2,1033,708,1045,721,1231,835,1242,847
701,2,1032,708,1044,721,1230,838,1241,850
702,2,1031,710,1043,722,1229,840,1240,853
703,2,1032,710,1043,722,1230,840,1241,852
704,2,1031,708,1043,721,1231,838,1243,851
705,2,1031,708,1043,720,1235,836,1247,848
706,2,1031,708,1043,719,1233,835,1246,846
707,2,1032,705,1043,717,1231,831,1246,841
708,2,1032,702,1043,714,1228,827,1242,837
709,2,1032,699,1044,711,1227,822,1242,832
710,2,1033,695,1045,707,1227,817,1239,827
711,1,1035,689,1048,702
712,1,1038,682,1051,694
713,1,1040,672,1054,686
714,1,1043,662,1057,676
715,1,1047,653,1059,667
716,1,1047,647,1061,661
717,1,1049,645,1062,657
718,1,1049,645,1063,659
719,1,1049,649,1063,662
720,1,1049,651,1063,665
721,1,1049,656,1061,669
722,1,1048,661,1061,675
723,1,1046,666,1060,680
724,1,1046,671,1060,684
725,1,1047,671,1059,687
726,1,1048,673,1058,686
727,1,1051,673,1061,687
728,1,1051,672,1061,685
729,1,1052,672,1063,685
730,1,1055,671,1067,683
731,1,1059,668,1072,681
732,1,1062,665,1075,679
733,1,1064,663,1079,676
734,1,1068,662,1081,674
735,1,1071,659,1085,672
736,1,1075,660,1088,670
737,1,1079,659,1090,670
738,1,1080,658,1092,674
739,1,1084,655,1096,667
740,1,1085,654,1096,665
741,1,1089,654,1099,664
742,1,1090,652,1101,663
743,1,1092,652,1102,663
744,1,1093,652,1104,662
745,1,1095,649,1107,660
746,1,1096,648,1108,658
747,1,1097,646,1110,656
748,1,1099,645,1111,655
749,1,1101,643,1112,653
750,1,1102,640,1113,652
751,1,1103,638,1114,650
752,1,1105,638,1117,648
753,1,1106,637,1118,648
754,1,1108,637,1119,647
755,1,1108,640,1120,650
756,1,1109,642,1121,652
757,1,1109,643,1121,655
758,1,1109,645,1121,658
759,1,1109,645,1119,658
760,1,1111,647,1122,659
761,1,1111,647,1121,660
762,1,1111,649,1121,661
763,1,1110,650,1121,663
764,1,1110,649,1121,662
765,1,1111,647,1122,660
766,1,1111,644,1123,657
767,1,1113,642,1123,654
768,1,1114,638,1125,651
769,1,1115,636,1127,649
770,1,1115,633,1129,646
771,1,1119,629,1130,641
772,1,1121,625,1132,638
773,1,1123,622,1135,636
774,1,1125,621,1138,634
775,1,1129,619,1141,633
776,1,1131,616,1144,631
777,1,1135,615,1146,629
778,1,1140,615,1151,627
779,1,1143,613,1154,626
780,1,1145,610,1158,624
781,1,1150,608,1161,620
782,1,1152,605,1165,620
783,1,1155,605,1168,616
784,1,1157,605,1170,616
785,1,1160,605,1174,617
786,1,1162,607,1174,619
787,1,1164,610,1176,623
788,1,1165,614,1177,626
789,1,1165,617,1176,629
790,1,1165,621,1178,632
791,1,1165,620,1178,633
792,1,1165,622,1179,635
793,1,1165,622,1178,634
794,1,1165,620,1178,634
795,1,1163,619,1176,631
796,1,1163,619,1175,630
797,1,1163,616,1175,630
798,1,1164,617,1175,629
799,1,1163,616,1175,627
800,1,1163,614,1176,625
801,1,1164,611,1176,622
802,1,1166,609,1178,620
803,1,1165,606,1179,616
804,1,1168,603,1181,615
805,1,1171,597,1183,610
806,1,1173,591,1185,605
807,1,1175,586,1187,600
808,1,1178,581,1189,594
809,1,1179,576,1192,589
810,1,1182,572,1193,585
811,1,1183,569,1194,583
812,1,1184,567,1196,580
813,1,1186,566,1197,577
814,1,1186,565,1198,579
815,1,1187,566,1199,579
816,1,1187,566,1199,580
817,1,1186,564,1198,579
818,1,1186,564,1197,577
819,1,1183,563,1196,576
820,1,1183,563,1195,576
821,1,1181,560,1193,574
822,1,1180,557,1191,572
823,1,1177,554,1190,568
824,1,1174,555,1187,567
825,1,1172,555,1186,568
826,1,1170,553,1183,568
827,1,1167,553,1181,566
828,1,1163,549,1179,566
829,1,1161,548,1174,562
830,1,1158,544,1172,555
831,1,1156,537,1169,551
832,1,1154,532,1166,546
833,1,1149,528,1162,542
834,1,1146,529,1158,542
835,1,1142,533,1154,544
836,1,1137,538,1151,551
837,1,1133,545,1148,559
838,1,1128,551,1144,567
839,1,1124,560,1140,576
840,1,1123,570,1136,585
841,1,1117,576,1133,592
842,1,1113,581,1129,597
843,1,1109,584,1125,600
844,1,1107,587,1122,602
845,1,1104,591,1120,607
846,1,1102,596,1117,611
847,1,1101,602,1116,617
848,1,1102,611,1115,625
849,1,1101,618,1115,632
850,1,1101,624,1115,639
851,1,1102,630,1115,644
852,1,1103,634,1116,647
853,1,1105,635,1117,648
854,1,1107,633,1120,648
855,1,1109,633,1122,647
856,1,1111,633,1124,647
857,1,1112,634,1126,648
858,1,1115,634,1128,648
859,1,1118,635,1131,648
860,1,1121,631,1135,647
861,1,1125,628,1139,643
862,1,1128,624,1141,638
863,1,1133,619,1145,634
864,1,1136,614,1150,630
865,1,1140,610,1154,626
866,1,1144,606,1158,622
867,1,1148,600,1162,617
868,1,1153,597,1165,613
869,1,1157,593,1169,609
870,1,1159,589,1173,605
871,1,1162,586,1176,601
872,1,1165,583,1178,598
873,1,1167,583,1180,598
874,1,1168,584,1181,599
875,1,1169,588,1182,602
876,1,1167,590,1181,606
877,1,1166,592,1178,607
878,1,1164,595,1176,609
879,1,1161,597,1174,613
880,1,1157,597,1170,611
881,1,1154,597,1166,609
882,1,1150,596,1162,608
883,1,1146,591,1159,604
884,1,1142,586,1154,598
885,1,1141,579,1152,591
886,1,1137,574,1150,587
887,1,1133,568,1147,582
888,1,1131,564,1143,576
889,1,1129,559,1141,571
890,1,1127,553,1139,566
891,1,1125,550,1137,564
892,1,1124,549,1136,562
893,1,1122,550,1134,563
894,1,1122,553,1133,563
895,1,1120,554,1133,566
896,1,1119,555,1132,566
897,1,1120,556,1132,567
898,1,1119,557,1131,568
899,1,1119,558,1131,570
900,1,1119,563,1130,574
901,1,1119,572,1131,584
902,1,1119,585,1131,596
903,1,1117,597,1131,609
904,1,1117,608,1131,620
905,1,1116,616,1128,627
906,1,1115,622,1128,633
907,1,1113,625,1128,637
908,1,1112,628,1125,638
909,1,1111,627,1123,639
910,1,1109,628,1122,639
911,1,1107,629,1122,641
912,1,1106,632,1120,644
913,1,1104,638,1118,648
914,1,1102,642,1117,653
915,1,1101,647,1115,658
916,1,1099,651,1113,662
917,1,1097,652,1110,662
918,1,1096,650,1110,660
919,1,1094,644,1106,655
920,1,1090,639,1103,651
921,1,1088,635,1101,645
922,1,1085,632,1099,642
923,1,1082,630,1097,641
924,1,1079,630,1094,641
925,1,1077,634,1092,646
926,1,1076,638,1089,651
927,1,1074,644,1088,654
928,1,1072,647,1086,659
929,1,1071,650,1085,663
930,1,1068,652,1083,664
931,1,1067,654,1081,667
932,1,1068,655,1081,666
933,1,1067,654,1082,666
934,1,1069,653,1082,664
935,1,1069,652,1084,664
936,1,1070,652,1085,665
937,1,1071,655,1087,668
938,1,1073,660,1088,671
939,1,1074,663,1089,676
940,1,1075,666,1092,678
941,1,1077,669,1090,681
942,1,1078,672,1091,684
943,1,1080,674,1092,685
944,1,1080,675,1093,687
945,1,1081,675,1093,686
946,1,1082,675,1095,687
947,1,1082,677,1095,689
948,1,1081,679,1094,691
949,1,1080,680,1092,691
950,1,1078,682,1090,693
951,1,1076,684,1088,695
952,1,1074,686,1087,698
953,1,1071,687,1084,699
954,1,1068,687,1081,699
955,1,1066,687,1079,699
956,1,1065,688,1078,700
957,1,1064,689,1078,702
958,1,1064,689,1077,701
959,1,1065,688,1078,700
960,1,1066,685,1080,698
961,1,1069,682,1082,694
962,1,1072,679,1085,691
963,1,1075,675,1088,687
964,1,1079,674,1092,686
965,1,1082,674,1095,686
966,1,1084,675,1097,687
967,1,1086,673,1099,685
968,1,1088,671,1102,684
969,1,1090,670,1103,682
970,1,1092,670,1105,682
971,1,1094,671,1108,684
972,1,1096,672,1109,684
973,1,1097,675,1111,688
974,1,1099,678,1112,690
975,1,1101,680,1114,692
976,1,1103,680,1117,693
977,1,1105,681,1119,694
978,1,1108,682,1122,695
979,1,1110,682,1124,695
980,1,1112,684,1126,697
981,1,1113,687,1127,700
982,1,1114,691,1128,704
983,1,1115,693,1129,706
984,1,1116,693,1130,706
985,1,1118,691,1132,704
986,1,1121,687,1135,700
987,1,1124,682,1138,695
988,1,1127,677,1141,690
989,1,1131,671,1145,684
990,1,1134,662,1148,675
991,1,1137,654,1151,667
992,1,1139,648,1153,661
993,1,1140,644,1154,657
994,1,1140,642,1153,654
995,1,1138,640,1151,652
996,1,1136,638,1149,650
997,1,1132,638,1146,651
998,1,1128,643,1142,656
999,1,1122,653,1136,666
1000,1,1116,664,1130,677
1001,1,1109,672,1123,685
1002,1,1102,678,1116,691
1003,1,1096,684,1110,697
1004,1,1090,688,1104,701
1005,1,1085,690,1099,703
1006,1,1081,690,1095,703
1007,1,1078,690,1092,703
1008,1,1076,689,1090,702
1009,1,1074,690,1088,703
1010,1,1073,693,1087,706
1011,1,1073,695,1087,708
1012,1,1074,698,1088,711
1013,1,1075,699,1089,712
1014,1,1077,700,1091,713
1015,1,1079,698,1094,711
1016,1,1082,698,1097,711
1017,1,1085,700,1100,713
1018,1,1087,701,1102,715
1019,1,1090,702,1104,715
1020,1,1093,703,1108,717
1021,1,1096,706,1111,720
1022,1,1098,708,1113,722
1023,1,1100,709,1115,723
1024,1,1101,711,1116,725
1025,1,1101,712,1116,726
1026,1,1102,713,1117,727
1027,1,1104,714,1119,728
1028,1,1105,716,1120,730
1029,1,1106,719,1121,733
1030,1,1108,722,1123,736
1031,1,1110,725,1125,739
1032,1,1111,727,1126,741
1033,1,1112,729,1127,743
1034,1,1112,729,1127,743
1035,1,1112,728,1127,742
1036,1,1112,726,1127,740
1037,1,1111,724,1126,738
1038,1,1111,721,1126,735
1039,1,1111,719,1126,733
1040,1,1112,717,1127,731
1041,1,1113,715,1128,729
1042,1,1115,712,1130,726
1043,1,1117,708,1132,722
1044,1,1119,703,1134,717
1045,1,1122,698,1137,712
1046,1,1125,693,1141,707
1047,1,1128,690,1143,704
1048,1,1131,688,1146,702
1049,1,1133,688,1148,702
1050,1,1136,688,1151,702
1051,1,1138,687,1153,701
1052,1,1140,687,1155,701
1053,1,1142,686,1157,700
1054,1,1144,684,1159,698
1055,1,1146,682,1161,696
1056,1,1148,681,1163,695
1057,1,1149,679,1164,693
1058,1,1151,676,1167,691
1059,1,1153,675,1169,689
1060,1,1155,674,1171,688
1061,1,1156,674,1172,688
1062,1,1158,674,1174,689
1063,1,1160,676,1176,691
1064,1,1162,678,1178,693
1065,1,1163,679,1179,694
1066,1,1164,681,1180,696
1067,1,1164,684,1180,699
1068,1,1165,686,1181,701
1069,1,1165,688,1181,703
1070,1,1166,690,1182,705
1071,1,1167,690,1183,705
1072,1,1168,691,1185,706
1073,1,1169,691,1185,706
1074,1,1173,693,1186,704
1075,1,1175,693,1188,704
1076,1,1177,692,1190,703
1077,1,1178,694,1191,705
1078,1,1180,696,1193,707
1079,1,1181,698,1194,709
1080,1,1182,698,1195,709
1081,1,1184,697,1197,708
1082,1,1186,695,1199,706
1083,1,1189,693,1202,704
1084,1,1193,688,1206,699
1085,1,1198,683,1211,694
1086,1,1203,676,1216,687
1087,1,1208,669,1221,680
1088,1,1212,665,1225,676
1089,1,1216,664,1229,675
1090,1,1220,666,1233,677
1091,1,1224,670,1237,681
1092,1,1227,675,1240,686
1093,1,1229,684,1242,695
1094,1,1230,695,1243,706
1095,1,1230,707,1243,718
1096,1,1229,717,1242,728
1097,1,1228,726,1242,737
1098,1,1227,732,1240,743
1099,1,1226,736,1240,747
1100,1,1227,736,1240,747
1101,1,1229,735,1242,746
1102,1,1231,732,1244,743
1103,1,1234,726,1247,737
1104,1,1237,718,1250,729
1105,1,1241,709,1254,720
1106,1,1244,701,1258,713
1107,1,1247,695,1260,706
1108,1,1250,690,1263,701
1109,1,1253,687,1266,698
1110,1,1255,682,1268,693
1111,1,1258,674,1271,685
1112,1,1260,665,1273,676
1113,1,1263,657,1279,670
1114,1,1265,650,1281,663
1115,1,1267,645,1284,659
1366,1,1269,465,1279,476
1367,1,1269,462,1280,473
1368,1,1268,458,1279,470
1369,1,1267,456,1279,468
1370,1,1267,454,1278,466
1371,1,1266,453,1278,465
1372,1,1268,456,1278,467
1373,1,1268,459,1279,471
1374,1,1269,465,1279,476
1375,1,1267,470,1279,482
1376,1,1266,476,1277,487
1377,1,1264,480,1275,492
1378,1,1261,485,1272,497
1379,1,1258,488,1269,500
1380,1,1253,491,1264,503
1381,1,1248,495,1259,507
1382,1,1244,501,1255,513
1383,1,1238,507,1249,519
1384,1,1232,513,1243,525
1385,1,1226,514,1237,526
1386,1,1220,511,1231,523
1387,1,1214,507,1225,519
1388,1,1209,502,1220,514
1389,1,1205,497,1216,509
1390,1,1200,493,1211,506
1391,1,1197,493,1208,505
1392,1,1194,495,1204,505
1393,1,1191,498,1202,509
1394,1,1189,502,1200,513
1395,1,1187,504,1197,514
1396,1,1186,506,1196,516
1397,1,1185,509,1195,519
1398,1,1183,512,1193,522
1399,1,1181,512,1191,522
1400,1,1180,514,1190,524
1401,1,1178,515,1188,525
1402,1,1177,518,1187,528
1403,1,1176,520,1187,531
1404,1,1175,520,1186,531
1405,1,1174,519,1185,530
1406,1,1173,517,1184,528
1407,1,1171,514,1182,525
1408,1,1170,512,1181,523
1409,1,1169,513,1180,524
1410,1,1167,516,1178,527
1411,1,1166,522,1177,533
1412,1,1164,528,1175,539
1413,1,1162,534,1173,545
1414,1,1160,538,1171,549
1415,1,1158,543,1169,554
1416,1,1156,548,1166,558
1417,1,1153,551,1163,561
1418,1,1150,553,1160,563
1419,1,1148,553,1158,563
1420,1,1145,553,1155,563
1421,1,1142,555,1152,565
1422,1,1140,556,1151,567
1423,1,1138,559,1148,569
1424,1,1136,561,1146,571
1425,1,1134,560,1144,570
1426,1,1132,558,1142,568
1427,1,1130,554,1140,564
1428,1,1129,549,1139,559
1429,1,1127,545,1137,555
1430,1,1125,541,1135,551
1431,1,1124,538,1135,549
1432,1,1122,537,1133,548
1433,1,1121,539,1132,550
1434,1,1119,543,1129,553
1435,1,1118,549,1128,559
1436,1,1116,553,1126,563
1437,1,1114,557,1124,567
1438,1,1112,559,1122,569
1439,1,1109,560,1120,571
1440,1,1107,560,1118,571
1441,1,1105,559,1115,569
1442,1,1103,559,1113,569
1443,1,1101,560,1111,570
1444,1,1098,560,1108,570
1445,1,1095,562,1105,572
1446,1,1093,565,1103,575
1447,1,1091,568,1101,578
1448,1,1089,572,1099,582
1449,1,1088,578,1098,588
1450,1,1086,583,1096,593
1451,1,1085,587,1095,597
1452,1,1084,591,1094,601
1453,1,1084,594,1094,604
1454,1,1083,597,1093,607
1455,1,1082,601,1092,611
1456,1,1081,605,1091,615
1457,1,1080,609,1091,620
1458,1,1080,615,1091,626
1459,1,1081,620,1092,631
1460,1,1082,623,1093,634
1461,1,1084,625,1095,636
1462,1,1085,627,1096,638
1463,1,1087,628,1098,639
1464,1,1089,628,1100,639
1465,1,1091,628,1102,639
1466,1,1093,630,1104,641
1467,1,1094,633,1105,644
1468,1,1095,638,1106,649
1469,1,1095,643,1106,654
1470,1,1095,648,1106,659
1471,1,1094,655,1105,666
1472,1,1092,663,1103,674
1473,1,1089,670,1103,683
1474,1,1086,677,1099,689
1475,1,1083,684,1096,695
1476,1,1079,686,1092,698
1477,1,1076,689,1088,700
1478,1,1072,690,1084,700
1479,1,1069,692,1083,702
1480,1,1066,694,1078,704
1481,1,1064,695,1077,706
1482,1,1061,696,1075,706
1483,1,1059,698,1072,708
1484,1,1057,700,1071,710
1485,1,1055,702,1069,712
1486,1,1055,704,1069,714
1487,1,1054,704,1068,714
1488,1,1055,702,1069,712
1489,1,1055,701,1069,711
1490,1,1057,699,1071,709
1491,1,1058,697,1072,707
1492,1,1060,695,1074,705
1493,1,1063,693,1077,703
1494,1,1066,691,1080,701
1495,1,1068,690,1083,701
1496,1,1070,690,1085,701
1497,1,1072,691,1087,702
1498,1,1072,692,1087,702
1499,1,1072,696,1087,707
1500,1,1071,702,1086,713
1501,1,1070,707,1085,718
1502,1,1069,713,1084,724
1503,1,1067,717,1082,728
1504,1,1067,721,1082,732
1505,1,1066,723,1082,734
1506,1,1065,724,1081,735
1507,1,1063,725,1079,736
1508,1,1061,725,1077,736
1509,1,1060,725,1076,736
1510,1,1058,723,1073,734
1511,1,1058,721,1074,732
1512,1,1057,718,1072,729
1513,1,1056,717,1071,728
1514,1,1055,716,1070,727
1515,1,1054,716,1069,727
1516,1,1054,717,1069,728
1517,1,1052,718,1066,728
1518,1,1054,719,1068,729
1519,1,1052,719,1067,730
1520,1,1053,718,1067,728
1521,1,1053,718,1067,728
1522,1,1054,718,1069,728
1523,1,1056,717,1070,727
1524,1,1057,716,1072,727
1525,1,1060,715,1074,725
1526,1,1062,713,1076,723
1527,1,1065,711,1079,721
1528,1,1067,710,1081,720
1529,1,1071,709,1086,719
1530,1,1074,708,1088,718
1531,1,1078,706,1092,716
1532,1,1082,704,1097,715
1533,1,1086,702,1101,713
1534,1,1091,701,1105,711
1535,1,1094,701,1108,711
1536,1,1098,703,1112,713
1537,1,1101,705,1115,715
1538,1,1105,707,1119,717
1539,1,1108,709,1123,720
1540,1,1111,709,1125,719
1541,1,1114,711,1128,721
1542,1,1116,713,1130,723
1543,1,1118,716,1133,727
1544,1,1119,719,1134,730
1545,1,1120,722,1135,733
1546,1,1120,725,1135,736
1547,1,1121,726,1136,737
1548,1,1122,726,1137,737
1549,1,1122,725,1137,736
1550,1,1122,724,1137,735
1551,1,1122,724,1137,735
1552,1,1123,724,1138,735
1553,1,1123,723,1138,734
1554,1,1124,723,1139,734
1555,1,1125,723,1140,734
1556,1,1125,723,1140,734
1557,1,1124,723,1139,734
1558,1,1123,723,1138,734
1559,1,1121,724,1137,735
1560,1,1119,726,1135,737
1561,1,1118,727,1133,738
1562,1,1115,730,1130,741
1563,1,1112,735,1127,746
1564,1,1108,738,1123,749
1565,1,1106,738,1121,749
1566,1,1105,734,1120,745
1567,1,1105,728,1120,739
1568,1,1106,721,1121,732
1569,1,1107,715,1122,726
1570,1,1109,711,1125,722
1571,1,1111,708,1127,719
1572,1,1116,710,1129,720
1573,1,1119,711,1132,721
1574,1,1124,712,1137,722
1575,1,1130,712,1143,722
1576,1,1136,711,1149,721
1577,1,1143,708,1156,718
1578,1,1150,705,1163,715
1579,1,1157,700,1171,710
1580,1,1164,695,1178,706
1581,1,1170,689,1184,700
1582,1,1176,685,1190,696
1583,1,1182,683,1196,693
1584,1,1186,682,1200,693
1585,1,1190,683,1204,694
1586,1,1194,685,1208,696
1587,1,1196,687,1210,698
1588,1,1198,691,1212,702
1589,1,1198,698,1212,709
1590,1,1198,704,1212,715
1591,1,1198,708,1211,718
1592,1,1196,710,1209,720
1593,1,1195,711,1209,722
1594,1,1193,711,1206,721
1595,1,1191,710,1205,721
1596,1,1189,708,1203,718
1597,1,1187,706,1201,717
1598,1,1185,703,1199,713
1599,1,1184,699,1198,709
1600,1,1182,694,1196,704
1601,1,1181,690,1195,701
1602,1,1180,686,1194,696
1603,1,1179,683,1193,694
1604,1,1177,679,1191,689
1605,1,1176,673,1190,684
1606,1,1175,667,1189,677
1607,1,1175,661,1189,672
1608,1,1174,657,1188,668
1609,1,1174,655,1188,666
1610,1,1174,653,1188,664
1611,1,1174,651,1188,662
1612,1,1174,649,1188,660
1613,1,1174,649,1188,660
1614,1,1175,648,1189,659
1615,1,1176,646,1190,657
1616,1,1178,644,1192,655
1617,1,1179,642,1193,653
1618,1,1181,640,1195,651
1619,1,1183,638,1197,649
1620,1,1186,636,1200,647
1621,1,1188,634,1202,645
1622,1,1190,633,1205,644
1623,1,1193,634,1207,645
1624,1,1194,637,1209,648
1625,1,1196,640,1211,651
1626,1,1197,642,1211,653
1627,1,1198,646,1212,657
1628,1,1198,652,1213,663
1629,1,1198,660,1213,671
1630,1,1198,666,1213,677
1631,1,1197,671,1212,682
1632,1,1196,674,1210,685
1633,1,1195,675,1210,686
1634,1,1195,675,1210,686
1635,1,1196,675,1211,686
1636,1,1197,674,1211,685
1637,1,1200,674,1214,685
1638,1,1202,675,1217,686
1639,1,1205,675,1220,686
1640,1,1208,674,1223,685
1641,1,1211,671,1226,682
1642,1,1214,667,1229,678
1643,1,1218,663,1233,674
1644,1,1221,659,1236,670
1645,1,1223,655,1238,666
1646,1,1226,653,1241,664
1647,1,1228,651,1243,662
1648,1,1231,650,1244,660
1649,1,1234,647,1247,657
1650,1,1237,644,1250,654
1651,1,1239,641,1252,651
1652,1,1241,638,1254,648
1653,1,1243,635,1256,645
1654,1,1245,632,1258,642
1655,1,1247,630,1260,640
1656,1,1249,628,1262,638
1657,1,1251,628,1264,638
1658,1,1252,628,1265,638
1659,1,1254,628,1267,638
1660,1,1255,626,1268,636
1661,1,1257,621,1270,631
1662,1,1259,616,1272,626
1663,1,1261,608,1274,618
1664,1,1263,601,1276,611
1665,1,1265,594,1279,608
1666,1,1267,589,1282,606
1667,1,1269,585,1284,602
1676,1,1267,610,1280,622
1677,1,1265,610,1278,622
1678,1,1264,610,1277,622
1679,1,1262,608,1275,620
1680,1,1261,606,1274,618
1681,1,1260,602,1273,614
1682,1,1259,598,1272,610
1683,1,1258,592,1271,604
1684,1,1257,587,1270,599
1685,1,1256,583,1269,595
1686,1,1256,581,1269,593
1687,1,1256,580,1269,592
1688,1,1255,580,1268,592
1689,1,1255,581,1268,593
1690,1,1255,581,1268,593
1691,1,1254,581,1267,593
1692,1,1254,580,1267,592
1693,1,1254,581,1267,593
1694,1,1254,581,1267,593
1695,1,1254,582,1267,594
1696,1,1254,583,1267,595
1697,1,1256,581,1269,593
1698,1,1258,577,1271,589
1699,1,1260,572,1273,584
1700,1,1263,567,1276,579
1701,1,1264,562,1280,575
1702,1,1268,557,1284,570
