2,1,793,40,803,53
3,1,768,34,779,48
4,1,757,48,769,62
5,1,759,79,771,91
6,1,760,93,772,109
7,1,753,101,763,112
8,1,743,105,755,121
9,1,733,118,746,133
10,1,729,122,740,134
11,1,725,125,738,140
12,1,722,132,732,145
13,1,721,133,732,148
14,1,719,136,732,153
15,1,719,142,731,157
16,1,717,148,730,161
17,1,717,155,730,168
18,1,716,164,728,176
19,1,716,172,727,186
20,1,713,180,724,194
21,1,709,188,720,201
22,1,705,192,718,204
23,1,702,194,715,206
24,1,703,195,714,208
25,1,702,195,713,208
26,1,701,193,712,206
27,1,696,189,707,202
28,1,690,183,701,196
29,1,686,178,696,190
30,1,681,169,693,183
31,1,677,165,687,177
37,1,686,190,697,204
38,1,692,191,704,206
39,1,697,191,710,205
40,1,703,189,716,203
41,1,710,189,722,204
42,1,713,186,728,202
43,1,717,183,730,197
44,1,720,178,734,194
45,1,723,175,737,188
50,1,714,162,728,176
51,1,711,160,728,175
52,1,708,164,722,177
53,1,702,165,716,177
54,1,693,163,708,177
55,1,687,162,700,174
56,1,675,160,691,173
57,1,668,157,682,170
58,1,657,156,672,169
59,1,646,156,661,169
60,1,636,157,652,170
61,1,628,159,643,172
62,1,622,162,637,177
63,1,616,165,631,180
64,1,612,172,627,186
65,1,609,181,624,196
66,1,608,190,625,205
67,1,609,200,623,215
68,1,610,209,625,224
69,1,612,215,628,233
70,1,614,222,629,238
71,1,616,226,630,243
72,1,620,230,634,248
73,1,626,237,641,251
74,1,631,245,644,260
75,1,632,251,647,267
76,1,638,255,650,269
77,1,641,256,654,272
78,1,643,260,656,276
79,1,646,261,658,275
80,1,647,262,660,276
81,1,650,262,663,277
82,1,651,263,666,278
83,1,653,263,669,277
84,1,655,263,671,279
85,1,654,262,672,278
86,1,656,263,671,275
87,1,655,262,670,272
88,1,652,259,669,271
89,1,649,255,666,268
90,1,647,255,663,266
91,1,644,252,662,264
92,1,641,251,657,262
93,1,638,249,654,260
94,1,636,247,652,258
95,1,635,246,650,256
96,1,635,246,650,256
97,1,635,246,650,256
98,1,633,246,651,258
99,1,634,246,652,258
100,1,635,246,653,258
101,1,637,246,655,258
102,1,641,246,659,258
103,1,645,246,663,258
104,1,649,245,666,256
105,1,653,242,670,254
106,1,656,239,674,251
107,1,661,235,679,247
108,1,667,231,685,243
109,1,673,229,690,241
110,1,679,227,696,239
111,1,684,225,701,237
112,1,689,223,706,235
113,1,693,221,711,233
114,1,698,217,715,229
115,1,704,213,721,225
116,1,707,209,724,221
117,1,709,204,726,216
118,1,711,198,728,210
119,1,713,192,729,204
120,1,715,184,731,196
121,1,717,175,735,188
122,1,719,169,737,182
123,1,720,165,737,177
124,1,722,164,739,176
125,1,723,166,740,178
126,1,721,167,739,180
127,1,721,169,738,181
128,1,718,173,735,185
129,1,716,175,733,187
130,1,716,175,733,187
131,1,713,174,731,187
132,1,711,172,729,185
133,1,710,170,727,182
134,1,709,168,726,180
135,1,709,165,727,177
136,1,710,163,727,175
137,1,710,163,727,175
138,1,710,163,727,175
139,1,712,163,729,175
140,1,713,164,729,175
141,1,713,164,729,175
142,1,711,165,730,177
143,1,712,167,731,179
144,1,714,169,733,181
145,1,718,170,735,181
146,1,720,170,737,181
147,1,720,169,739,181
148,1,722,167,741,179
149,1,727,164,744,175
150,1,729,162,746,173
151,1,731,162,748,173
152,1,733,162,751,173
153,1,735,162,752,173
154,1,736,161,754,172
155,1,739,162,756,173
156,1,740,162,758,173
157,1,739,160,760,173
158,1,740,159,761,172
159,1,742,159,763,172
160,1,744,161,763,173
161,1,744,162,764,175
162,1,748,164,766,176
163,1,749,164,767,176
164,1,749,164,767,176
165,1,747,165,765,177
166,1,744,164,762,176
167,1,741,163,758,175
168,1,738,163,756,175
169,1,734,161,752,173
170,1,730,158,748,170
171,1,728,157,746,169
172,1,724,156,742,168
173,1,720,157,738,169
174,1,716,160,732,172
175,1,712,164,728,176
176,1,709,167,725,179
177,1,707,171,723,183
178,1,706,172,725,182
179,1,708,172,727,182
180,1,711,170,730,180
181,1,714,170,733,180
182,1,719,170,738,180
183,1,725,170,744,180
184,1,731,171,750,181
185,1,736,172,755,182
186,1,741,171,761,181
187,1,745,170,766,181
188,1,749,168,770,179
189,1,753,166,774,177
190,1,757,164,778,175
191,1,764,166,785,177
192,1,769,167,789,178
193,1,772,167,792,178
194,1,774,167,793,177
195,1,775,166,794,176
196,1,775,165,794,175
197,1,776,163,796,173
198,1,776,163,797,173
199,1,775,163,796,173
200,1,775,161,797,171
201,1,774,161,795,171
202,1,773,159,794,169
203,1,774,159,795,169
204,1,774,161,796,171
205,1,775,163,796,173
206,1,776,165,798,175
207,1,778,165,799,175
208,1,780,167,801,177
209,1,782,166,803,176
210,1,783,165,805,175
211,1,785,165,806,175
212,1,788,163,810,173
213,1,791,163,812,173
214,1,794,165,815,175
215,1,798,165,819,175
216,1,800,163,821,173
217,1,801,161,822,171
218,1,801,155,822,165
219,1,801,151,822,161
220,1,801,147,822,157
221,1,803,145,825,155
222,1,805,145,826,155
223,1,807,146,828,156
224,1,809,146,830,156
225,1,810,147,832,158
226,1,812,149,834,159
227,1,816,150,838,160
228,1,822,149,845,159
229,1,827,147,850,157
230,1,830,144,853,154
231,1,832,141,855,151
232,1,832,140,854,150
233,1,831,140,853,150
234,1,831,140,853,150
235,1,831,140,853,150
236,1,830,141,852,151
237,1,831,141,853,151
238,1,829,140,851,150
239,1,829,140,851,150
240,1,828,139,850,149
241,1,826,137,848,148
242,1,825,136,846,147
243,1,823,135,845,146
244,1,823,134,846,145
245,1,822,134,844,144
246,1,823,135,844,145
247,1,825,137,846,147
248,1,827,139,848,149
249,1,828,140,849,150
250,1,830,140,851,150
251,1,830,141,850,151
252,1,830,142,850,152
253,1,831,143,849,153
254,1,830,145,848,155
255,1,830,145,848,155
256,1,830,145,848,155
257,1,831,144,849,154
258,1,830,143,850,153
259,1,830,140,851,150
260,1,831,138,853,149
261,1,832,136,855,147
262,1,834,136,856,147
263,1,836,135,857,147
264,1,837,134,858,146
265,1,838,135,857,146
266,1,837,136,857,147
267,1,834,135,857,148
268,1,836,134,857,147
269,1,836,132,856,145
270,1,837,130,856,142
271,1,838,126,858,139
272,1,839,124,858,136
273,1,840,122,859,134
274,1,841,120,861,133
275,1,842,118,863,131
276,1,844,118,864,131
277,1,845,119,865,132
278,1,848,121,868,134
279,1,852,123,872,135
280,1,855,124,875,136
281,1,858,124,878,136
282,1,859,125,880,138
283,1,861,127,882,140
284,1,862,129,884,142
285,1,863,131,884,144
286,1,865,134,887,147
287,1,866,136,888,149
288,1,869,139,890,150
289,1,869,138,889,149
290,1,870,135,889,145
291,1,871,130,893,140
292,1,871,128,893,138
293,1,871,125,894,136
294,1,870,124,892,134
295,1,869,124,891,134
296,1,870,123,893,134
297,1,872,120,894,132
298,1,872,120,893,132
299,1,872,122,893,134
300,1,872,124,892,135
301,1,875,126,896,137
302,1,874,130,897,142
303,1,876,134,903,149
304,1,882,138,906,150
305,1,887,142,908,152
306,1,887,144,909,154
307,1,887,147,909,157
308,1,889,147,910,158
309,1,890,145,912,156
310,1,891,146,910,156
311,1,893,143,915,154
329,1,947,139,962,150
330,1,948,136,963,147
331,1,949,133,966,145
332,1,951,131,967,143
333,1,952,131,969,143
334,1,954,131,971,143
335,1,956,131,973,143
336,1,960,132,979,143
337,1,960,128,978,139
338,1,962,126,981,137
339,1,962,122,980,133
340,1,963,118,981,129
341,1,964,113,984,125
342,1,967,109,987,121
343,1,971,107,990,118
344,1,972,104,991,115
345,1,972,102,991,113
346,1,971,100,992,112
347,1,971,99,992,111
348,1,972,97,993,109
349,1,973,94,994,106
350,1,977,90,995,102
351,1,977,85,995,97
352,1,977,79,996,92
353,1,977,72,995,84
354,1,977,65,995,77
355,1,978,59,995,71
356,1,981,54,998,65
357,1,984,50,1001,61
358,1,990,48,1006,59
359,1,995,47,1011,58
360,1,1001,47,1017,58
361,1,1007,46,1023,57
362,1,1013,45,1029,56
363,1,1019,44,1035,55
364,1,1025,44,1042,55
365,1,1031,45,1047,56
366,1,1036,47,1052,58
367,1,1040,49,1056,59
368,1,1041,49,1057,60
369,1,1042,48,1058,58
370,1,1043,46,1058,56
371,1,1042,43,1057,53
372,1,1040,40,1056,50
373,1,1037,36,1053,46
374,1,1034,35,1050,45
375,1,1032,35,1048,45
376,1,1030,35,1046,46
377,1,1028,37,1044,48
378,1,1026,38,1042,49
379,1,1025,41,1041,52
380,1,1023,41,1039,51
381,1,1021,42,1036,52
382,1,1017,40,1032,50
383,1,1014,38,1029,48
384,1,1011,34,1027,44
385,1,1008,28,1023,38
386,1,1007,23,1022,33
387,1,1006,18,1021,28
388,1,1006,14,1022,24
389,1,1005,9,1020,19
390,1,1006,6,1021,16
391,1,1007,3,1022,13
392,1,1010,3,1023,13
393,1,1013,1,1026,11
394,1,1016,2,1029,12
395,1,1020,3,1033,13
396,1,1024,2,1037,12
397,1,1028,2,1042,12
398,1,1033,3,1046,13
399,1,1038,1,1051,11
400,1,1039,1,1052,11
401,1,1039,-2,1052,8
486,1,829,0,843,10
487,1,830,0,843,11
488,1,830,2,842,13
489,1,830,4,844,14
490,1,831,9,842,19
491,1,826,13,841,23
492,1,823,18,836,28
493,1,819,22,832,33
494,1,814,25,826,35
495,1,809,27,822,37
496,1,804,29,817,41
497,1,799,31,813,43
498,1,797,34,811,44
499,1,797,33,809,44
500,1,797,34,810,44
501,1,798,34,810,47
502,1,799,36,811,49
503,1,801,37,814,47
504,1,803,38,816,50
505,1,806,40,818,51
506,1,807,43,819,53
507,1,810,42,822,52
508,1,814,39,825,52
509,1,816,38,829,51
510,1,820,36,832,50
511,1,824,33,836,47
512,1,829,33,842,44
513,1,834,27,846,40
514,1,840,25,853,37
515,1,846,21,859,33
516,1,848,17,861,30
517,1,850,12,863,27
537,1,685,72,702,83
538,1,676,89,693,100
547,1,697,151,712,163
549,1,709,161,723,173
550,1,717,163,732,179
551,1,723,165,737,180
552,1,729,166,743,181
553,1,733,166,747,181
554,1,735,164,750,180
555,1,735,160,750,174
556,1,734,156,748,169
557,1,732,151,747,167
558,1,731,145,744,157
559,1,728,140,744,155
560,1,726,136,740,150
561,1,722,133,739,147
562,1,723,132,737,144
563,1,720,129,734,142
564,1,716,125,731,139
565,1,713,123,728,137
566,1,711,121,724,134
567,1,706,119,720,133
568,1,702,118,716,133
569,1,699,119,713,135
570,1,695,120,711,136
571,1,694,122,708,138
572,1,689,126,705,144
573,1,686,128,702,145
574,1,681,130,697,147
575,1,678,132,694,149
576,1,673,134,689,151
577,1,670,136,686,153
578,1,667,136,683,153
579,1,666,138,682,155
580,1,665,140,681,157
581,1,663,144,679,161
582,1,661,148,676,164
583,1,658,155,674,166
584,1,656,159,670,174
585,1,652,166,663,179
586,1,647,173,658,186
587,1,646,174,658,187
595,1,624,208,637,224
596,1,625,210,639,226
597,1,626,214,640,230
598,1,630,218,643,233
599,1,636,224,647,237
600,1,639,226,656,245
601,1,650,233,666,249
602,1,667,239,678,252
603,1,676,245,689,261
604,1,686,245,698,258
605,1,688,243,706,259
606,1,697,237,712,252
607,1,697,229,715,246
608,1,699,218,716,234
609,1,698,205,715,219
610,1,697,191,713,204
611,1,695,178,712,193
612,1,694,166,710,181
613,1,690,159,705,173
614,1,683,154,700,169
615,1,685,151,695,165
616,1,682,150,692,162
617,1,669,148,688,164
618,1,667,146,684,163
619,1,666,145,683,162
620,1,665,147,682,163
621,1,666,146,682,161
622,1,668,143,683,159
623,1,667,139,685,154
624,1,667,137,685,150
625,1,668,135,684,150
626,1,669,134,684,148
627,1,665,136,682,151
628,1,661,137,679,151
629,1,660,137,676,152
630,1,654,137,671,152
631,1,652,138,666,152
632,1,645,139,661,154
633,1,641,140,658,154
634,1,638,144,654,158
635,1,637,149,651,165
636,1,634,154,650,169
637,1,632,157,649,173
638,1,633,160,648,176
639,1,632,162,648,178
640,1,631,164,648,180
641,1,632,167,648,183
642,1,631,171,646,187
643,1,631,174,647,191
644,1,630,179,648,194
645,1,630,182,648,197
646,1,629,184,647,199
647,1,628,187,647,203
648,1,626,190,645,206
649,1,624,193,643,209
650,1,622,195,640,210
651,1,620,195,637,212
652,1,618,196,635,213
653,1,614,197,633,212
654,1,613,197,631,211
655,1,612,192,631,208
656,1,610,190,629,206
657,1,611,190,629,203
658,1,609,191,626,204
659,1,607,189,624,202
660,1,603,189,621,203
661,1,599,188,617,202
662,1,597,188,615,202
663,1,595,191,612,205
664,1,594,193,615,207
665,1,594,196,613,209
666,1,595,198,613,211
667,1,595,201,613,214
668,1,593,201,613,218
669,1,594,203,614,220
670,1,596,204,615,220
671,1,598,202,618,219
672,1,601,202,622,220
673,1,606,201,625,216
674,1,613,200,631,214
675,1,617,200,635,214
676,1,622,199,641,214
677,1,627,199,643,212
678,1,631,197,648,210
679,1,636,195,651,207
680,1,638,190,653,202
681,1,640,185,655,196
682,1,640,179,656,192
683,1,639,175,660,189
684,1,640,173,661,187
685,1,642,171,663,185
686,1,644,171,665,185
687,1,648,171,669,185
688,1,651,171,672,185
689,1,653,171,673,184
690,1,653,170,674,184
691,1,652,168,673,182
692,1,652,165,673,179
693,1,650,162,671,176
694,1,649,159,670,173
695,1,647,155,668,169
696,1,646,151,667,165
697,1,645,148,666,162
698,1,645,146,666,160
699,1,646,145,667,159
700,1,647,145,668,159
701,1,648,145,669,159
702,1,650,147,671,161
703,1,651,148,672,162
704,1,653,149,674,163
705,1,654,149,675,163
706,1,654,147,675,161
707,1,653,146,674,160
708,1,650,144,672,158
709,1,648,143,670,158
710,1,646,144,667,158
711,1,643,145,664,159
712,1,640,146,661,160
713,1,635,147,656,161
714,1,631,149,652,163
715,1,626,150,647,164
716,1,621,152,642,166
717,1,619,154,640,168
718,1,617,157,638,171
719,1,614,160,635,174
720,1,614,165,635,179
721,1,613,169,633,183
722,1,610,172,631,186
723,1,611,174,631,187
724,1,611,176,631,190
725,1,613,178,633,191
726,1,615,178,635,191
727,1,619,177,639,190
728,1,623,176,644,190
729,1,629,175,649,188
730,1,632,175,653,189
731,1,636,174,656,187
732,1,639,176,660,190
733,1,643,178,663,191
734,1,645,179,665,192
735,1,648,181,668,194
736,1,650,183,670,196
737,1,650,185,670,198
738,1,648,187,668,200
739,1,647,188,667,202
740,1,646,190,668,202
741,1,645,187,666,199
742,1,642,184,665,195
743,1,640,183,664,194
744,1,639,184,662,195
745,1,637,185,660,196
746,1,635,187,659,198
747,1,632,189,656,200
748,1,629,190,653,201
749,1,628,193,650,203
750,1,628,194,650,204
751,1,628,193,650,203
752,1,629,191,651,201
753,1,630,189,652,199
754,1,633,187,655,197
755,1,638,186,660,196
756,1,643,185,665,195
757,1,650,185,672,195
758,1,658,185,680,195
759,1,665,186,688,197
760,1,672,190,695,201
761,1,679,194,703,205
762,1,686,200,709,211
763,1,693,205,716,215
764,1,701,207,723,217
765,1,708,207,730,217
766,1,715,205,737,215
767,1,722,199,744,209
768,1,727,191,750,201
769,1,732,182,755,193
770,1,739,173,761,183
771,1,744,166,766,176
772,1,749,160,771,170
773,1,753,155,775,165
774,1,755,150,778,160
775,1,758,145,780,155
776,1,760,141,782,151
777,1,763,139,786,149
778,1,765,136,788,146
779,1,767,134,790,144
780,1,767,132,790,142
781,1,767,132,789,142
782,1,764,131,787,142
783,1,760,128,783,139
784,1,757,124,779,134
785,1,754,119,777,130
786,1,751,113,774,124
787,1,749,108,771,118
788,1,746,104,769,114
789,1,745,101,768,111
790,1,742,100,766,111
791,1,740,99,763,109
792,1,739,99,762,110
793,1,736,100,760,111
794,1,735,103,757,113
795,1,734,105,756,115
796,1,731,107,753,117
797,1,728,109,750,119
798,1,725,111,747,121
799,1,722,110,745,121
800,1,722,107,745,118
801,1,721,104,745,115
802,1,721,100,745,111
803,1,721,98,744,109
804,1,722,95,746,106
805,1,724,93,748,104
806,1,727,91,751,102
807,1,730,91,754,102
808,1,733,93,757,104
809,1,735,95,760,106
810,1,739,97,763,108
811,1,742,99,767,110
812,1,745,98,769,109
813,1,746,97,770,108
814,1,746,95,770,106
815,1,745,94,770,105
816,1,743,92,768,103
817,1,741,92,766,103
818,1,741,93,763,105
819,1,738,93,760,105
820,1,734,93,755,105
821,1,732,90,753,104
822,1,730,88,751,102
823,1,728,87,749,101
824,1,726,87,747,101
825,1,725,88,745,101
826,1,723,88,743,101
827,1,724,86,744,99
828,1,727,86,747,99
829,1,729,85,748,98
830,1,733,84,753,97
831,1,735,84,756,98
832,1,739,82,759,95
833,1,745,83,764,96
834,1,744,83,769,94
835,1,746,85,771,96
836,1,750,87,775,98
837,1,751,86,776,97
838,1,753,85,778,96
839,1,754,85,780,96
840,1,756,84,782,96
841,1,755,83,781,95
842,1,758,83,781,93
843,1,757,82,780,92
844,1,754,81,777,91
845,1,752,79,775,89
846,1,750,77,773,87
847,1,749,75,772,85
848,1,746,73,769,83
849,1,744,72,767,82
850,1,741,69,764,79
851,1,740,67,763,77
852,1,740,65,764,75
853,1,741,63,764,73
854,1,742,61,767,73
855,1,741,60,767,73
856,1,742,62,769,75
857,1,741,67,767,80
858,1,740,71,766,84
859,1,741,75,764,87
860,1,739,78,762,90
861,1,737,80,759,92
862,1,734,82,756,93
863,1,730,85,751,96
864,1,725,89,746,100
865,1,720,95,741,106
866,1,717,101,737,111
867,1,714,103,734,114
868,1,712,106,731,116
869,1,708,107,731,118
870,1,702,111,726,122
871,1,695,114,718,125
872,1,688,118,711,129
873,1,681,120,704,131
874,1,677,122,698,132
875,1,673,123,694,133
876,1,671,125,692,135
877,1,671,127,692,137
878,1,673,130,694,140
879,1,678,134,699,144
880,1,685,138,707,149
881,1,691,142,715,154
882,1,697,146,723,158
883,1,703,148,729,160
884,1,710,151,737,164
885,1,718,153,744,166
886,1,729,157,754,169
887,1,739,158,766,171
888,1,749,158,777,171
889,1,760,158,787,171
890,1,770,156,798,169
891,1,780,156,808,170
892,1,790,156,816,167
893,1,798,154,824,165
894,1,807,149,834,161
895,1,813,143,838,154
896,1,817,136,843,147
897,1,820,129,845,140
898,1,826,123,852,135
931,1,813,64,838,75
932,1,817,66,844,76
933,1,821,68,848,78
934,1,827,70,855,80
935,1,832,71,857,82
936,1,835,71,863,83
937,1,841,70,866,82
938,1,845,70,860,81
939,1,846,64,873,77
941,1,849,52,875,65
942,1,853,46,879,59
943,1,856,40,880,51
946,1,864,30,891,40
947,1,865,28,881,38
948,1,864,28,892,38
950,1,863,24,890,36
951,1,861,22,888,34
952,1,861,20,888,32
953,1,859,18,887,30
979,1,809,9,836,21
980,1,812,12,839,24
981,1,812,12,839,24
982,1,821,16,845,27
983,1,821,16,846,27
984,1,821,14,847,29
986,1,821,10,844,22
987,1,819,6,842,18
988,1,817,2,840,14
989,1,815,0,839,10
994,1,811,4,832,17
996,1,805,5,829,17
997,1,806,5,828,17
998,1,802,5,824,15
999,1,799,6,823,17
1000,1,801,5,824,18
1001,1,801,5,824,18
1002,1,801,7,823,20
1003,1,801,7,823,20
1004,1,801,7,823,20
1005,1,801,7,823,20
1006,1,802,10,820,20
1007,1,802,10,820,20
1008,1,798,10,819,20
1009,1,797,10,818,20
1010,1,798,12,819,23
1011,1,796,13,817,24
1012,1,796,15,817,26
1013,1,796,17,816,28
1014,1,795,19,816,30
1015,1,794,22,815,33
1016,1,792,23,813,34
1017,1,791,25,811,36
1018,1,790,26,810,37
1019,1,788,27,809,38
1020,1,787,28,808,39
1021,1,785,30,806,41
1022,1,783,30,804,41
1023,1,781,29,801,40
1024,1,779,29,800,40
1025,1,776,30,797,41
1026,1,774,30,795,41
1027,1,774,30,795,41
1028,1,774,30,795,41
1029,1,774,31,794,41
1030,1,772,32,792,42
1031,1,763,36,783,46
1032,1,763,36,783,46
1033,1,763,36,783,46
1034,1,763,36,783,46
1035,1,760,40,782,53
1036,1,758,41,781,54
1037,1,756,44,780,58
1038,1,756,44,778,57
1039,1,754,45,776,58
1040,1,752,46,774,59
1041,1,749,47,771,60
1042,1,746,49,768,62
1043,1,741,50,763,63
1044,1,738,53,756,65
1045,1,731,55,750,68
1046,1,728,58,745,69
1047,1,722,59,739,71
1048,1,718,62,734,73
1049,1,714,65,730,75
1050,1,712,68,727,78
1051,1,710,70,725,80
1052,1,708,70,723,80
1053,1,708,71,723,81
1054,1,706,77,724,87
1055,1,706,81,724,91
1056,1,708,86,727,96
1057,1,712,90,731,101
1058,1,718,95,735,105
1059,1,722,99,739,109
1060,1,727,103,744,113
1061,1,728,107,747,117
1062,1,731,109,748,119
1063,1,734,111,751,121
1064,1,735,111,753,121
1065,1,736,110,753,121
1066,1,737,109,754,119
1067,1,738,107,756,118
1068,1,737,105,755,116
1069,1,737,104,755,115
1070,1,736,102,754,113
1071,1,735,100,753,112
1072,1,736,98,753,110
1073,1,734,98,752,108
1074,1,734,96,750,106
1075,1,734,93,748,105
1076,1,732,92,745,102
1077,1,728,89,744,102
1078,1,725,88,740,101
1079,1,723,88,738,98
1080,1,720,86,736,96
1081,1,715,85,732,96
1082,1,712,84,729,95
1083,1,709,81,727,93
1084,1,703,83,722,94
1085,1,701,82,719,92
1086,1,697,82,713,93
1087,1,693,83,710,95
1088,1,689,83,704,95
1089,1,688,84,700,94
1090,1,677,87,695,99
1091,1,674,86,690,99
1092,1,669,86,687,99
1093,1,669,87,685,99
1094,1,665,88,683,101
1095,1,668,89,682,99
1096,1,666,90,682,101
1097,1,667,92,682,104
1098,1,665,95,680,107
1099,1,665,95,680,107
1100,1,661,98,678,109
1101,1,661,99,677,109
1102,1,659,99,676,109
1103,1,658,99,674,111
1104,1,654,99,671,113
1105,1,648,101,665,114
1106,1,648,102,660,115
1107,1,642,108,655,120
1108,1,641,110,653,124
1109,1,638,117,650,128
1110,1,635,117,649,129
1111,1,631,120,644,130
1112,1,627,120,642,133
1113,1,623,120,639,136
1114,1,622,122,635,138
1115,1,620,120,635,132
1116,1,616,123,633,135
1117,1,617,123,631,138
1118,1,614,124,631,139
1119,1,611,130,627,143
1120,1,608,130,626,144
1121,1,606,130,624,145
1134,1,626,142,643,155
1135,1,624,141,641,155
1136,1,622,141,638,157
1137,1,616,143,633,159
1138,1,612,147,629,160
1139,1,605,146,623,163
1140,1,600,148,616,163
1141,1,596,150,611,164
1142,1,595,149,609,163
1143,1,592,149,608,165
1144,1,591,151,607,168
1145,1,590,153,605,170
1146,1,590,154,605,169
1147,1,591,155,607,170
1148,1,592,157,608,172
1149,1,596,158,610,173
1150,1,598,158,614,173
1151,1,600,157,615,170
1152,1,600,156,617,170
1153,1,601,155,617,169
1154,1,600,155,617,170
1155,1,600,155,614,167
1156,1,598,155,612,168
1157,1,598,155,612,168
1158,1,592,155,608,171
1159,1,589,156,605,172
1160,1,587,156,603,172
1161,1,583,158,599,174
1162,1,579,160,596,177
1163,1,575,161,592,178
1164,1,571,163,588,180
1165,1,568,164,584,180
1166,1,561,164,580,183
1167,1,557,164,575,182
1168,1,554,163,572,181
1169,1,552,163,570,181
1170,1,552,164,569,181
1171,1,551,164,568,181
1172,1,549,164,566,181
1173,1,548,166,565,183
1174,1,546,168,563,185
1175,1,545,170,562,187
1176,1,545,170,562,187
1177,1,545,171,562,188
1178,1,543,173,560,190
1179,1,541,174,558,191
1180,1,539,177,556,194
1181,1,537,180,554,197
1182,1,534,184,551,201
1183,1,532,188,549,205
1184,1,529,190,546,207
1185,1,526,192,543,209
1186,1,523,194,540,211
1187,1,521,195,538,212
1188,1,520,196,537,213
1189,1,518,197,535,214
1190,1,518,200,535,217
1191,1,518,203,535,220
1192,1,519,206,536,223
1193,1,519,209,536,226
1194,1,521,211,538,228
1195,1,522,213,538,229
1196,1,523,214,540,231
1197,1,524,216,542,234
1198,1,527,215,545,233
1199,1,529,213,547,231
1200,1,529,211,547,229
1201,1,529,208,546,225
1202,1,526,206,543,223
1203,1,522,203,539,220
1204,1,519,196,537,214
1205,1,515,194,531,210
1206,1,508,194,524,211
1207,1,501,195,517,212
1208,1,494,196,510,213
1209,1,488,195,503,211
1210,1,482,194,497,210
1211,1,476,192,492,209
1212,1,467,187,486,206
1213,1,460,186,479,205
1214,1,452,184,471,203
1215,1,446,183,465,202
1216,1,441,182,460,201
1217,1,437,183,456,202
1218,1,434,186,453,205
1219,1,431,188,450,207
1220,1,429,192,448,211
1221,1,425,195,444,214
1222,1,422,198,442,218
1223,1,419,201,438,220
1224,1,415,204,434,223
1225,1,412,207,431,226
1226,1,410,211,429,230
1227,1,409,215,428,234
1228,1,411,218,430,237
1229,1,412,222,431,241
1230,1,414,226,432,244
1231,1,417,228,435,246
1232,1,422,228,441,247
1233,1,431,226,452,242
1234,1,442,219,463,235
1235,1,453,214,474,230
1236,1,461,210,483,226
1237,1,470,206,492,222
1238,1,480,202,502,219
1239,1,487,200,510,217
1240,1,494,196,516,213
1241,1,499,189,522,207
1242,1,505,181,528,199
1243,1,512,169,537,183
1244,1,518,157,544,172
1245,1,526,145,551,159
1246,1,533,134,558,148
1247,1,539,125,564,139
1248,1,546,119,571,133
1249,1,552,117,578,132
1250,1,559,116,585,130
1251,1,564,115,590,129
1252,1,570,114,593,128
1253,1,574,112,597,126
1254,1,576,108,600,122
1255,1,577,100,601,114
1256,1,576,92,600,106
1257,1,575,85,602,99
1258,1,573,78,598,93
1259,1,570,76,594,88
1260,1,567,72,593,85
1261,1,565,70,591,83
1262,1,562,67,588,80
1263,1,557,68,582,81
1264,1,550,72,576,85
1265,1,543,76,569,89
1266,1,537,81,561,93
1267,1,527,86,552,99
1268,1,518,90,543,102
1269,1,509,94,534,106
1270,1,499,99,523,111
1271,1,488,104,513,116
1272,1,481,106,506,119
1273,1,479,107,504,120
1274,1,481,106,507,119
1275,1,484,103,510,116
1276,1,487,103,513,116
1277,1,489,107,515,120
1278,1,490,109,518,123
1279,1,491,113,518,127
1280,1,491,118,519,132
1281,1,494,123,518,136
1282,1,493,127,517,140
1283,1,493,131,517,144
1284,1,492,133,516,146
1285,1,491,133,515,146
1286,1,491,133,515,146
1287,1,491,131,515,144
1288,1,491,131,514,143
1289,1,491,131,514,143
1290,1,492,128,517,143
1291,1,495,128,519,142
1292,1,497,128,523,142
1293,1,500,129,526,143
1294,1,503,128,529,142
1295,1,506,126,532,140
1296,1,507,124,533,138
1297,1,508,123,535,137
1298,1,509,122,536,136
1299,1,510,122,537,137
1300,1,511,122,538,137
1301,1,516,123,541,136
1302,1,518,124,543,137
1303,1,521,126,545,139
1304,1,523,125,548,138
1305,1,524,123,549,136
1306,1,524,123,549,136
1307,1,523,123,547,136
1308,1,520,122,544,135
1309,1,518,120,542,133
1310,1,516,118,540,130
1311,1,513,118,537,130
1312,1,511,118,535,131
1313,1,507,118,533,131
1314,1,504,116,530,129
1315,1,501,114,527,127
1316,1,499,112,525,125
1317,1,497,109,523,123
1318,1,495,107,521,121
1319,1,495,105,521,119
1320,1,495,105,521,119
1321,1,496,105,523,119
1322,1,498,105,525,119
1323,1,500,105,527,119
1324,1,502,104,530,118
1325,1,505,103,533,117
1326,1,507,101,535,116
1327,1,510,99,538,114
1328,1,514,97,542,112
1329,1,517,95,545,110
1330,1,520,93,549,108
1331,1,524,91,552,106
1332,1,529,90,557,105
1333,1,534,87,563,102
1334,1,541,84,570,99
1335,1,547,82,576,97
1336,1,551,79,580,94
1337,1,555,77,583,91
1338,1,556,74,584,89
1339,1,557,72,585,87
1340,1,560,70,588,84
1341,1,562,68,590,83
1342,1,566,66,594,81
1343,1,568,65,596,80
1344,1,568,65,596,80
1345,1,567,65,594,79
1346,1,566,62,593,76
1347,1,565,60,592,74
1348,1,564,57,592,71
1349,1,564,54,593,68
1350,1,563,51,592,65
1351,1,562,49,591,63
1352,1,561,47,590,61
1353,1,560,48,588,62
1354,1,558,49,585,62
1355,1,557,49,584,62
1356,1,555,48,583,61
1357,1,552,47,580,61
1358,1,549,47,577,61
1359,1,546,47,574,61
1360,1,544,47,572,61
1361,1,541,47,569,61
1362,1,537,49,565,63
1363,1,533,50,561,64
1364,1,530,51,558,64
1365,1,526,52,554,66
1366,1,522,54,550,68
1367,1,517,58,545,71
1368,1,510,64,538,78
1369,1,502,68,530,82
1370,1,496,73,524,87
1371,1,492,77,521,91
1372,1,492,79,522,93
1373,1,496,82,523,96
1374,1,499,85,525,99
1375,1,503,87,529,101
1376,1,508,91,534,105
1377,1,512,93,538,107
1378,1,516,95,542,109
1379,1,520,96,546,110
1380,1,523,95,549,108
1381,1,525,93,551,107
1382,1,526,91,554,105
1383,1,530,90,556,104
1384,1,530,90,559,103
1385,1,531,88,560,101
1386,1,533,87,562,100
1387,1,535,86,564,99
1388,1,537,83,566,96
1389,1,539,81,569,94
1390,1,541,81,570,94
1391,1,541,80,570,93
1392,1,542,81,572,94
1393,1,540,82,569,95
1394,1,538,83,568,96
1395,1,535,84,564,97
1396,1,532,85,561,98
1397,1,530,84,559,96
1398,1,530,84,559,97
1399,1,531,82,560,95
1400,1,533,80,562,93
1401,1,537,78,566,90
1402,1,540,76,569,89
1403,1,545,73,574,85
1404,1,548,71,577,83
1405,1,552,69,581,81
1406,1,556,66,584,78
1407,1,560,64,588,76
1408,1,564,61,593,73
1409,1,567,58,596,70
1410,1,571,55,600,67
1411,1,574,50,603,62
1412,1,579,47,608,60
1413,1,583,43,612,55
1414,1,587,40,616,52
1415,1,591,38,620,51
1416,1,595,36,624,49
1417,1,600,34,629,47
1418,1,605,30,634,42
1419,1,609,25,638,38
1420,1,613,20,643,33
1421,1,616,16,646,29
1422,1,618,14,648,27
1423,1,619,13,649,26
1424,1,619,13,650,26
1425,1,617,14,648,27
1426,1,614,16,645,29
1427,1,614,17,643,30
1428,1,612,18,641,31
1429,1,611,19,639,32
1430,1,607,21,637,34
1431,1,603,20,632,33
1432,1,598,18,627,31
1433,1,594,16,623,29
1434,1,592,13,620,26
1435,1,592,9,624,24
1436,1,594,8,625,23
1437,1,596,7,627,22
1438,1,598,8,630,23
1439,1,599,10,631,25
1440,1,598,14,631,29
1441,1,597,18,630,34
1442,1,597,22,630,38
1443,1,597,25,629,40
1444,1,597,27,629,42
1445,1,599,27,630,40
1446,1,599,27,630,40
1447,1,600,29,630,42
1448,1,599,30,630,43
1449,1,597,32,629,45
1450,1,595,35,627,49
1451,1,594,38,625,51
1452,1,596,38,627,53
1453,1,596,38,627,53
1454,1,596,37,627,52
1455,1,595,37,626,52
1456,1,592,37,623,52
1457,1,589,39,620,54
1458,1,584,41,616,57
1459,1,580,43,613,59
1460,1,577,46,611,62
1461,1,575,48,609,64
1462,1,576,51,609,67
1463,1,583,51,613,66
1464,1,588,53,618,68
1465,1,595,55,627,70
1466,1,599,57,632,72
1467,1,603,58,635,73
1468,1,607,59,640,75
1469,1,614,60,647,75
1470,1,621,59,654,74
1471,1,627,58,659,73
1472,1,632,55,666,71
1473,1,638,52,671,67
1474,1,645,48,678,63
1475,1,653,46,686,61
1476,1,661,45,692,59
1477,1,668,43,700,58
1478,1,675,42,706,56
1479,1,682,38,713,53
1480,1,689,34,721,49
1481,1,695,28,726,42
1482,1,700,24,730,38
1483,1,701,18,732,33
1484,1,704,16,733,30
1485,1,706,12,735,26
1486,1,708,8,737,22
1487,1,708,4,739,19
1488,1,711,2,738,15
1489,1,711,0,738,13
1490,1,710,-2,737,11
1491,1,708,-2,735,11
1492,1,705,-2,731,11
1493,1,700,-4,728,9
1494,1,698,-3,725,10
1495,1,696,-4,723,9
1496,1,692,-5,720,8
1497,1,689,-5,716,8
1498,1,686,-5,713,8
1499,1,683,-6,710,7
1500,1,679,-5,708,9
1501,1,676,-4,705,10
1502,1,673,-3,700,10
1503,1,668,-2,697,12
1504,1,665,-2,695,12
1505,1,660,-4,693,12
1506,1,659,-5,692,11
1507,1,657,-4,689,11
1508,1,656,-3,688,13
1509,1,655,-2,687,13
1510,1,656,-2,688,13
1511,1,659,-2,691,14
1512,1,660,-2,691,13
1513,1,660,-5,690,10
1514,1,662,-7,692,8
1515,1,667,-7,696,7
1516,1,674,-7,703,7
1517,1,678,-6,707,8
1518,1,682,-7,711,7
1519,1,685,-5,713,8
1520,1,687,-3,715,10
1521,1,689,-1,716,12
1522,1,689,-1,716,12
1523,1,689,-1,716,12
1524,1,692,2,722,13
1525,1,689,-1,719,17
1526,1,688,-1,718,16
1527,1,686,-2,716,15
1528,1,686,-2,716,15
1529,1,685,-3,715,14
1530,1,684,-6,714,11
1531,1,683,-8,714,9
1532,1,682,-9,712,8
1533,1,680,-9,709,7
1534,1,678,-8,707,9
1535,1,675,-8,703,8
1536,1,675,-8,704,8
1537,1,676,-5,703,10
1538,1,678,-4,706,12
1539,1,679,-2,707,14
1540,1,682,2,709,17
1541,1,684,4,711,19
1542,1,684,7,712,23
1543,1,686,9,714,25
1544,1,687,10,714,25
1545,1,687,10,714,25
1546,1,688,8,715,23
1547,1,689,5,716,20
1548,1,689,2,716,17
1549,1,691,-2,717,13
1550,1,692,-5,719,10
1551,1,692,-7,719,8
1585,1,665,2,698,15
1586,1,665,4,698,17
1587,1,665,4,698,17
1588,1,666,4,698,17
1589,1,667,6,698,18
1590,1,669,7,700,19
1591,1,670,8,700,20
1592,1,672,9,702,21
1593,1,673,10,703,22
1594,1,676,8,707,27
1595,1,677,9,704,26
1596,1,678,11,705,25
1597,1,678,11,705,25
1598,1,678,11,705,25
1599,1,679,11,706,25
1600,1,677,10,703,25
1601,1,677,10,703,25
1602,1,677,10,703,25
1603,1,677,10,699,21
1604,1,675,10,698,22
1605,1,672,12,694,23
1606,1,670,11,692,22
1607,1,670,10,691,21
1608,1,670,8,690,18
1609,1,668,7,689,17
1610,1,666,5,688,16
1611,1,664,3,691,16
1612,1,661,4,688,17
1613,1,659,3,687,16
1614,1,655,3,682,16
1615,1,652,3,679,16
1616,1,648,5,675,18
1617,1,644,6,671,19
1618,1,642,7,667,19
1619,1,637,8,663,21
1620,1,633,10,659,23
1621,1,629,12,653,24
1622,1,625,15,651,29
1623,1,622,16,647,32
1624,1,623,17,647,33
1625,1,623,19,647,35
1626,1,621,25,647,37
1627,1,619,28,646,40
1628,1,622,29,647,46
1629,1,625,34,649,47
1630,1,626,37,649,51
1631,1,625,39,649,55
1632,1,623,42,650,58
1633,1,625,42,650,59
1634,1,627,46,650,61
1635,1,629,53,650,67
1636,1,634,53,655,67
1637,1,634,52,656,67
1638,1,634,53,657,66
1639,1,638,52,661,66
1640,1,641,53,666,66
1641,1,647,51,672,64
1642,1,653,50,674,61
1643,1,655,47,680,59
1644,1,655,43,680,55
1645,1,654,37,680,50
1646,1,653,34,677,46
1647,1,650,33,671,43
1648,1,646,30,672,43
1649,1,641,31,666,44
1650,1,640,30,660,45
1651,1,631,32,651,47
1652,1,620,36,642,52
1653,1,607,39,629,53
1654,1,593,40,617,56
1655,1,584,42,608,57
1656,1,574,48,598,61
1657,1,570,50,593,64
1658,1,567,55,588,69
1659,1,563,59,585,74
1666,1,566,111,588,123
1667,1,567,113,588,125
1668,1,569,116,593,128
1669,1,570,119,593,131
1670,1,570,120,591,134
1671,1,570,125,595,139
1672,1,569,128,596,142
1673,1,573,133,596,148
1674,1,575,136,597,149
1675,1,573,137,596,149
1676,1,572,142,594,154
1677,1,572,146,593,157
1678,1,570,148,593,159
1679,1,570,149,592,161
1680,1,569,152,592,163
1681,1,568,154,591,165
1682,1,568,157,588,169
1683,1,562,159,587,173
1684,1,558,162,583,176
1685,1,556,163,578,180
1686,1,553,165,574,181
1687,1,550,169,573,180
1688,1,548,171,568,184
1689,1,545,174,567,188
1690,1,541,179,564,192
1691,1,539,180,561,195
1692,1,538,185,559,199
1693,1,535,187,557,201
1694,1,534,187,555,201
1695,1,532,190,553,202
1696,1,530,189,553,203
1697,1,530,190,552,203
1698,1,528,191,552,202
1699,1,527,191,550,202
1700,1,527,191,550,204
1701,1,527,190,549,200
1702,1,526,187,545,199
1703,1,522,185,543,200
1704,1,515,184,538,194
1705,1,516,184,536,194
1706,1,510,185,530,197
1707,1,504,189,524,201
1708,1,501,192,522,202
1709,1,497,198,519,208
1710,1,492,203,513,215
1711,1,490,207,512,222
1712,1,490,212,509,227
1713,1,485,215,507,230
1714,1,486,220,504,234
1715,1,481,226,502,240
1716,1,480,231,501,245
1717,1,479,241,500,251
1718,1,477,245,498,262
1719,1,476,250,496,262
1720,1,479,255,498,267
1721,1,481,255,501,270
1722,1,483,257,501,269
1723,1,484,254,504,268
1724,1,486,257,506,269
1725,1,488,254,509,269
1726,1,488,254,511,270
1727,1,494,255,513,269
1728,1,496,252,517,269
1729,1,500,250,519,267
1730,1,501,247,522,261
1731,1,501,243,523,255
1732,1,505,237,524,251
1733,1,504,229,525,244
1734,1,505,222,526,237
1735,1,503,214,527,229
1736,1,506,206,526,223
1737,1,506,199,527,214
1738,1,505,195,524,207
1739,1,502,188,520,203
1740,1,497,185,515,201
1741,1,490,176,513,196
1742,1,487,169,507,189
1743,1,480,164,501,181
1744,1,474,159,495,174
1745,1,467,157,488,171
1746,1,460,155,480,168
1747,1,454,151,475,169
1748,1,447,151,468,163
1749,1,445,148,465,166
1750,1,439,148,460,167
1751,1,435,150,455,168
1752,1,431,152,451,170
1753,1,426,153,446,171
1754,1,423,154,444,170
1755,1,418,153,440,169
1756,1,414,151,436,168
1757,1,411,151,433,168
1758,1,409,153,430,169
1759,1,406,159,427,175
1760,1,409,164,426,181
1761,1,407,170,424,187
1762,1,404,176,421,193
1763,1,401,181,418,198
1764,1,399,186,416,203
1765,1,396,189,413,206
1766,1,394,190,411,207
1767,1,393,192,410,209
1768,1,391,193,408,210
1769,1,389,196,406,213
1770,1,386,198,404,216
1771,1,383,200,401,218
1772,1,377,200,396,220
1773,1,373,206,392,226
1774,1,371,212,390,232
1775,1,370,215,389,235
1776,1,369,218,388,238
1777,1,370,221,388,240
1778,1,370,222,389,242
1779,1,371,221,390,241
1780,1,372,220,391,240
1781,1,373,219,393,240
1782,1,373,217,392,237
1783,1,373,216,392,236
1784,1,373,213,392,232
1785,1,373,212,392,232
1786,1,372,210,391,230
1787,1,371,207,390,227
1788,1,371,204,390,224
1789,1,369,200,388,220
1790,1,366,197,385,217
1791,1,363,194,382,214
1792,1,360,190,379,210
1793,1,357,186,376,206
1794,1,354,184,373,204
1795,1,352,181,371,201
1796,1,351,180,370,200
1797,1,349,178,368,198
1798,1,347,178,366,198
1799,1,345,176,364,196
