0,1,1103,65,1113,75
1,1,1102,67,1112,77
2,1,1099,68,1109,78
3,1,1098,68,1108,78
4,1,1095,65,1105,75
5,1,1093,59,1105,69
6,1,1090,55,1100,65
7,1,1087,51,1097,61
8,1,1088,45,1098,55
9,1,1082,46,1093,56
10,1,1078,45,1090,55
11,1,1075,45,1087,56
12,1,1072,47,1083,57
13,1,1069,48,1079,58
14,1,1059,47,1071,60
15,1,1049,50,1062,60
16,1,1040,49,1052,59
17,1,1030,48,1042,58
18,1,1020,46,1032,56
19,1,1010,46,1022,56
20,1,1003,47,1015,57
21,1,997,49,1009,59
22,1,993,54,1005,64
23,1,990,58,1003,69
24,1,990,62,1003,73
25,1,988,65,1001,76
26,1,989,68,999,78
27,1,987,71,997,81
28,1,986,72,996,82
29,1,985,75,995,85
30,1,984,76,995,87
31,1,987,78,997,89
32,1,989,81,999,92
33,1,993,85,1003,96
34,1,997,87,1007,98
35,1,1002,88,1012,99
36,1,1006,89,1016,100
37,1,1011,89,1021,100
38,1,1016,89,1026,100
39,1,1021,88,1031,99
40,1,1023,86,1033,97
41,1,1025,85,1035,96
42,1,1026,84,1036,95
43,1,1026,83,1037,95
44,1,1027,82,1038,94
45,1,1028,81,1039,93
46,1,1029,79,1040,91
47,1,1030,77,1041,89
48,1,1031,75,1041,86
49,1,1029,73,1039,84
50,1,1025,71,1035,82
51,1,1020,70,1031,80
52,1,1018,68,1028,78
53,1,1016,66,1028,76
54,1,1015,65,1027,75
55,1,1013,65,1025,75
56,1,1013,64,1023,74
57,1,1011,62,1022,72
58,1,1012,60,1022,70
59,1,1012,60,1022,70
60,1,1014,59,1024,69
61,1,1016,59,1026,69
62,1,1021,58,1032,68
63,1,1024,60,1036,70
64,1,1027,62,1039,72
65,1,1029,63,1041,73
66,1,1030,63,1042,73
67,1,1030,63,1042,73
68,1,1030,62,1043,72
69,1,1029,60,1041,71
70,2,1029,59,1041,70,1212,4,1222,14
71,2,1027,58,1038,68,1208,4,1218,14
72,2,1023,57,1035,68,1203,3,1213,13
73,2,1020,55,1032,66,1196,3,1206,13
74,2,1017,54,1028,64,1191,1,1201,11
75,1,1014,52,1024,62
76,2,1013,52,1023,62,1183,0,1193,10
77,2,1011,52,1021,62,1179,0,1189,10
78,2,1010,52,1020,62,1176,0,1186,10
79,2,1008,52,1018,62,1173,2,1183,12
80,2,1007,53,1017,63,1168,3,1178,13
81,2,1007,54,1017,64,1167,4,1177,14
82,2,1007,55,1017,65,1166,6,1176,16
83,2,1008,56,1018,66,1165,9,1175,19
84,2,1010,55,1020,65,1165,11,1175,21
85,2,1012,55,1023,66,1165,13,1175,23
86,2,1012,55,1023,66,1165,15,1175,25
87,2,1013,55,1024,66,1165,15,1175,25
88,2,1013,55,1024,66,1164,16,1174,26
89,2,1012,55,1023,66,1161,19,1171,29
90,2,1012,55,1023,66,1160,19,1170,29
91,2,1012,55,1023,66,1157,21,1167,31
92,2,1011,56,1022,67,1154,24,1165,35
93,2,1010,58,1021,69,1152,27,1162,37
94,2,1008,58,1020,70,1149,30,1159,40
95,2,1006,58,1018,70,1147,31,1157,41
96,2,1005,58,1017,70,1143,34,1153,44
97,2,1002,59,1014,71,1137,36,1147,46
98,2,1000,62,1011,73,1133,40,1143,50
99,2,998,65,1009,76,1128,45,1138,55
100,2,995,68,1005,78,1124,48,1134,58
101,2,991,71,1001,81,1117,53,1127,63
102,2,987,74,997,84,1111,58,1121,68
103,2,981,77,992,88,1104,62,1114,72
104,2,976,79,986,89,1097,65,1107,75
105,2,971,82,981,92,1092,68,1102,78
106,2,967,84,977,94,1085,71,1095,81
107,2,963,87,973,97,1078,76,1088,86
108,2,959,90,969,100,1072,80,1082,90
109,2,954,94,964,104,1067,84,1077,94
110,2,950,98,961,109,1062,89,1072,99
111,2,951,103,961,113,1058,96,1068,106
112,2,951,107,961,117,1056,101,1066,111
113,2,950,110,961,120,1055,105,1066,115
114,2,949,114,960,124,1053,110,1064,120
115,2,949,118,960,128,1051,115,1061,125
116,2,949,120,960,130,1048,119,1058,129
117,2,949,122,960,132,1047,121,1057,131
118,2,949,122,960,132,1048,122,1058,132
119,2,951,122,961,132,1047,123,1057,133
120,2,952,123,962,133,1047,125,1057,135
121,2,953,125,963,135,1046,128,1056,138
122,2,956,126,966,136,1047,131,1057,141
123,2,960,126,970,136,1050,132,1060,142
124,2,963,126,973,136,1052,133,1062,143
125,2,966,125,976,135,1054,134,1064,144
126,2,969,125,979,135,1056,135,1066,145
127,2,973,125,983,135,1058,136,1068,146
128,2,975,125,985,135,1059,137,1069,147
129,2,978,122,988,132,1060,136,1070,146
130,2,981,120,991,130,1062,135,1072,145
131,2,984,117,994,127,1063,134,1073,144
132,2,985,115,995,125,1064,133,1074,143
133,2,985,115,995,125,1064,133,1074,143
134,2,986,115,996,125,1062,135,1072,145
135,2,985,117,995,127,1058,137,1068,147
136,2,984,118,994,128,1056,139,1066,149
137,2,983,121,993,131,1052,143,1062,153
138,2,981,123,991,133,1048,146,1058,156
139,2,977,125,987,135,1044,148,1054,158
140,2,974,127,984,137,1038,151,1048,161
141,2,969,129,979,139,1031,153,1041,163
142,2,963,131,973,141,1024,155,1034,165
143,2,959,132,969,142,1020,156,1030,166
144,2,958,131,968,141,1016,156,1026,166
145,2,957,130,967,140,1016,156,1026,166
146,2,955,129,965,139,1016,156,1026,166
147,2,950,129,960,139,1005,156,1015,166
148,2,944,131,954,141,998,158,1008,168
149,2,940,133,950,143,992,160,1002,170
150,2,937,136,947,146,987,164,997,174
151,2,936,139,946,149,985,168,995,178
152,2,936,144,946,154,983,173,993,183
153,2,937,149,947,159,983,178,993,188
154,2,937,153,947,163,982,182,992,192
155,2,937,155,947,165,980,185,990,195
156,2,937,157,947,167,979,187,989,197
157,2,938,158,949,168,979,189,989,199
158,2,940,158,951,168,979,189,989,199
159,2,943,157,954,167,979,189,989,199
160,2,947,157,958,167,983,189,993,199
161,2,951,157,962,167,986,190,996,200
162,2,957,158,968,168,989,192,999,202
163,2,961,159,972,169,992,193,1002,203
164,2,965,161,976,171,994,195,1004,205
165,2,967,162,978,172,993,197,1003,207
166,2,970,162,981,172,995,197,1005,207
167,2,971,161,982,171,997,195,1007,205
168,2,973,158,984,168,997,193,1007,203
169,2,974,157,985,167,997,192,1007,202
170,2,976,155,987,165,997,191,1007,201
171,2,977,154,988,164,999,190,1009,200
172,2,978,154,989,164,999,189,1009,199
173,2,978,154,989,164,999,189,1009,199
174,2,979,154,990,164,999,189,1009,199
175,2,979,153,990,163,998,188,1008,198
176,2,978,152,989,162,996,188,1006,198
177,2,977,151,988,161,996,188,1006,198
178,2,975,150,986,160,992,186,1002,196
179,2,972,148,983,158,989,184,999,194
180,2,969,146,980,156,984,182,994,192
181,2,966,144,977,154,981,180,991,190
182,2,964,143,975,153,978,178,988,188
183,2,961,143,972,153,975,178,985,188
184,2,960,143,971,153,974,178,984,188
185,2,959,143,970,153,971,179,981,189
186,2,957,143,968,153,968,178,978,188
187,2,956,142,967,152,966,178,976,188
188,2,957,141,968,151,964,177,974,187
189,2,957,141,968,151,962,177,972,187
190,2,955,140,966,150,961,176,971,186
191,2,954,138,965,148,957,175,967,185
192,2,950,137,962,148,952,173,965,184
193,2,947,137,958,148,948,173,961,183
194,2,946,138,957,149,945,174,958,184
195,2,943,139,955,150,942,176,954,186
196,2,941,142,952,152,938,178,950,188
197,2,936,144,948,155,933,180,946,191
198,2,932,145,943,155,927,182,939,192
199,2,928,147,940,158,923,183,935,193
200,2,924,147,936,158,918,183,930,193
201,2,919,146,931,157,912,183,924,193
202,2,913,146,925,157,906,183,918,193
203,2,908,146,920,157,900,183,912,193
204,2,902,146,915,158,893,183,906,194
205,2,897,146,910,158,888,183,900,193
206,2,894,148,905,158,883,183,895,193
207,2,890,148,901,158,878,184,890,194
208,2,887,148,898,158,874,183,886,193
209,2,883,147,894,157,871,183,881,193
210,2,879,146,890,156,866,182,876,192
211,2,874,144,885,154,860,181,870,191
212,2,871,145,884,155,858,181,868,191
213,2,869,146,882,156,857,181,867,191
214,2,869,146,882,156,855,182,865,192
215,2,869,147,882,157,854,183,864,193
216,2,870,149,883,159,854,184,864,194
217,2,873,150,886,160,856,185,866,195
218,2,876,150,889,160,858,185,869,196
219,2,879,150,892,160,860,185,870,195
220,2,882,149,895,159,861,184,871,194
221,2,884,148,897,158,863,182,873,192
222,2,885,147,898,157,862,180,872,190
223,2,886,145,897,155,862,179,872,189
224,2,887,145,898,155,862,178,874,188
225,2,888,146,899,156,862,179,872,189
226,2,886,148,897,158,861,180,871,191
227,2,885,150,896,160,858,182,869,192
228,2,883,153,894,163,855,186,865,196
229,2,881,154,892,164,852,187,862,197
230,2,879,155,890,165,849,188,859,198
231,2,877,155,888,165,846,188,856,198
232,2,875,155,886,165,844,187,854,197
233,2,872,155,883,165,841,186,851,196
234,2,869,154,880,164,837,186,847,196
235,2,866,154,877,164,833,186,843,196
236,2,862,154,873,164,829,185,839,195
237,2,858,153,869,163,825,184,835,194
238,2,854,152,865,162,820,183,830,193
239,2,850,151,861,161,814,182,824,192
240,2,845,150,856,160,808,181,818,191
241,2,842,149,854,160,804,179,814,189
242,2,838,148,849,158,800,177,810,187
243,2,835,147,846,157,796,177,806,187
244,2,830,149,841,159,796,175,808,185
245,2,826,153,837,163,789,178,801,188
246,1,821,156,832,166
247,1,817,160,828,170
248,1,814,163,825,173
249,1,811,165,823,176
250,1,808,168,819,178
251,1,807,171,818,181
252,1,806,171,817,181
253,1,807,171,818,181
254,1,807,171,818,181
255,1,807,172,818,182
256,1,808,175,819,185
257,1,810,179,821,189
258,1,814,181,825,191
259,1,818,181,829,191
260,1,822,180,833,190
261,1,825,177,836,187
262,1,828,173,839,183
263,1,831,169,842,179
264,1,835,165,846,175
265,1,838,161,849,171
266,1,841,157,852,167
267,1,845,154,856,164
268,1,848,152,859,162
269,1,848,152,859,162
270,1,847,154,858,164
271,1,843,157,854,167
272,1,837,161,848,171
273,1,829,162,840,172
274,1,820,162,831,172
275,1,811,164,822,174
276,1,803,166,814,176
277,1,796,168,808,179
278,1,787,170,799,181
279,1,780,171,792,182
280,1,773,170,784,181
281,1,767,166,778,176
282,1,764,160,775,171
283,1,761,155,772,165
284,1,760,150,772,161
285,1,760,145,771,155
286,1,759,140,771,151
287,1,760,134,772,145
288,1,760,131,772,142
289,1,759,131,770,141
290,1,758,131,770,142
291,1,757,131,768,142
292,1,759,130,771,141
293,1,763,130,775,141
294,1,768,132,779,142
295,1,772,135,784,146
296,1,777,137,788,147
297,1,781,139,792,149
298,1,783,140,794,150
299,1,785,139,796,149
300,1,789,135,800,145
301,1,792,128,803,138
302,1,794,121,805,131
303,1,797,117,808,127
304,1,801,117,812,127
305,1,804,121,815,131
306,1,808,126,819,136
307,1,811,130,822,140
308,1,814,135,825,145
309,1,816,139,827,149
310,1,818,140,829,150
311,1,819,139,830,149
312,1,820,136,831,146
313,1,819,134,830,144
314,1,818,135,829,145
315,1,815,137,826,147
316,1,814,141,825,151
317,1,812,145,823,155
318,1,810,149,821,159
319,1,807,152,818,162
320,1,804,154,815,164
321,1,801,154,812,164
322,1,798,154,809,164
323,1,794,154,805,164
324,1,792,154,803,164
325,1,788,154,799,164
326,1,785,155,796,165
327,1,783,156,794,166
328,1,782,158,793,168
329,1,781,159,793,170
330,1,780,159,791,170
331,1,781,159,793,170
332,1,782,160,794,171
333,1,784,161,795,172
334,1,787,162,799,173
335,1,790,163,802,174
336,1,793,164,804,174
337,1,794,164,806,175
338,1,797,165,808,175
339,1,797,166,810,176
340,1,800,167,811,177
341,1,802,168,813,178
342,1,805,169,816,179
343,1,807,171,818,181
344,1,808,172,819,182
345,1,809,172,820,182
346,1,809,172,820,182
347,1,811,172,822,182
348,1,812,172,823,182
349,1,812,172,823,182
350,1,812,172,823,182
351,1,811,172,822,182
352,1,811,172,822,182
353,1,811,172,822,182
354,1,810,172,821,182
355,1,809,173,820,183
356,1,808,174,819,184
357,1,807,176,818,186
358,1,807,178,817,188
359,1,807,179,817,189
360,1,808,179,818,189
361,1,808,178,820,188
362,1,808,177,820,187
363,1,807,177,819,187
364,1,806,176,818,186
365,1,805,176,817,186
366,1,805,176,817,186
367,1,805,177,817,187
368,1,806,177,818,187
369,1,807,176,819,186
370,1,808,174,820,184
371,1,811,172,823,182
372,1,813,171,825,181
373,1,817,170,829,180
374,1,822,171,833,181
375,1,827,171,838,181
376,1,830,172,841,182
377,1,834,174,845,184
378,1,837,176,849,187
379,1,840,178,852,189
380,1,842,180,853,190
381,1,843,180,854,190
382,1,847,180,858,190
383,1,849,178,860,188
384,1,851,177,862,187
385,1,852,176,863,186
386,1,853,177,864,187
387,1,853,178,864,188
388,1,852,180,863,190
389,1,850,183,861,193
390,1,848,186,859,196
391,1,846,188,857,198
392,1,843,190,854,200
393,1,841,192,852,202
394,1,838,193,849,203
395,1,835,195,846,205
396,1,832,195,844,206
397,1,831,196,842,206
398,1,830,196,840,206
399,1,827,194,841,204
400,1,823,192,837,202
401,1,816,191,830,201
402,1,809,194,823,204
403,1,802,198,817,208
404,1,799,201,813,211
405,1,799,203,813,213
406,1,800,202,815,213
407,1,804,202,819,213
408,1,808,202,823,213
409,1,816,203,829,213
410,1,822,203,835,213
411,1,829,204,842,214
412,1,836,205,849,215
413,1,842,206,855,216
414,1,847,206,860,216
415,1,853,205,866,215
416,1,856,203,869,213
417,1,860,200,873,210
418,1,862,197,875,207
419,1,865,195,878,205
420,1,867,194,880,204
421,1,868,193,881,203
422,1,868,193,881,203
423,1,868,193,881,203
424,1,868,194,881,204
425,1,867,196,880,206
426,1,865,198,878,208
427,1,864,200,877,210
428,1,863,201,876,211
429,1,863,201,877,211
430,1,862,202,876,213
431,1,861,202,875,213
432,1,859,201,873,212
433,1,857,201,871,212
434,2,860,204,871,214,1104,178,1114,188
435,2,859,206,870,216,1105,178,1115,188
436,2,857,208,868,218,1104,179,1114,189
437,2,853,211,864,221,1101,180,1111,190
438,2,849,213,860,223,1096,179,1107,190
439,2,843,214,856,224,1091,179,1102,190
440,2,838,216,849,226,1091,177,1102,187
441,2,837,216,848,226,1088,174,1100,185
442,2,839,213,849,223,1088,169,1100,180
443,2,838,208,849,218,1092,164,1102,174
444,2,839,202,850,212,1095,157,1105,167
445,2,840,196,851,206,1095,151,1105,161
446,2,841,191,852,201,1099,145,1109,155
447,2,844,188,855,198,1103,141,1113,151
448,2,850,185,861,195,1111,139,1121,149
449,2,858,184,869,194,1122,139,1132,149
450,2,867,183,878,193,1132,141,1142,151
451,2,874,183,885,193,1141,143,1151,153
452,2,880,184,891,194,1148,144,1158,154
453,2,885,185,896,195,1156,145,1166,155
454,2,890,186,901,196,1162,147,1172,157
455,2,895,188,906,198,1169,149,1179,159
456,2,899,187,910,197,1175,149,1185,159
457,2,902,185,913,195,1181,148,1191,158
458,2,904,183,915,193,1185,145,1195,155
459,2,906,179,918,190,1189,142,1199,152
460,2,909,175,920,185,1194,138,1204,148
461,2,912,172,923,182,1198,135,1208,145
462,2,913,172,924,182,1198,136,1208,146
463,2,915,173,926,183,1204,135,1214,145
464,2,916,175,927,185,1206,136,1216,146
465,2,917,179,928,189,1207,137,1217,147
466,2,917,181,928,191,1208,138,1218,148
467,2,918,182,929,192,1211,137,1221,147
468,2,920,182,932,193,1213,136,1223,146
469,2,922,181,934,191,1217,135,1227,145
470,2,925,181,937,191,1221,133,1231,143
471,2,927,179,939,189,1225,131,1235,141
472,2,929,177,941,187,1228,127,1238,137
473,2,931,174,943,184,1229,123,1239,133
474,2,934,171,947,182,1234,119,1244,129
475,2,942,170,953,180,1241,114,1252,124
476,2,945,171,956,181,1245,113,1256,123
477,2,947,173,958,183,1247,111,1258,121
478,2,949,174,960,184,1249,109,1260,119
479,1,951,175,962,185
480,1,953,175,964,185
481,1,955,174,966,184
482,1,957,172,968,182
483,1,961,172,972,182
484,1,964,172,976,183
485,1,968,172,979,182
486,1,973,171,985,182
487,1,976,169,988,180
488,1,982,168,993,178
489,1,986,167,997,177
490,1,989,166,1000,176
491,1,991,165,1002,175
492,1,991,165,1002,175
493,1,992,165,1003,175
494,1,991,165,1002,175
495,1,986,165,997,175
496,1,981,164,992,174
497,1,977,162,988,172
498,1,974,160,985,170
499,1,970,157,981,167
500,1,966,156,977,166
501,1,961,157,972,167
502,1,956,158,967,168
503,1,951,160,962,170
504,1,948,165,959,175
505,1,947,169,958,179
506,1,947,167,958,177
507,1,949,165,960,175
508,1,951,162,962,172
509,1,952,157,963,167
510,1,952,152,964,162
511,1,953,150,964,160
512,1,954,150,966,161
513,1,956,151,968,162
514,1,960,153,972,164
515,1,965,156,977,167
516,1,969,158,981,169
517,1,973,158,985,169
518,1,974,158,986,169
519,1,974,158,986,169
520,1,973,159,985,170
521,1,970,160,982,171
522,1,966,163,978,174
523,1,962,165,974,176
524,1,958,168,970,179
525,1,953,170,965,181
526,1,948,173,960,184
527,1,943,174,955,185
528,1,939,174,951,185
529,1,936,172,948,183
530,1,934,170,945,180
531,1,934,169,946,179
532,1,936,169,948,180
533,1,939,169,951,180
534,1,942,171,954,182
535,1,945,172,957,183
536,1,948,170,960,181
537,1,952,168,965,180
538,1,957,166,970,178
539,1,962,164,975,176
540,1,966,163,979,175
541,1,972,162,985,174
542,1,981,160,992,171
543,1,987,158,998,169
544,1,993,158,1004,169
545,1,998,158,1009,169
546,1,1002,158,1013,169
547,1,1006,158,1017,169
548,1,1011,156,1022,167
549,1,1016,154,1027,165
550,1,1020,151,1031,162
551,1,1023,149,1034,160
552,1,1026,147,1037,158
553,1,1027,144,1038,155
554,1,1028,140,1039,151
555,1,1028,136,1039,147
556,1,1028,132,1039,143
557,1,1027,128,1038,139
558,1,1027,124,1038,135
559,1,1028,122,1039,133
560,1,1029,120,1040,131
561,1,1032,120,1043,131
562,1,1035,121,1046,132
563,1,1037,123,1048,134
564,1,1038,122,1052,132
565,1,1039,120,1053,130
566,1,1039,116,1053,126
567,1,1039,114,1053,124
568,1,1037,111,1051,121
569,1,1035,110,1049,120
570,1,1034,109,1048,120
571,1,1034,109,1047,119
572,1,1033,109,1046,119
573,1,1034,109,1047,119
574,1,1035,109,1048,119
575,1,1036,109,1048,119
576,1,1032,109,1047,119
577,1,1032,108,1048,118
578,1,1032,107,1047,117
579,1,1032,107,1047,117
580,1,1031,107,1046,117
581,1,1030,107,1045,117
582,1,1029,107,1044,117
583,1,1029,106,1044,116
584,1,1029,106,1044,116
585,1,1029,106,1044,116
586,1,1031,106,1046,116
587,1,1033,106,1048,116
588,1,1035,105,1050,115
589,1,1037,104,1052,114
590,1,1039,103,1054,113
591,1,1041,102,1056,112
592,1,1042,102,1057,112
593,1,1043,102,1058,112
594,1,1043,101,1058,111
595,1,1044,100,1060,110
596,1,1045,99,1061,109
597,1,1047,98,1062,108
598,1,1048,96,1064,106
599,1,1049,95,1066,105
600,1,1051,94,1068,104
601,1,1053,93,1070,103
602,1,1054,91,1070,101
603,1,1055,90,1071,100
604,1,1054,89,1071,99
605,1,1054,90,1070,100
606,1,1054,90,1071,100
607,1,1055,90,1073,101
608,1,1056,91,1074,102
609,1,1061,91,1076,101
610,1,1062,90,1077,100
611,1,1062,89,1077,99
612,1,1062,89,1078,99
613,1,1062,89,1077,99
614,1,1061,88,1076,98
615,1,1060,86,1075,96
616,1,1058,85,1073,95
617,1,1057,83,1072,93
618,1,1056,81,1072,91
619,1,1056,79,1072,89
620,1,1058,78,1074,89
621,1,1059,77,1075,88
622,1,1060,76,1077,87
623,1,1061,77,1078,88
624,1,1062,78,1079,89
625,1,1062,79,1078,90
626,1,1063,79,1080,90
627,1,1063,79,1080,90
628,1,1064,77,1082,89
629,1,1068,76,1085,87
630,1,1071,74,1086,84
631,1,1074,75,1089,85
632,1,1077,77,1092,87
633,1,1079,80,1094,90
634,1,1081,82,1096,92
635,1,1085,84,1100,94
636,1,1090,86,1105,96
637,1,1096,87,1111,97
638,1,1100,88,1115,98
639,1,1102,89,1118,100
640,1,1102,91,1118,102
641,1,1101,92,1117,103
642,1,1099,92,1115,102
643,1,1097,93,1113,103
644,1,1094,93,1111,104
645,1,1092,93,1109,104
646,1,1091,91,1108,102
647,1,1091,88,1108,99
648,1,1091,85,1108,96
649,1,1094,82,1110,93
650,1,1098,79,1114,90
651,1,1101,77,1117,88
652,1,1106,74,1122,85
653,1,1112,71,1128,82
654,1,1118,70,1135,81
655,1,1125,68,1141,79
656,1,1132,66,1148,77
657,1,1136,65,1152,76
658,1,1139,64,1155,75
659,1,1143,62,1159,73
660,1,1146,61,1163,72
661,1,1150,60,1166,71
662,1,1153,59,1170,70
663,1,1156,57,1172,67
664,1,1159,55,1175,65
665,1,1161,54,1179,64
666,1,1162,52,1180,62
667,1,1167,51,1182,61
668,1,1168,50,1183,60
669,1,1168,49,1183,59
670,1,1169,48,1184,58
671,1,1167,48,1182,58
672,1,1165,48,1180,58
673,1,1162,47,1177,57
674,1,1158,47,1173,57
675,1,1152,45,1166,56
676,1,1147,45,1160,56
677,1,1142,44,1155,55
678,1,1139,43,1152,53
679,1,1137,41,1150,52
680,1,1135,40,1149,51
681,1,1134,39,1148,50
682,1,1135,39,1149,50
683,1,1136,38,1150,49
684,1,1139,38,1153,49
685,1,1141,39,1155,50
686,1,1143,39,1157,50
687,1,1146,39,1159,50
688,1,1149,39,1162,50
689,1,1150,39,1164,50
690,1,1153,41,1166,52
691,1,1157,43,1168,53
692,1,1158,45,1169,55
693,1,1159,47,1170,57
694,1,1159,49,1170,59
695,1,1157,49,1168,59
696,1,1155,47,1166,57
697,1,1155,44,1166,54
698,1,1157,40,1168,50
699,1,1160,38,1171,48
700,1,1161,38,1173,48
701,1,1162,38,1175,48
702,1,1162,40,1175,50
703,1,1162,42,1174,52
704,1,1159,45,1172,55
705,1,1157,47,1170,57
706,1,1155,49,1167,59
707,1,1154,51,1167,61
708,1,1152,52,1165,62
709,1,1150,53,1163,63
710,1,1150,54,1162,64
711,1,1151,54,1164,64
712,1,1153,54,1166,64
713,1,1157,54,1171,65
714,1,1160,56,1174,67
715,1,1164,58,1178,69
716,1,1168,59,1182,70
717,1,1172,59,1186,71
718,1,1176,58,1190,68
719,1,1178,57,1192,67
720,1,1180,56,1194,66
721,1,1188,53,1199,64
722,1,1187,52,1200,64
723,1,1187,52,1200,64
724,1,1188,50,1203,62
725,1,1190,48,1206,60
726,1,1192,48,1207,58
727,1,1193,47,1210,57
728,1,1195,45,1214,56
729,1,1204,44,1219,54
730,1,1209,44,1224,54
731,1,1214,43,1229,53
732,1,1219,43,1234,53
733,1,1222,44,1237,54
734,1,1222,44,1238,55
735,1,1222,43,1238,54
736,1,1224,44,1237,54
737,1,1222,44,1235,54
738,1,1219,44,1232,54
739,1,1213,44,1226,54
740,1,1209,43,1222,53
741,1,1204,42,1217,52
742,1,1199,41,1212,51
743,1,1195,41,1209,52
744,1,1192,41,1207,52
745,1,1191,44,1204,54
746,1,1188,43,1202,54
747,1,1183,45,1197,55
748,1,1178,45,1192,55
749,1,1175,46,1189,56
750,1,1173,47,1185,57
751,1,1169,50,1183,60
752,1,1168,52,1181,63
753,1,1169,54,1181,66
754,1,1169,55,1183,67
755,1,1173,54,1189,68
756,1,1184,59,1198,69
757,1,1193,62,1209,72
758,1,1212,65,1226,78
759,1,1232,73,1244,83
760,1,1247,78,1259,90
761,1,1259,80,1271,91
762,1,1265,78,1278,89
763,1,1265,74,1282,84
764,1,1261,69,1277,82
765,1,1254,68,1267,78
766,1,1245,64,1257,75
767,1,1234,61,1248,71
768,1,1223,61,1238,71
769,1,1218,65,1233,75
770,1,1214,70,1229,80
771,1,1207,73,1222,83
772,1,1200,72,1216,82
773,1,1197,70,1213,80
774,1,1193,67,1206,77
775,1,1189,63,1204,73
776,1,1185,58,1201,68
777,1,1184,55,1198,65
778,1,1180,54,1195,65
779,1,1175,55,1190,65
780,1,1176,56,1190,66
781,1,1172,60,1186,70
782,1,1177,60,1190,70
783,1,1175,59,1191,69
787,1,1191,56,1205,66
788,1,1193,57,1207,67
789,1,1193,58,1207,68
790,1,1191,57,1205,67
791,1,1188,55,1202,65
792,1,1184,51,1198,61
793,1,1182,45,1192,56
794,1,1180,39,1190,50
795,1,1180,38,1190,49
796,1,1177,43,1193,53
797,1,1183,48,1198,58
798,1,1190,54,1202,64
799,1,1195,60,1208,70
800,1,1201,66,1214,76
801,1,1206,69,1222,80
802,1,1208,71,1221,81
803,1,1211,70,1224,80
804,1,1218,70,1230,81
805,1,1225,71,1238,83
806,1,1238,72,1252,82
807,1,1249,74,1260,84
811,1,1275,70,1287,80
813,1,1287,63,1298,73
814,1,1286,61,1296,71
816,1,1295,54,1306,64
817,1,1297,52,1308,62
818,1,1300,49,1311,59
819,1,1298,47,1310,57
820,1,1299,46,1312,56
821,1,1298,45,1310,56
822,1,1296,43,1310,53
823,1,1299,42,1310,52
824,2,1298,41,1309,51,1471,7,1483,16
825,2,1296,41,1307,51,1466,9,1478,18
826,2,1293,41,1304,51,1461,11,1473,20
827,2,1291,41,1302,51,1456,12,1468,21
828,2,1287,41,1299,51,1451,14,1463,23
829,1,1446,16,1458,25
830,1,1446,16,1458,25
831,1,1446,16,1458,25
832,1,1446,16,1458,25
833,1,1446,16,1458,25
834,1,1446,16,1458,25
835,1,1446,16,1458,25
836,1,1446,16,1458,25
837,1,1446,16,1458,25
838,1,1206,38,1216,49
839,1,1198,39,1209,50
840,1,1190,39,1201,51
841,1,1184,43,1194,53
843,1,1166,59,1176,69
845,1,1162,71,1173,83
846,1,1163,76,1173,86
847,1,1166,80,1176,91
852,1,1173,91,1186,101
853,1,1174,93,1187,103
854,1,1175,95,1188,105
855,1,1178,98,1190,108
856,1,1181,102,1193,112
857,1,1186,111,1196,121
858,1,1193,117,1203,127
859,1,1199,121,1209,132
860,1,1205,126,1216,138
861,1,1210,128,1220,139
862,1,1213,127,1224,139
863,1,1214,126,1225,138
864,1,1215,126,1226,138
865,1,1214,125,1224,135
874,1,1175,130,1185,140
875,1,1165,127,1178,137
876,1,1159,124,1170,134
877,1,1154,118,1167,128
878,1,1150,113,1163,123
879,1,1147,109,1160,119
880,1,1147,107,1160,117
881,1,1149,106,1162,116
882,1,1154,106,1167,116
883,1,1158,111,1172,121
884,1,1164,115,1177,125
885,1,1171,120,1184,130
886,1,1180,126,1190,136
887,1,1188,133,1198,143
888,1,1197,140,1207,150
889,1,1203,141,1214,151
890,1,1206,139,1217,149
891,1,1207,136,1218,146
892,1,1206,131,1216,141
935,1,1070,209,1082,220
936,1,1072,211,1083,221
937,1,1074,212,1085,222
938,1,1076,214,1087,224
939,1,1080,217,1092,227
940,1,1083,219,1095,230
941,1,1086,222,1098,232
942,1,1088,225,1101,235
943,1,1089,227,1102,237
944,1,1091,229,1104,239
945,1,1093,231,1106,241
946,1,1095,234,1108,244
947,1,1095,237,1108,247
948,1,1096,239,1109,249
949,1,1096,240,1109,250
950,1,1095,241,1108,251
951,1,1095,241,1108,251
952,1,1095,242,1108,252
953,1,1094,245,1107,255
954,1,1094,247,1107,257
955,1,1093,249,1106,259
956,1,1092,250,1105,260
957,1,1091,251,1104,261
958,1,1089,251,1102,261
959,1,1087,250,1100,260
960,1,1085,250,1098,260
961,1,1082,249,1095,259
962,1,1079,248,1092,258
963,1,1076,247,1089,257
964,1,1073,246,1086,256
965,1,1070,245,1083,255
966,1,1067,244,1080,254
967,1,1064,243,1077,253
968,1,1063,241,1073,251
969,1,1061,240,1071,250
970,1,1058,239,1068,249
971,1,1056,238,1067,249
972,1,1056,238,1066,248
973,1,1055,239,1065,249
974,1,1053,240,1063,250
975,1,1054,242,1064,252
976,1,1055,244,1065,254
977,1,1056,245,1066,255
978,1,1058,247,1068,257
979,1,1059,249,1069,259
980,1,1061,251,1071,261
981,1,1064,253,1074,263
982,1,1067,255,1077,265
983,1,1068,256,1078,266
984,1,1070,256,1080,266
985,1,1071,256,1081,266
986,1,1072,255,1082,265
987,1,1072,254,1082,264
988,1,1072,253,1082,263
989,1,1072,253,1084,264
990,1,1071,253,1083,264
991,1,1073,255,1086,265
992,1,1072,257,1085,267
993,1,1070,258,1083,268
994,1,1072,259,1085,269
995,1,1071,259,1084,269
996,1,1070,259,1083,270
997,1,1070,259,1083,270
998,1,1070,260,1083,271
999,1,1071,260,1081,271
1000,1,1068,260,1079,272
1001,1,1067,261,1077,272
1002,1,1064,261,1074,272
1003,1,1063,261,1073,272
1004,1,1062,261,1072,272
1005,1,1060,261,1070,272
1006,1,1061,264,1072,274
1007,1,1060,265,1071,275
1008,1,1063,265,1075,275
1009,1,1063,264,1073,274
1010,1,1064,263,1077,273
1011,1,1065,262,1078,272
1012,1,1067,262,1080,272
1013,1,1067,261,1080,271
1014,1,1067,261,1081,271
1015,1,1067,260,1081,271
1016,1,1070,259,1081,269
1017,1,1069,259,1080,269
1018,1,1073,260,1084,270
1019,1,1076,260,1086,270
1020,2,1077,259,1088,269,1337,175,1347,185
1021,2,1077,258,1088,268,1341,174,1352,185
1022,1,1344,174,1355,185
1023,1,1348,174,1358,184
1024,1,1351,173,1361,183
1025,1,1353,172,1363,182
1026,1,1353,170,1363,180
1032,1,1360,155,1371,165
1033,1,1363,156,1373,166
1034,1,1365,153,1375,163
1035,2,1367,152,1378,162,1077,251,1087,261
1036,1,1369,151,1382,161
1037,1,1374,153,1386,162
1038,1,1377,152,1389,161
1039,1,1381,151,1393,160
1040,1,1392,152,1403,162
1041,1,1400,154,1414,164
1042,1,1410,156,1422,167
1044,1,1427,159,1437,169
1045,1,1423,156,1435,165
1046,1,1428,156,1440,165
1047,1,1432,155,1444,164
1048,1,1437,155,1449,164
1049,1,1438,153,1450,162
1050,1,1440,151,1452,160
1051,1,1441,149,1453,158
1052,1,1443,148,1455,157
1053,1,1442,147,1454,156
1054,1,1441,146,1453,155
1055,1,1440,145,1452,154
1056,1,1439,144,1451,153
1057,1,1440,143,1452,152
1058,1,1441,142,1453,151
1059,1,1442,141,1454,150
1104,1,1132,212,1146,223
1105,1,1132,214,1145,224
1106,1,1135,212,1146,222
1107,1,1136,209,1147,219
1108,1,1136,207,1147,217
1109,1,1136,206,1146,216
1110,1,1135,204,1145,214
1111,1,1133,201,1146,212
1112,1,1130,201,1143,212
1113,1,1134,200,1146,211
1114,1,1138,201,1151,211
1241,1,1091,104,1101,115
1242,1,1084,106,1094,117
1243,1,1084,103,1095,114
1244,1,1082,102,1092,112
1245,1,1080,99,1090,109
1246,1,1073,101,1084,111
1247,1,1072,100,1082,110
1248,1,1071,100,1081,110
1258,1,1075,93,1085,103
1262,1,1057,92,1069,102
1301,1,1087,97,1099,108
1302,1,1086,96,1098,107
1303,1,1082,95,1094,106
1304,1,1078,93,1090,104
1305,1,1073,90,1086,102
1306,1,1068,88,1081,100
1307,1,1062,86,1075,97
1308,1,1057,85,1070,96
1309,1,1054,83,1065,94
1310,1,1049,83,1060,94
1311,1,1045,85,1056,96
1312,1,1041,88,1052,99
1313,1,1039,91,1050,102
1314,1,1038,97,1049,108
1315,1,1037,101,1048,112
1316,1,1034,103,1045,114
1317,1,1030,102,1041,113
1318,1,1026,101,1037,112
1319,1,1021,101,1031,111
1320,1,1018,101,1028,111
1321,1,1014,102,1025,113
1322,1,1011,105,1021,115
1323,1,1010,108,1021,119
1324,1,1011,111,1021,121
1325,1,1010,113,1020,123
1326,1,1012,115,1022,125
1327,1,1012,117,1022,127
1328,1,1014,118,1024,129
1329,1,1014,119,1024,130
1330,1,1015,120,1025,131
1331,1,1014,120,1025,131
1332,2,1013,119,1024,129,1195,1,1205,11
1333,2,1010,117,1022,129,1192,0,1202,10
1334,2,1009,118,1020,128,1190,0,1201,10
1335,2,1008,119,1018,129,1188,1,1198,11
1336,2,1005,120,1018,130,1183,3,1193,13
1337,2,1004,121,1014,133,1179,5,1189,15
1338,2,1003,123,1013,133,1176,7,1186,17
1339,1,1001,126,1011,137
1340,1,999,127,1009,137
1341,1,996,127,1008,137
1343,1,1160,17,1172,26
1344,1,1160,18,1170,28
1345,1,1158,20,1168,30
1346,1,1155,23,1167,32
1347,1,1154,25,1166,34
1348,1,1153,28,1163,38
1349,1,1152,30,1162,40
1350,1,1151,32,1163,41
1351,2,992,126,1004,136,1150,34,1160,44
1352,2,993,126,1004,137,1148,34,1160,44
1353,2,991,127,1005,138,1148,39,1160,48
1354,1,991,127,1001,138
1355,1,991,128,1001,138
1356,1,992,128,1002,140
1357,2,994,130,1006,140,1144,48,1154,58
1358,2,997,133,1007,143,1144,52,1156,63
1359,2,998,134,1008,147,1144,57,1156,67
1360,2,996,136,1009,149,1145,62,1157,72
1374,2,983,138,1001,148,1117,79,1128,90
1375,2,980,140,998,150,1113,81,1124,92
1376,2,983,140,997,150,1111,83,1122,94
1377,2,981,140,996,150,1107,85,1118,96
1378,2,981,139,991,149,1106,85,1117,96
1379,2,980,139,990,149,1105,86,1115,96
1380,2,979,140,989,150,1103,88,1113,98
1381,2,979,143,990,154,1101,93,1111,103
1382,2,978,146,988,156,1098,97,1109,108
1383,2,977,150,987,160,1095,103,1106,114
1384,2,978,156,989,166,1094,110,1105,121
1385,2,976,159,988,169,1093,114,1103,124
1386,2,975,159,987,169,1091,115,1101,125
1387,2,975,158,987,168,1089,115,1099,125
1388,1,975,158,987,168
1389,1,977,156,991,167
1390,1,979,156,993,167
1391,1,981,156,997,166
1392,1,984,156,1000,166
1393,1,985,158,1001,168
1394,1,987,159,1003,169
1395,1,988,162,1004,172
1396,1,988,164,1004,174
1397,1,988,164,1005,174
1398,1,988,164,1005,174
1399,1,988,163,1004,173
1400,1,992,163,1003,173
1401,1,991,163,1002,173
1402,1,991,163,1002,173
1403,1,991,164,1002,174
1404,1,991,164,1002,174
1405,1,987,163,998,173
1406,1,981,162,993,173
1407,1,976,162,987,172
1408,1,973,162,984,172
1409,1,969,163,980,173
1410,1,963,162,977,173
1411,1,959,165,972,175
1412,1,955,167,969,178
1413,1,952,170,966,181
1414,1,949,173,963,184
1415,1,947,175,960,186
1416,1,946,176,960,187
1417,1,945,178,958,188
1418,1,944,180,957,190
1419,1,944,183,957,193
1420,1,944,187,957,197
1421,1,944,191,957,201
1422,1,944,195,957,205
1423,1,944,199,957,209
1424,1,943,202,956,212
1425,1,943,205,956,215
1426,1,944,208,957,218
1427,1,945,210,958,220
1428,1,948,210,961,220
1429,1,952,211,965,221
1430,1,956,211,970,222
1431,1,961,211,975,222
1432,1,964,211,977,221
1433,1,969,210,982,221
1434,1,973,209,986,219
1435,1,976,207,989,217
1436,1,979,205,992,215
1437,1,982,202,995,212
1438,1,985,201,998,211
1439,1,987,199,1000,209
1440,1,989,197,1002,207
1441,1,991,195,1004,206
1442,1,992,193,1005,203
1443,1,992,193,1005,203
1444,1,994,192,1004,203
1445,2,993,192,1003,203,1026,201,1036,211
1446,2,990,191,1000,202,1023,200,1033,210
1447,2,988,189,999,201,1018,198,1031,209
1448,1,988,187,999,199
1449,1,989,185,1000,195
1450,2,987,183,1000,193,1017,195,1027,205
1451,1,986,181,1000,192
1452,1,986,181,1000,192
1453,1,984,181,998,192
1454,1,984,185,996,195
1455,1,984,186,994,196
1456,1,981,186,991,196
1457,1,977,185,990,195
1458,1,975,184,988,194
1459,1,970,183,983,193
1460,1,965,182,978,192
1461,1,958,182,971,192
1462,1,953,184,966,194
1463,1,947,187,960,197
1464,1,942,189,955,199
1465,1,938,192,951,202
1466,1,933,196,946,206
1467,1,928,199,942,210
1468,1,925,202,938,212
1469,1,920,204,933,214
1470,1,916,206,929,216
1471,1,910,208,923,218
1472,1,906,210,919,220
1473,1,902,213,915,223
1474,1,899,216,912,226
1475,1,896,219,909,229
1476,1,894,220,908,231
1477,1,893,222,907,233
1478,1,892,224,904,234
1479,1,891,226,903,236
1480,1,891,229,903,239
1481,1,890,232,902,242
1482,1,891,236,903,246
1483,1,891,239,903,249
1484,1,891,241,903,251
1485,1,890,241,902,251
1486,1,888,240,901,250
1487,1,888,241,900,251
1488,1,886,242,898,252
1489,1,884,245,896,255
1490,1,884,247,896,257
1491,1,882,247,894,257
1492,2,882,245,895,256,869,270,879,280
1493,2,883,244,896,255,869,269,879,279
1494,2,883,245,896,256,870,269,880,279
1495,2,884,245,897,256,869,270,879,280
1496,2,886,244,899,255,869,269,879,279
1497,2,887,243,900,254,871,268,881,278
1498,2,889,242,902,253,872,267,882,277
1499,2,892,241,905,252,873,266,883,276
1500,2,893,238,906,249,873,264,883,274
1501,2,895,237,908,248,873,262,883,272
1502,2,894,235,907,246,874,260,884,270
1503,2,894,233,906,244,872,258,882,268
1504,2,893,232,905,242,872,257,882,267
1505,2,892,230,905,241,871,255,881,265
1506,2,891,229,904,240,870,254,880,264
1507,2,891,228,903,238,870,253,880,263
1508,2,890,227,902,237,869,252,879,262
1509,2,890,227,902,237,868,252,878,262
1510,2,890,226,903,237,867,253,877,263
1511,2,889,227,901,237,865,254,875,264
1512,1,888,227,900,237
1513,1,886,228,898,238
1514,1,885,229,897,239
1515,1,883,229,895,239
1516,1,881,229,893,239
1517,1,880,228,892,238
1518,1,878,228,890,238
1519,1,878,227,890,237
1520,1,877,227,889,237
1521,1,876,228,888,238
1522,1,875,229,887,239
1523,1,873,231,885,241
1524,1,872,232,884,242
1525,1,870,233,882,243
1526,1,869,233,881,243
1527,1,868,234,880,244
1528,1,867,234,879,244
1529,1,866,233,878,243
1530,1,864,231,876,241
1531,1,861,229,873,239
1532,1,858,227,870,237
1533,1,855,226,867,236
1534,1,854,225,866,235
1535,1,853,226,865,236
1536,1,851,227,863,237
1537,1,851,228,863,238
1538,1,851,227,863,237
1539,1,851,227,863,237
1540,1,852,227,864,237
1541,1,853,227,865,237
1542,1,853,225,865,235
1543,1,854,224,866,234
1544,1,854,222,866,232
1545,1,853,221,864,231
1546,1,852,220,863,230
1547,1,852,220,863,230
1548,1,852,220,863,230
1549,1,852,220,863,230
1550,1,851,221,862,231
1551,1,851,223,862,233
1552,1,851,225,862,235
1553,1,852,227,863,237
1554,1,853,228,864,238
1555,1,854,228,865,238
1556,1,856,228,867,238
1557,1,856,229,867,239
1558,1,858,228,870,239
1559,1,859,228,871,239
1560,1,861,230,872,240
1561,1,863,231,874,241
1562,1,864,233,875,243
1563,1,866,235,877,245
1564,1,867,236,878,246
1565,1,869,237,880,247
1566,1,871,238,882,248
1567,1,873,238,884,248
1568,1,875,238,886,248
1569,1,877,237,888,247
1570,1,879,234,890,244
1571,1,880,232,891,242
1572,1,881,231,893,242
1573,1,881,230,893,241
1574,1,881,230,893,241
1575,1,881,229,892,239
1576,1,880,228,891,238
1577,1,878,227,890,238
1578,1,876,228,887,238
1579,1,873,228,885,239
1580,1,869,229,880,239
1581,1,865,230,876,240
1582,1,860,231,871,241
1583,1,857,232,869,243
1584,1,852,234,863,244
1585,1,849,236,860,246
1586,1,845,239,856,249
1587,1,841,241,852,251
1588,1,840,242,852,252
1589,1,838,242,850,252
1590,1,837,240,849,250
1591,1,838,239,850,249
1592,1,838,238,850,248
1593,1,840,238,852,248
1594,1,841,237,853,247
1595,1,841,237,853,247
1596,1,841,237,853,247
1597,1,845,238,857,248
1598,1,848,239,860,249
1599,1,851,238,863,248
1600,1,854,238,866,248
1601,1,856,238,868,248
1602,1,859,238,871,248
1603,1,862,238,874,249
1604,1,863,238,875,249
1605,1,866,237,878,248
1606,1,868,235,880,246
1607,1,869,231,882,242
1608,1,869,228,881,239
1609,1,869,226,882,237
1610,1,866,225,879,236
1611,1,865,225,878,236
1612,1,862,226,874,236
1613,1,860,226,872,236
1614,1,857,227,869,237
1615,1,853,227,865,237
1616,1,850,227,862,237
1617,1,848,227,860,237
1618,1,845,226,857,236
1619,1,842,226,854,236
1620,1,839,226,851,236
1621,1,836,226,849,237
1622,1,834,228,846,239
1623,1,831,232,843,242
1624,1,828,234,840,244
1625,1,825,235,837,245
1626,1,822,233,834,243
1627,1,821,229,833,240
1628,1,819,224,831,235
1629,1,819,221,832,232
1630,1,818,220,831,231
1631,1,819,221,832,232
1632,1,821,225,834,236
1633,1,823,227,836,238
1634,1,827,228,839,238
1635,1,830,226,842,236
1636,1,834,226,846,236
1637,1,838,226,850,236
1638,1,842,226,854,236
1639,1,847,225,859,235
1640,1,855,225,867,235
1641,1,864,225,876,235
1642,1,874,225,887,236
1643,1,884,225,897,236
1644,1,891,226,904,237
1645,1,895,226,907,237
1646,1,898,226,911,237
1647,1,901,226,913,237
1648,1,904,226,916,237
1649,1,907,226,919,236
1650,1,907,225,919,236
1651,1,909,225,922,236
1652,1,911,226,923,236
1653,1,914,227,926,237
1654,1,917,227,929,238
1655,1,921,227,933,238
1656,1,923,227,935,238
1657,1,925,228,937,239
1658,1,927,230,939,240
1659,1,929,229,941,239
1660,1,931,225,943,235
1661,1,932,221,944,231
1662,1,931,219,943,230
1663,1,932,218,944,229
1664,2,933,219,945,229,1107,208,1118,219
1665,2,933,221,945,231,1108,208,1121,219
1666,1,933,223,945,233
1667,1,934,224,946,234
1668,1,935,224,947,234
1669,1,935,223,947,233
1670,2,935,221,947,231,1119,202,1129,212
1671,2,934,218,946,228,1119,199,1129,209
1672,1,932,215,944,225
1673,1,930,213,942,223
1674,1,926,210,938,220
1675,1,923,208,935,218
1676,1,919,207,931,217
1677,1,916,207,928,217
1678,1,912,208,924,218
1679,1,907,210,919,220
1680,1,901,212,913,222
1681,1,896,213,908,223
1682,2,891,213,903,223,1088,181,1099,191
1683,2,888,211,900,221,1090,176,1100,187
1684,2,885,206,897,216,1087,173,1097,183
1685,1,882,201,895,212
1686,2,880,197,893,208,1088,160,1100,170
1687,2,878,194,891,205,1088,156,1100,166
1688,2,877,192,890,203,1088,154,1100,164
1689,2,876,191,889,202,1089,153,1101,163
1690,2,876,191,889,202,1091,153,1103,163
1691,2,876,192,890,203,1092,154,1104,164
1692,2,877,193,890,204,1095,154,1108,165
1693,2,878,193,891,204,1098,155,1110,165
1694,2,880,194,893,205,1101,155,1113,165
1695,2,881,194,894,205,1105,155,1117,165
1696,2,884,192,898,203,1108,154,1120,164
1697,2,887,191,900,202,1114,152,1126,162
1698,2,890,190,903,201,1119,151,1131,161
1699,2,894,189,907,200,1126,150,1138,160
1700,2,899,191,912,202,1132,152,1144,162
1701,2,903,194,916,205,1137,155,1149,165
1702,2,908,198,921,209,1144,158,1156,168
1703,2,913,201,926,212,1150,161,1162,171
1704,2,917,203,930,214,1156,161,1168,171
1705,2,921,203,934,214,1162,160,1174,170
1706,2,926,200,939,211,1168,156,1180,166
1707,2,931,196,944,207,1176,151,1188,161
1708,2,935,192,948,203,1182,144,1194,154
1709,2,938,187,950,197,1186,135,1199,145
1710,2,940,182,952,192,1190,128,1202,138
1711,2,946,179,958,189,1196,123,1209,134
1712,2,951,177,963,187,1203,120,1216,130
1713,2,956,175,968,185,1210,117,1223,127
1714,2,961,173,973,183,1216,115,1229,126
1715,2,967,172,979,182,1229,113,1239,123
1716,2,972,172,984,182,1237,114,1247,124
1717,2,977,172,989,182,1245,116,1255,126
1718,2,982,172,994,182,1252,117,1262,127
1719,2,985,171,997,181,1258,119,1268,129
1720,2,988,171,1000,181,1262,119,1272,129
1721,2,988,170,1000,180,1265,119,1275,129
1722,2,987,170,999,180,1265,121,1275,131
1723,2,987,169,999,179,1267,122,1277,132
1724,2,987,169,999,180,1268,124,1278,134
1725,2,984,170,997,181,1267,126,1277,136
1726,2,978,170,991,181,1262,127,1272,137
1727,2,969,172,983,184,1253,127,1263,137
1728,2,959,173,974,186,1242,127,1252,137
1729,2,948,175,963,188,1226,127,1236,137
1730,2,942,178,957,188,1215,127,1229,137
1731,2,935,179,949,189,1207,128,1219,140
1732,2,927,181,942,191,1203,128,1213,138
1733,2,924,179,939,189,1200,126,1210,136
1734,2,922,174,938,184,1200,123,1210,133
1735,2,921,172,936,182,1199,121,1209,131
1736,2,917,172,933,183,1197,121,1207,131
1737,2,915,172,931,183,1195,120,1205,130
1738,2,914,174,930,184,1194,121,1204,131
1739,1,914,177,930,188
1740,1,920,181,930,191
1741,1,921,183,931,193
1742,1,924,182,935,193
1743,1,928,179,941,191
1744,1,934,176,947,188
1745,1,943,172,957,184
1746,1,954,170,966,180
1747,1,966,168,978,178
1748,1,979,166,991,176
1749,1,994,167,1006,177
1750,1,1010,169,1022,179
1751,1,1024,170,1036,180
1752,1,1036,168,1048,178
1753,1,1045,166,1057,176
1754,1,1050,162,1064,172
1755,1,1056,161,1070,171
1756,1,1062,159,1076,169
1757,1,1064,154,1079,165
1758,1,1064,150,1079,161
1759,1,1063,148,1078,159
1760,1,1060,148,1075,159
1761,1,1055,148,1072,160
1762,1,1051,146,1068,158
1763,1,1051,145,1063,155
1764,1,1048,140,1060,150
1765,1,1048,136,1060,146
1766,1,1047,130,1060,140
1767,1,1048,124,1061,134
1768,1,1049,123,1062,133
1769,1,1049,128,1062,138
1770,1,1049,130,1062,140
1771,1,1050,132,1063,142
1772,1,1051,133,1064,143
1773,1,1051,131,1064,141
1774,1,1047,128,1060,138
1775,1,1041,125,1054,135
1776,1,1035,124,1048,134
1777,1,1031,125,1044,135
1778,1,1027,127,1040,137
1779,1,1025,130,1038,140
1780,1,1023,132,1033,142
1781,1,1017,132,1027,142
1782,1,1009,129,1019,139
1783,1,1003,124,1013,134
1784,1,997,119,1007,129
1785,1,991,115,1001,125
1786,1,986,114,996,124
1787,1,980,115,990,125
1788,1,975,120,985,130
1789,1,970,124,980,134
1790,1,966,130,976,140
1791,1,962,136,972,146
1792,1,959,141,969,151
1793,1,956,144,966,154
1794,1,954,147,964,157
1795,1,951,148,961,158
1796,1,950,148,960,158
1797,1,948,147,958,157
1798,1,946,147,956,157
1799,1,946,148,956,158
