23,1,1820,710,1830,720
24,1,1807,714,1817,724
25,1,1795,718,1805,728
26,1,1784,721,1794,731
27,1,1773,724,1783,734
28,1,1763,726,1773,736
29,1,1754,729,1764,739
30,1,1746,730,1756,740
31,1,1738,732,1748,742
32,1,1731,734,1741,744
33,1,1725,735,1735,745
34,1,1720,736,1730,746
35,1,1716,738,1726,748
36,1,1712,740,1722,750
37,1,1709,743,1719,753
38,1,1706,746,1716,756
39,1,1703,750,1713,760
40,1,1700,753,1710,763
41,1,1697,757,1707,767
42,1,1694,762,1704,772
43,1,1691,767,1701,777
44,1,1687,772,1697,782
45,1,1683,778,1693,788
46,1,1678,784,1688,794
47,1,1673,791,1683,801
48,1,1669,796,1679,806
49,1,1664,800,1674,810
50,1,1659,804,1669,814
51,1,1654,808,1664,818
52,1,1650,812,1660,822
53,1,1644,816,1654,826
54,1,1638,820,1648,830
55,1,1632,824,1642,834
56,1,1626,828,1636,838
57,1,1620,832,1630,842
58,1,1613,835,1623,845
59,1,1607,838,1617,848
60,1,1601,840,1611,850
61,1,1594,842,1604,852
62,1,1589,844,1599,854
63,1,1584,846,1594,856
64,1,1580,849,1590,859
65,1,1576,851,1586,861
66,1,1572,853,1582,863
67,1,1568,855,1578,865
68,1,1565,857,1576,868
69,1,1562,859,1572,869
70,1,1559,861,1570,872
71,1,1556,862,1567,873
72,1,1553,864,1563,874
73,1,1551,866,1561,876
74,1,1549,868,1559,878
75,1,1548,870,1558,880
76,1,1546,872,1556,882
77,1,1545,874,1555,884
78,1,1544,877,1554,887
79,1,1543,879,1553,889
80,1,1543,881,1553,891
81,1,1542,883,1552,893
82,1,1541,885,1551,895
83,1,1540,888,1550,898
84,1,1539,890,1549,900
85,1,1537,892,1547,902
86,1,1535,895,1545,905
87,1,1533,899,1543,909
88,1,1531,902,1541,912
89,1,1529,906,1539,916
90,1,1527,910,1537,920
91,1,1525,913,1535,923
92,1,1524,916,1534,926
93,1,1523,918,1533,928
94,1,1522,919,1532,929
95,1,1522,920,1532,930
96,1,1522,920,1532,930
97,1,1522,920,1532,930
98,1,1522,920,1532,930
99,1,1522,920,1532,930
100,1,1523,920,1533,930
101,1,1523,921,1533,931
102,1,1524,922,1534,932
103,1,1524,923,1534,933
104,1,1524,925,1534,935
105,1,1523,925,1533,935
106,1,1522,926,1532,936
107,1,1521,927,1531,937
108,1,1520,928,1530,938
109,1,1518,928,1528,938
110,1,1516,929,1526,939
111,1,1515,929,1525,939
112,1,1514,929,1524,939
113,1,1514,930,1524,940
114,1,1512,931,1522,941
115,1,1511,933,1521,943
116,1,1509,934,1519,944
117,1,1508,937,1518,947
118,1,1506,939,1516,949
119,1,1505,941,1515,951
120,1,1504,943,1514,953
121,1,1503,945,1513,955
122,1,1503,946,1513,956
123,1,1504,948,1514,958
124,1,1504,950,1514,960
125,1,1506,951,1516,961
126,1,1508,952,1518,962
127,1,1511,953,1521,963
128,1,1514,954,1524,964
129,1,1518,955,1528,965
130,1,1522,956,1532,966
131,1,1527,958,1537,968
132,1,1531,959,1541,969
133,1,1536,962,1546,972
134,1,1541,964,1551,974
135,1,1547,967,1557,977
136,1,1552,968,1562,978
137,1,1557,970,1567,980
138,1,1563,973,1573,983
139,1,1568,976,1578,986
140,1,1573,979,1583,989
141,1,1578,982,1588,992
142,1,1582,984,1592,994
143,1,1586,987,1596,997
144,1,1593,987,1603,997
145,1,1611,978,1621,988
146,1,1641,957,1651,967
147,1,1679,929,1690,939
148,1,1723,893,1734,903
149,1,1767,856,1778,866
150,1,1808,813,1820,823
151,1,1846,772,1858,782
152,1,1879,732,1891,742
153,1,1907,698,1917,709
163,1,1882,609,1895,619
164,1,1858,608,1869,618
165,1,1832,607,1843,617
166,1,1806,604,1816,616
167,1,1776,604,1788,614
168,1,1750,603,1761,613
169,1,1720,605,1731,615
170,1,1695,606,1705,616
171,1,1666,606,1679,617
172,1,1644,606,1656,616
173,1,1621,605,1634,616
174,1,1600,605,1613,615
175,1,1582,607,1594,618
176,1,1567,609,1579,619
177,1,1554,611,1566,621
178,1,1542,614,1554,624
179,1,1535,620,1547,632
180,1,1529,624,1541,635
181,1,1525,633,1538,645
182,1,1523,642,1535,654
183,1,1521,651,1533,664
184,1,1520,662,1532,674
185,1,1519,674,1531,686
186,1,1518,687,1530,699
187,1,1515,700,1527,712
188,1,1512,713,1524,725
189,1,1507,725,1519,737
190,1,1501,738,1513,750
191,1,1493,750,1504,760
192,1,1483,760,1494,770
193,1,1472,769,1483,779
194,1,1461,778,1472,788
195,1,1448,786,1459,796
196,1,1436,794,1447,804
197,1,1423,800,1434,810
198,1,1410,805,1421,815
199,1,1398,808,1409,818
200,1,1386,811,1397,821
201,1,1376,815,1387,825
202,1,1366,818,1377,828
203,1,1357,819,1368,829
204,1,1348,821,1359,831
205,1,1339,822,1350,832
206,1,1332,823,1343,833
207,1,1325,824,1336,834
208,1,1318,826,1329,836
209,1,1312,827,1323,837
210,1,1306,828,1317,838
211,1,1302,829,1312,839
212,1,1297,830,1307,840
213,1,1292,831,1302,841
214,1,1287,831,1297,841
215,1,1283,832,1293,842
216,1,1280,833,1290,843
217,1,1275,834,1285,844
218,1,1270,835,1280,845
219,1,1268,836,1278,846
220,1,1263,837,1273,847
221,1,1258,838,1268,848
222,1,1254,840,1264,850
223,1,1249,841,1259,851
224,1,1246,843,1256,853
225,1,1241,845,1251,855
226,1,1236,846,1246,856
227,1,1230,848,1240,858
228,1,1228,849,1238,859
229,1,1223,850,1233,860
230,1,1218,852,1228,862
231,1,1213,853,1223,863
232,1,1208,855,1218,865
233,1,1206,857,1216,867
234,1,1202,859,1212,869
235,1,1196,859,1209,869
236,1,1193,860,1203,870
237,1,1188,862,1198,872
238,1,1184,863,1194,873
239,1,1180,865,1190,875
240,1,1176,866,1186,876
241,1,1172,868,1182,878
242,1,1168,870,1178,880
243,1,1164,871,1174,881
244,1,1160,873,1170,883
245,1,1156,874,1166,884
246,1,1152,875,1162,885
247,1,1148,876,1158,886
248,1,1145,879,1155,889
249,1,1140,881,1150,891
250,1,1136,883,1146,893
251,1,1131,885,1141,895
252,1,1127,886,1137,896
253,1,1123,889,1133,899
254,1,1118,891,1128,901
255,1,1114,893,1124,903
256,1,1110,896,1120,906
257,1,1105,897,1115,907
258,1,1100,899,1110,909
259,1,1096,901,1106,911
260,1,1090,903,1100,913
261,1,1085,904,1095,914
262,1,1080,905,1090,915
263,1,1075,906,1085,916
264,1,1070,907,1080,917
265,1,1065,909,1075,919
266,1,1059,910,1069,920
267,1,1054,912,1064,922
268,1,1048,915,1058,925
269,1,1042,917,1052,927
270,1,1037,920,1047,930
271,1,1031,922,1041,932
272,1,1025,925,1035,935
273,1,1019,927,1029,937
274,1,1014,929,1024,939
275,1,1009,930,1019,940
276,1,1004,932,1014,942
277,1,999,934,1009,944
278,1,994,936,1004,946
279,1,989,938,999,948
280,1,984,940,994,950
281,1,978,941,989,952
282,1,973,942,983,952
283,1,971,942,981,952
284,1,967,941,977,951
285,1,963,941,973,951
286,1,961,940,971,950
287,1,958,940,968,950
288,1,956,940,966,950
289,1,954,941,964,951
290,1,952,940,962,950
291,1,949,940,959,950
292,1,946,940,956,950
293,1,944,940,954,950
294,1,941,940,951,950
295,1,938,940,948,950
296,1,935,941,945,951
297,1,932,941,942,951
298,1,929,941,939,951
299,1,926,941,936,951
300,1,923,940,933,950
301,1,920,940,930,950
302,1,916,940,926,950
303,1,913,940,923,950
304,1,908,940,918,950
305,1,904,941,914,951
306,1,900,941,910,951
307,1,895,941,905,951
308,1,891,941,901,951
309,1,887,940,897,950
310,1,883,940,894,951
311,1,879,939,890,950
312,1,875,938,885,948
313,1,871,938,881,948
314,1,868,938,879,949
315,1,865,938,875,948
316,1,863,939,873,949
317,1,861,939,871,949
318,1,859,940,869,950
319,1,857,941,867,951
320,1,856,941,866,951
321,1,855,942,865,952
322,1,854,942,864,952
323,1,853,942,863,952
324,1,852,942,862,952
325,1,851,942,861,952
326,1,851,943,861,953
327,1,850,944,860,954
328,1,850,945,860,955
329,1,851,945,861,955
330,1,852,946,862,956
331,1,853,947,863,957
332,1,855,948,865,958
333,1,856,949,866,959
334,1,856,949,866,959
335,1,857,949,867,959
336,1,857,949,867,959
337,1,856,948,866,958
338,1,855,947,865,957
339,1,853,947,863,957
340,1,850,947,860,957
341,1,846,947,856,957
342,1,842,946,852,956
343,1,838,945,848,955
344,1,833,944,843,954
345,1,828,943,838,953
346,1,823,942,833,952
347,1,818,940,828,950
348,1,814,939,825,950
349,1,809,938,820,949
350,1,806,936,816,946
351,1,802,935,812,945
352,1,799,934,809,944
353,1,796,934,806,944
354,1,794,934,804,944
355,1,792,934,802,944
356,1,791,934,801,944
357,1,790,935,800,945
358,1,790,935,801,946
359,1,790,936,801,947
360,1,791,936,801,946
361,1,792,937,802,947
362,1,793,937,803,947
363,1,795,937,805,947
364,1,797,938,808,949
365,1,799,939,809,949
366,1,800,940,810,950
367,1,802,939,812,949
368,1,802,935,812,945
369,1,803,928,813,938
370,1,803,918,813,928
371,1,803,908,813,918
372,1,803,898,813,908
373,1,804,889,814,899
374,1,804,882,814,892
375,1,804,877,814,887
376,1,804,874,814,884
377,1,804,873,814,883
378,1,804,873,814,883
379,1,804,876,814,886
380,1,804,879,814,889
381,1,804,882,814,892
382,1,803,885,813,895
383,1,803,889,813,899
384,1,802,892,813,903
385,1,802,895,813,906
386,1,801,899,811,909
387,1,801,903,811,913
388,1,801,907,811,917
389,1,800,911,810,921
390,1,800,914,810,924
391,1,799,918,809,928
392,1,798,921,808,931
393,1,797,924,808,935
394,1,797,927,807,937
395,1,797,930,807,940
396,1,797,933,807,943
397,1,798,936,809,947
398,1,799,939,810,950
399,1,799,941,809,951
400,1,799,942,810,953
401,1,800,943,811,954
402,1,800,945,810,955
403,1,801,946,812,957
404,1,801,948,812,959
405,1,802,949,813,960
406,1,802,950,813,961
407,1,803,951,814,962
408,1,805,953,815,963
409,1,806,954,816,964
410,1,807,956,817,966
411,1,808,957,818,967
412,1,809,958,819,968
413,1,809,958,819,968
414,1,810,958,820,968
415,1,811,958,821,968
416,1,811,957,821,967
417,1,812,956,822,966
418,1,813,955,823,965
419,1,814,954,824,964
420,1,816,954,826,964
421,1,818,953,828,963
422,1,820,952,830,962
423,1,823,952,833,962
424,1,825,952,835,962
425,1,829,951,839,961
426,1,831,950,841,960
427,1,834,949,844,959
428,1,837,947,847,957
429,1,839,946,849,956
430,1,842,944,852,954
431,1,844,943,854,953
432,1,847,942,857,952
433,1,850,940,860,950
434,1,852,939,862,949
435,1,855,938,865,948
436,1,858,936,868,946
437,1,861,935,871,945
438,1,864,934,874,944
439,1,867,932,877,942
440,1,869,931,879,941
441,1,872,930,882,940
442,1,874,928,884,938
443,1,876,927,886,937
444,1,879,926,889,936
445,1,881,925,891,935
446,1,883,923,893,933
447,1,886,922,896,932
448,1,888,921,898,931
449,1,890,920,900,930
450,1,892,919,902,929
451,1,894,919,904,929
452,1,897,919,907,929
453,1,899,919,909,929
454,1,902,921,912,931
455,1,905,922,915,932
456,1,907,924,917,934
457,1,909,925,919,935
458,1,911,926,921,936
459,1,913,927,923,937
460,1,914,928,924,938
461,1,916,928,926,938
462,1,920,930,930,940
463,1,922,931,932,941
464,1,924,931,934,941
465,1,926,932,937,943
466,1,929,933,940,943
467,1,932,934,943,944
468,1,935,935,946,945
469,1,938,935,949,945
470,1,944,936,954,946
471,1,947,937,957,947
472,1,951,938,961,948
473,1,954,938,964,948
474,1,957,939,967,949
475,1,961,939,971,949
476,1,965,940,975,950
477,1,968,940,978,950
478,1,972,941,982,951
479,1,976,941,986,951
480,1,979,942,989,952
481,1,983,943,993,953
482,1,986,944,996,954
483,1,990,944,1000,954
484,1,994,945,1004,955
485,1,998,945,1008,955
486,1,1003,946,1013,956
487,1,1007,946,1017,956
488,1,1012,946,1022,956
489,1,1016,946,1026,956
490,1,1020,947,1030,957
491,1,1024,948,1034,958
492,1,1029,948,1039,958
493,1,1033,949,1043,959
494,1,1038,949,1048,959
495,1,1042,949,1052,959
496,1,1047,949,1057,959
497,1,1050,948,1061,959
498,1,1054,948,1064,958
499,1,1058,948,1068,958
500,1,1062,948,1072,958
501,1,1066,948,1076,958
502,1,1071,948,1081,958
503,1,1075,948,1085,958
504,1,1079,948,1090,959
505,1,1084,949,1095,960
506,1,1089,950,1100,961
507,1,1096,950,1107,961
508,1,1103,949,1114,960
509,1,1109,948,1119,958
510,1,1116,947,1127,958
511,1,1122,946,1133,957
512,1,1130,945,1141,956
513,1,1139,945,1150,956
514,1,1147,943,1158,954
515,1,1157,942,1168,953
516,1,1166,941,1177,952
517,1,1176,941,1187,952
518,1,1185,941,1196,952
519,1,1193,942,1204,953
520,1,1200,942,1211,953
521,1,1207,943,1218,954
522,1,1214,944,1225,955
523,1,1220,946,1231,957
524,1,1226,947,1237,958
525,1,1232,950,1243,961
526,1,1236,951,1247,962
527,1,1241,952,1252,963
528,1,1244,952,1255,963
529,1,1248,952,1259,963
530,1,1250,952,1261,963
531,1,1253,953,1264,964
532,1,1255,954,1266,965
533,1,1259,956,1270,967
534,1,1262,956,1273,967
535,1,1266,958,1277,969
536,1,1271,959,1282,970
537,1,1276,960,1287,971
538,1,1282,960,1293,971
539,1,1288,959,1299,970
540,1,1295,959,1307,971
541,1,1303,958,1314,969
542,1,1310,958,1322,970
543,1,1318,958,1330,970
544,1,1326,957,1338,969
545,1,1334,957,1346,969
546,1,1342,956,1354,968
547,1,1351,954,1363,966
548,1,1360,954,1372,966
549,1,1368,953,1380,965
550,1,1376,953,1388,965
551,1,1385,952,1397,964
552,1,1393,952,1405,964
553,1,1401,953,1413,965
554,1,1409,954,1421,966
555,1,1417,955,1429,967
556,1,1425,956,1437,968
557,1,1434,958,1447,971
558,1,1442,960,1454,972
559,1,1450,962,1462,974
560,1,1456,964,1468,976
561,1,1462,966,1475,979
562,1,1469,968,1482,981
563,1,1474,971,1487,984
564,1,1480,974,1493,987
565,1,1486,977,1499,990
566,1,1492,978,1505,991
567,1,1497,979,1510,992
568,1,1502,980,1515,993
569,1,1507,980,1520,993
570,1,1511,979,1524,992
571,1,1517,977,1530,990
572,1,1524,975,1537,988
573,1,1539,969,1552,982
574,1,1564,959,1581,969
575,1,1602,937,1618,948
576,1,1645,908,1664,919
577,1,1691,874,1707,887
578,1,1732,835,1752,847
579,1,1776,793,1792,805
580,1,1811,753,1829,764
581,1,1843,714,1862,725
582,1,1870,678,1891,689
583,1,1891,647,1915,662
596,1,1836,581,1860,593
597,1,1814,580,1837,593
598,1,1791,580,1815,592
599,1,1769,581,1792,593
600,1,1748,583,1771,594
601,1,1726,586,1749,597
602,1,1707,588,1729,599
603,1,1688,590,1710,601
604,1,1672,591,1694,602
605,1,1657,592,1678,603
606,1,1645,594,1666,605
607,1,1634,596,1655,606
608,1,1626,598,1646,608
609,1,1620,599,1641,609
610,1,1616,601,1637,611
611,1,1614,602,1632,612
612,1,1613,604,1631,614
613,1,1613,607,1632,617
614,1,1614,613,1632,623
615,1,1615,620,1634,630
616,1,1616,628,1634,638
617,1,1616,638,1634,648
618,1,1615,648,1633,658
619,1,1613,659,1631,669
620,1,1610,671,1629,681
621,1,1607,682,1626,692
622,1,1602,692,1620,702
623,1,1596,702,1614,712
624,1,1590,710,1608,720
625,1,1584,716,1602,726
626,1,1577,722,1595,732
627,1,1570,727,1588,737
628,1,1563,732,1582,742
629,1,1557,735,1575,745
630,1,1550,738,1568,748
631,1,1544,740,1563,750
632,1,1538,741,1556,751
633,1,1532,742,1551,752
634,1,1526,742,1544,752
635,1,1520,742,1539,753
636,1,1517,740,1535,750
637,1,1513,738,1531,748
638,1,1508,737,1527,748
639,1,1505,736,1524,747
640,1,1504,735,1522,745
641,1,1503,734,1520,744
642,1,1501,734,1518,744
643,1,1499,735,1516,745
644,1,1497,736,1514,746
645,1,1495,737,1512,747
646,1,1493,737,1510,747
647,1,1491,738,1508,748
648,1,1490,738,1507,748
649,1,1489,739,1506,749
650,1,1487,739,1504,749
651,1,1486,739,1503,749
652,1,1485,738,1502,748
653,1,1484,737,1501,747
654,1,1482,736,1499,746
655,1,1481,736,1498,746
656,1,1480,736,1497,746
657,1,1479,737,1496,747
658,1,1478,738,1495,748
659,1,1476,737,1493,747
660,1,1474,737,1491,747
661,1,1472,737,1489,747
662,1,1469,737,1486,747
663,1,1466,737,1483,747
664,1,1462,736,1480,746
665,1,1461,735,1477,745
666,1,1458,735,1474,745
667,1,1455,735,1471,745
668,1,1451,735,1467,745
669,1,1447,734,1463,744
670,1,1442,733,1458,743
671,1,1438,733,1454,743
672,1,1434,734,1450,744
673,1,1430,735,1446,745
674,1,1426,735,1442,745
675,1,1422,734,1438,744
676,1,1418,733,1434,743
677,1,1416,733,1433,743
678,1,1414,734,1430,744
679,1,1412,734,1428,744
680,1,1411,735,1427,745
681,1,1411,735,1427,745
682,1,1411,735,1427,745
683,1,1411,733,1427,743
684,1,1412,729,1428,739
685,1,1413,725,1429,735
686,1,1415,723,1431,733
687,1,1415,723,1431,733
688,1,1416,725,1432,735
689,1,1416,728,1432,738
690,1,1416,732,1432,742
691,1,1415,736,1431,746
692,1,1415,740,1431,750
693,1,1414,742,1431,752
694,1,1412,745,1428,755
695,1,1410,748,1426,758
696,1,1408,750,1424,760
697,1,1405,753,1421,763
698,1,1403,755,1419,765
699,1,1400,756,1416,766
700,1,1397,758,1413,768
701,1,1394,760,1411,770
702,1,1390,762,1407,772
703,1,1387,764,1403,774
704,1,1384,765,1400,775
705,1,1380,765,1396,775
706,1,1378,765,1394,775
707,1,1376,765,1392,775
708,1,1374,764,1390,774
709,1,1373,763,1389,773
710,1,1373,762,1389,772
711,1,1373,761,1389,771
712,1,1373,760,1389,770
713,1,1374,760,1390,770
714,1,1374,759,1390,769
715,1,1375,758,1392,768
716,1,1376,757,1392,767
717,1,1378,756,1394,766
718,1,1379,756,1395,766
719,1,1381,757,1397,767
720,1,1383,757,1399,767
721,1,1384,758,1400,768
722,1,1386,759,1402,769
723,1,1387,760,1403,770
724,1,1389,760,1405,770
725,1,1390,761,1406,771
726,1,1391,762,1407,772
727,1,1392,763,1408,773
728,1,1393,764,1409,774
729,1,1393,765,1409,775
730,1,1394,766,1410,776
731,1,1394,767,1410,777
732,1,1394,767,1410,777
733,1,1393,768,1409,778
734,1,1393,769,1409,779
735,1,1392,770,1408,780
736,1,1391,771,1407,781
737,1,1390,771,1406,781
738,1,1389,772,1405,782
739,1,1389,772,1405,782
740,1,1388,773,1404,783
741,1,1389,774,1405,784
742,1,1390,775,1406,785
743,1,1391,775,1407,785
744,1,1392,775,1408,785
745,1,1394,775,1410,785
746,1,1397,775,1413,785
747,1,1399,776,1415,786
748,1,1402,776,1418,786
749,1,1405,777,1421,787
750,1,1408,778,1424,788
751,1,1411,779,1427,789
752,1,1414,780,1430,790
753,1,1416,781,1432,791
754,1,1419,782,1435,792
755,1,1421,783,1437,793
756,1,1424,785,1440,795
757,1,1426,786,1442,796
758,1,1429,787,1445,797
759,1,1432,789,1448,799
760,1,1436,790,1452,800
761,1,1439,790,1455,800
762,1,1442,791,1458,801
763,1,1445,791,1461,801
764,1,1449,792,1465,802
765,1,1452,793,1468,803
766,1,1455,793,1471,803
767,1,1457,795,1473,805
768,1,1459,796,1475,806
769,1,1462,798,1478,808
770,1,1464,800,1480,810
771,1,1467,801,1483,811
772,1,1469,803,1485,813
773,1,1471,804,1488,815
774,1,1473,806,1490,816
775,1,1475,808,1491,818
776,1,1477,810,1494,820
777,1,1478,812,1495,823
778,1,1480,813,1497,824
779,1,1483,815,1500,825
780,1,1485,817,1502,827
781,1,1488,819,1504,829
782,1,1491,821,1507,831
783,1,1495,822,1512,832
784,1,1498,823,1515,833
785,1,1502,824,1519,835
786,1,1506,825,1523,835
787,1,1510,826,1527,836
788,1,1516,827,1533,837
789,1,1521,828,1538,838
790,1,1527,829,1544,839
791,1,1532,830,1549,841
792,1,1538,832,1555,843
793,1,1544,833,1561,843
794,1,1550,835,1567,846
795,1,1557,836,1574,847
796,1,1564,837,1581,848
797,1,1571,839,1588,850
798,1,1578,842,1595,852
799,1,1585,845,1602,856
800,1,1591,847,1609,858
801,1,1598,850,1615,861
802,1,1605,852,1622,863
803,1,1611,853,1628,864
804,1,1617,855,1634,865
805,1,1623,857,1640,868
806,1,1629,859,1646,870
807,1,1634,861,1651,872
808,1,1640,863,1657,873
809,1,1645,864,1662,875
810,1,1650,866,1667,877
811,1,1655,867,1673,878
812,1,1661,867,1679,878
813,1,1667,867,1685,878
814,1,1675,866,1692,877
815,1,1683,865,1700,876
816,1,1695,859,1713,870
817,1,1712,848,1730,859
818,1,1731,830,1752,842
819,1,1756,810,1778,820
820,1,1783,784,1802,794
821,1,1806,754,1826,766
822,1,1831,727,1853,738
823,2,1731,828,1755,845,1853,699,1875,709
824,1,1874,671,1893,684
825,1,1889,649,1915,659
838,1,1887,583,1907,593
839,1,1870,579,1896,590
840,1,1860,577,1880,587
841,1,1845,573,1865,583
842,1,1829,569,1849,579
843,1,1815,564,1835,574
844,1,1801,560,1821,570
845,1,1786,557,1806,567
846,1,1773,554,1793,564
847,1,1761,552,1781,562
848,1,1750,550,1770,560
849,1,1742,548,1763,558
850,1,1731,546,1751,556
851,1,1723,543,1743,553
852,1,1718,540,1737,550
853,1,1713,537,1732,547
854,1,1709,537,1728,547
855,1,1707,538,1726,548
856,1,1706,540,1726,550
857,1,1705,544,1725,554
858,1,1706,549,1725,559
859,1,1707,556,1724,566
860,1,1708,564,1725,574
861,1,1710,572,1727,582
862,1,1712,582,1729,592
863,1,1712,591,1729,601
864,1,1713,600,1730,610
865,1,1713,608,1730,618
866,1,1711,616,1728,626
867,1,1709,623,1726,633
868,1,1706,628,1723,638
869,1,1703,631,1720,641
870,1,1699,634,1716,644
871,1,1694,636,1711,646
872,1,1689,639,1706,649
873,1,1684,642,1701,652
874,1,1678,646,1695,656
875,1,1672,649,1689,659
876,1,1666,653,1683,663
877,1,1660,655,1677,665
878,1,1655,657,1672,667
879,1,1648,659,1665,669
880,1,1643,660,1660,670
881,1,1637,661,1654,671
882,1,1632,662,1649,672
883,1,1627,663,1644,673
884,1,1621,663,1638,673
885,1,1615,663,1632,673
886,1,1610,661,1627,671
887,1,1605,660,1622,670
888,1,1600,658,1617,668
889,1,1597,657,1614,667
890,1,1594,655,1611,665
891,1,1590,653,1607,663
892,1,1587,651,1604,661
893,1,1584,647,1602,657
894,1,1582,644,1600,655
895,1,1580,642,1598,653
896,1,1577,642,1595,652
897,1,1575,642,1592,652
898,1,1573,641,1590,651
899,1,1571,641,1588,651
900,1,1569,640,1586,650
901,1,1567,640,1584,650
902,1,1566,641,1581,651
903,1,1564,642,1579,652
904,1,1561,645,1576,655
905,1,1558,647,1573,657
906,1,1556,649,1571,659
907,1,1551,652,1566,662
908,1,1548,655,1561,665
909,1,1542,659,1555,669
910,1,1538,662,1551,672
911,1,1532,666,1546,677
912,1,1526,670,1539,680
913,1,1520,674,1533,684
914,1,1513,677,1526,687
915,1,1507,680,1520,690
916,1,1501,682,1514,692
917,1,1494,683,1507,693
918,1,1488,684,1501,694
919,1,1481,686,1494,696
920,1,1475,687,1488,697
921,1,1469,689,1482,699
922,1,1464,691,1477,701
923,1,1459,692,1472,702
924,1,1454,693,1468,704
925,1,1449,694,1463,705
926,1,1447,694,1459,704
927,1,1443,694,1455,704
928,1,1440,695,1452,705
929,1,1437,697,1449,707
930,1,1434,699,1446,709
931,1,1431,701,1443,711
932,1,1428,704,1440,714
933,1,1426,707,1438,717
934,1,1423,710,1435,720
935,1,1420,714,1432,724
936,1,1418,716,1430,726
937,1,1415,719,1427,729
938,1,1412,722,1424,732
939,1,1410,724,1422,734
940,1,1406,726,1418,736
941,1,1403,728,1415,738
942,1,1399,729,1411,739
943,1,1396,730,1408,740
944,1,1392,732,1404,742
945,1,1387,733,1399,743
946,1,1383,736,1395,746
947,1,1379,738,1391,748
948,1,1374,740,1386,750
949,1,1369,741,1381,751
950,1,1365,742,1377,752
951,1,1360,743,1372,753
952,1,1356,743,1368,753
953,1,1352,743,1364,753
954,1,1348,742,1360,752
955,1,1345,742,1357,752
956,1,1341,742,1353,752
957,1,1337,742,1349,752
958,1,1332,742,1344,752
959,1,1328,742,1340,752
960,1,1324,742,1336,752
961,1,1320,744,1332,754
962,1,1316,746,1328,756
963,1,1311,749,1323,759
964,1,1307,752,1319,762
965,1,1302,754,1314,764
966,1,1297,756,1309,766
967,1,1292,758,1304,768
968,1,1287,759,1299,769
969,1,1283,761,1295,771
970,1,1279,762,1291,772
971,1,1275,764,1287,774
972,1,1271,764,1283,774
973,1,1268,765,1280,775
974,1,1265,764,1277,774
975,1,1263,765,1275,775
976,1,1261,765,1273,775
977,1,1259,766,1271,776
978,1,1258,767,1270,777
979,1,1257,767,1269,777
980,1,1258,768,1269,778
981,1,1257,769,1268,779
982,1,1255,770,1266,780
983,1,1253,771,1264,781
984,1,1251,772,1262,782
985,1,1249,773,1260,783
986,1,1246,774,1257,784
987,1,1243,774,1254,784
988,1,1241,774,1252,784
989,1,1238,775,1249,785
990,1,1234,776,1245,786
991,1,1231,777,1242,787
992,1,1227,779,1238,789
993,1,1223,781,1234,791
994,1,1220,782,1231,792
995,1,1216,783,1227,793
996,1,1213,785,1224,795
997,1,1210,787,1221,797
998,1,1208,788,1219,798
999,1,1206,790,1217,800
1000,1,1204,792,1215,802
1001,1,1202,794,1213,804
1002,1,1201,796,1212,806
1003,1,1199,797,1210,807
1004,1,1197,798,1208,808
1005,1,1195,799,1206,809
1006,1,1193,799,1204,809
1007,1,1191,799,1202,809
1008,1,1189,799,1200,809
1009,1,1187,800,1198,810
1010,1,1185,800,1196,810
1011,1,1183,801,1194,811
1012,1,1181,803,1192,813
1013,1,1178,804,1189,814
1014,1,1175,805,1187,815
1015,1,1172,806,1184,817
1016,1,1170,806,1182,817
1017,1,1167,807,1179,818
1018,1,1164,807,1176,818
1019,1,1161,808,1173,819
1020,1,1158,809,1170,820
1021,1,1155,810,1167,821
1022,1,1152,810,1164,821
1023,1,1149,810,1161,821
1024,1,1147,811,1158,821
1025,1,1144,811,1155,821
1026,1,1142,812,1154,823
1027,1,1138,813,1150,824
1028,1,1136,814,1148,825
1029,1,1133,815,1143,826
1030,1,1130,816,1140,827
1031,1,1127,817,1137,827
1032,1,1124,818,1134,828
1033,1,1121,818,1131,828
1034,1,1119,818,1129,828
1035,1,1116,819,1126,829
1036,1,1114,819,1124,829
1037,1,1112,820,1123,831
1038,1,1110,821,1121,832
1039,1,1108,822,1119,833
1040,1,1107,822,1118,833
1041,1,1103,822,1113,832
1042,1,1102,823,1112,833
1043,1,1101,822,1111,832
1044,1,1100,823,1110,833
1045,1,1099,824,1110,835
1046,1,1098,825,1108,835
1047,1,1098,826,1108,836
1048,1,1097,826,1107,836
1049,1,1096,827,1106,837
1050,1,1096,827,1106,837
1051,1,1095,827,1105,837
1052,1,1095,826,1106,837
1053,1,1094,825,1105,836
1054,1,1094,824,1104,834
1055,1,1094,824,1104,834
1056,1,1093,824,1104,835
1057,1,1092,824,1103,835
1058,1,1090,824,1101,835
1059,1,1088,824,1099,835
1060,1,1086,824,1097,835
1061,1,1084,823,1095,834
1062,1,1084,823,1096,835
1063,1,1084,823,1096,835
1064,1,1084,824,1096,836
1065,1,1085,824,1097,836
1066,1,1086,824,1098,836
1067,1,1087,825,1097,835
1068,1,1088,825,1098,835
1069,1,1089,824,1099,834
1070,1,1090,823,1100,833
1071,1,1091,823,1101,833
1072,1,1091,822,1101,832
1073,1,1091,821,1101,831
1074,1,1091,820,1101,830
1075,1,1091,819,1101,829
1076,1,1090,819,1100,829
1077,1,1089,819,1099,829
1078,1,1088,817,1099,828
1079,1,1086,816,1097,827
1080,1,1084,816,1095,827
1081,1,1083,815,1094,826
1082,1,1081,815,1092,826
1083,1,1079,815,1090,826
1084,1,1078,815,1089,826
1085,1,1076,815,1087,826
1086,1,1074,814,1085,825
1087,1,1073,814,1084,825
1088,1,1072,814,1083,825
1089,1,1071,814,1082,825
1090,1,1071,814,1082,825
1091,1,1071,814,1082,825
1092,1,1071,815,1082,826
1093,1,1071,817,1082,828
1094,1,1072,819,1083,830
1095,1,1073,820,1084,831
1096,1,1073,819,1084,830
1097,1,1074,820,1085,831
1098,1,1075,820,1086,831
1099,1,1076,820,1087,831
1100,1,1078,821,1089,832
1101,1,1080,822,1092,834
1102,1,1082,823,1094,835
1103,1,1083,824,1095,836
1104,1,1085,825,1097,837
1105,1,1087,826,1099,838
1106,1,1088,827,1100,839
1107,1,1090,827,1102,839
1108,1,1093,827,1104,838
1109,1,1094,828,1105,839
1110,1,1095,828,1106,839
1111,1,1096,829,1107,840
1112,1,1097,830,1108,841
1113,1,1098,831,1109,842
1114,1,1099,831,1111,843
1115,1,1100,831,1111,842
1116,1,1102,831,1113,842
1117,1,1105,831,1116,842
1118,1,1108,830,1119,841
1119,1,1112,830,1123,841
1120,1,1116,830,1127,841
1121,1,1120,830,1131,841
1122,1,1125,830,1136,841
1123,1,1130,830,1141,841
1124,1,1135,830,1146,841
1125,1,1140,830,1151,841
1126,1,1145,831,1156,842
1127,1,1149,832,1160,843
1128,1,1154,832,1166,844
1129,1,1158,832,1169,843
1130,1,1162,831,1173,842
1131,1,1165,831,1177,843
1132,1,1167,831,1178,842
1133,1,1170,831,1182,843
1134,1,1173,831,1184,842
1135,1,1175,832,1186,843
1136,1,1178,832,1189,843
1137,1,1181,833,1193,845
1138,1,1183,834,1195,846
1139,1,1186,835,1198,847
1140,1,1189,836,1200,847
1141,1,1191,836,1202,847
1142,1,1194,836,1205,847
1143,1,1197,836,1208,847
1144,1,1200,835,1211,846
1145,1,1203,835,1214,846
1146,1,1207,835,1219,847
1147,1,1211,834,1222,845
1148,1,1216,834,1227,845
1149,1,1222,834,1234,846
1150,1,1229,834,1240,845
1151,1,1235,835,1247,847
1152,1,1240,837,1252,849
1153,1,1245,839,1257,851
1154,1,1250,841,1262,853
1155,1,1255,842,1267,854
1156,1,1261,845,1272,856
1157,1,1266,846,1277,857
1158,1,1271,846,1282,857
1159,1,1276,847,1287,858
1160,1,1281,848,1292,859
1161,1,1285,849,1297,861
1162,1,1289,850,1301,862
1163,1,1294,852,1305,863
1164,1,1298,854,1309,865
1165,1,1303,856,1314,867
1166,1,1308,858,1319,869
1167,1,1313,859,1324,870
1168,1,1318,859,1329,870
1169,1,1324,860,1335,871
1170,1,1329,858,1340,869
1171,1,1336,856,1347,867
1172,1,1344,854,1355,865
1173,1,1353,854,1364,865
1174,1,1361,853,1372,864
1175,1,1369,853,1381,865
1176,1,1375,853,1386,864
1177,1,1381,853,1393,865
1178,1,1387,854,1399,866
1179,1,1392,855,1404,867
1180,1,1398,856,1410,868
1181,1,1404,858,1415,869
1182,1,1410,859,1421,870
1183,1,1415,860,1426,871
1184,1,1421,861,1432,872
1185,1,1427,862,1438,873
1186,1,1432,863,1443,874
1187,1,1437,865,1449,877
1188,1,1443,866,1455,878
1189,1,1449,867,1460,878
1190,1,1455,867,1466,878
1191,1,1461,868,1473,880
1192,1,1467,868,1479,880
1193,1,1474,868,1486,880
1194,1,1481,869,1493,881
1195,1,1488,870,1500,882
1196,1,1495,871,1507,883
1197,1,1503,872,1514,883
1198,1,1511,873,1522,884
1199,1,1520,874,1531,885
1200,1,1527,875,1538,886
1201,1,1536,876,1547,887
1202,1,1544,877,1555,888
1203,1,1554,877,1565,888
1204,1,1564,875,1575,886
1205,1,1575,871,1587,883
1206,1,1586,868,1598,880
1207,1,1597,866,1608,877
1208,1,1609,864,1620,875
1209,1,1621,863,1633,875
1210,1,1633,864,1644,875
1211,1,1644,866,1655,877
1212,1,1655,869,1667,881
1213,1,1664,872,1676,884
1214,1,1674,877,1686,889
1215,1,1683,882,1694,893
1216,1,1691,887,1702,898
1217,1,1699,892,1710,903
1218,1,1706,896,1717,907
1219,1,1714,899,1725,910
1220,1,1720,903,1732,915
1221,1,1727,908,1738,919
1222,1,1734,912,1745,923
1223,1,1741,916,1752,927
1224,1,1749,920,1761,932
1225,1,1758,923,1769,934
1226,1,1766,926,1777,937
1227,1,1775,930,1786,941
1228,1,1784,932,1795,943
1229,1,1792,935,1803,946
1230,1,1801,937,1812,948
1231,1,1810,941,1821,952
1232,1,1821,943,1833,955
1233,1,1835,944,1846,955
1234,1,1849,945,1860,956
1235,1,1866,946,1877,957
1236,1,1880,945,1894,956
1237,1,1898,945,1912,956
1284,1,1802,435,1818,446
1285,1,1805,448,1821,459
1286,1,1805,460,1820,471
1287,1,1804,471,1819,481
1288,1,1800,481,1815,491
1289,1,1796,492,1810,502
1290,1,1790,501,1804,511
1291,1,1782,509,1796,519
1292,1,1774,519,1788,529
1293,1,1764,527,1778,537
1294,1,1756,535,1770,545
1295,1,1745,543,1759,553
1296,1,1736,551,1750,561
1297,1,1726,557,1742,567
1298,1,1716,564,1732,574
1299,1,1708,572,1724,582
1300,1,1700,578,1716,588
1301,1,1693,583,1710,593
1302,1,1685,584,1702,595
1303,1,1679,583,1696,594
1304,1,1674,581,1691,592
1305,1,1669,577,1685,587
1306,1,1666,573,1683,583
1307,1,1664,567,1680,577
1308,1,1662,561,1679,571
1309,1,1661,555,1677,565
1310,1,1661,551,1678,561
1311,1,1661,548,1678,558
1312,1,1661,548,1678,559
1313,1,1662,548,1679,559
1314,1,1663,549,1680,560
1315,1,1663,550,1681,561
1316,1,1664,550,1682,561
1317,1,1664,550,1682,561
1318,1,1663,550,1680,561
1319,1,1662,551,1680,562
1320,1,1659,551,1677,562
1321,1,1656,553,1673,563
1322,1,1652,554,1669,564
1323,1,1646,556,1662,566
1324,1,1640,558,1656,568
1325,1,1633,560,1649,570
1326,1,1625,562,1641,572
1327,1,1616,564,1632,574
1328,1,1606,565,1622,575
1329,1,1597,565,1613,575
1330,1,1587,567,1603,577
1331,1,1577,567,1594,577
1332,1,1567,567,1583,577
1333,1,1556,566,1572,576
1334,1,1546,565,1562,575
1335,1,1536,565,1553,575
1336,1,1526,567,1543,577
1337,1,1518,569,1534,579
1338,1,1510,570,1523,580
1339,1,1503,572,1516,582
1340,1,1497,575,1510,585
1341,1,1491,580,1503,590
1342,1,1486,585,1498,595
1343,1,1482,589,1495,599
1344,1,1479,593,1491,603
1345,1,1476,597,1489,607
1346,1,1474,600,1486,610
1347,1,1473,604,1485,614
1348,1,1472,608,1484,618
1349,1,1471,613,1483,623
1350,1,1471,618,1483,628
1351,1,1470,623,1482,633
1352,1,1469,628,1481,638
1356,1,1468,646,1478,656
1361,1,1454,665,1467,675
1362,1,1450,671,1462,681
1363,1,1446,676,1457,686
1364,1,1441,679,1452,689
1365,1,1436,681,1447,691
1366,1,1433,685,1443,695
1367,1,1428,688,1438,698
1368,1,1423,692,1433,702
1369,1,1418,694,1429,705
1370,1,1413,697,1424,708
1371,1,1409,700,1419,710
1372,1,1405,703,1415,713
1373,1,1400,705,1410,715
1374,1,1397,708,1407,718
1375,1,1393,710,1403,720
1376,1,1390,713,1400,723
1377,1,1388,714,1399,725
1378,1,1386,716,1397,727
1379,1,1384,717,1395,728
1380,1,1383,718,1394,729
1381,1,1382,719,1393,730
1382,1,1382,720,1393,731
1383,1,1383,722,1394,733
1384,1,1384,723,1395,734
1385,1,1385,725,1396,736
1386,1,1386,726,1397,737
1387,1,1388,728,1399,739
1388,1,1389,730,1400,741
1389,1,1391,733,1402,744
1390,1,1392,735,1403,746
1391,1,1393,737,1404,748
1392,1,1395,739,1406,750
1393,1,1396,742,1407,753
1394,1,1398,744,1409,755
1395,1,1399,746,1410,757
1396,1,1400,749,1411,760
1397,1,1401,751,1412,762
1398,1,1401,753,1412,764
1399,1,1402,755,1413,766
1400,1,1402,757,1413,768
1401,1,1402,758,1413,769
1402,1,1402,759,1413,770
1403,1,1403,759,1414,770
1404,1,1403,760,1414,771
1405,1,1404,761,1415,772
1406,1,1404,762,1415,773
1407,1,1405,762,1416,773
1408,1,1406,762,1417,773
1409,1,1407,763,1418,774
1410,1,1408,763,1419,774
1411,1,1409,765,1420,776
1412,1,1410,766,1421,777
1413,1,1411,767,1422,778
1414,1,1412,769,1423,780
1415,1,1414,770,1425,781
1416,1,1416,770,1427,781
1417,1,1418,771,1429,782
1418,1,1420,772,1431,783
1419,1,1422,772,1433,783
1420,1,1424,773,1434,783
1421,1,1426,774,1437,785
1422,1,1430,776,1442,786
1423,1,1432,777,1444,787
1424,1,1433,778,1445,788
1425,1,1435,780,1447,790
1426,1,1436,783,1448,793
1427,1,1437,785,1449,795
1428,1,1439,787,1452,798
1429,1,1441,789,1453,799
1430,1,1442,790,1455,801
1431,1,1447,793,1459,803
1432,1,1449,794,1461,804
1433,1,1452,796,1464,806
1434,1,1455,798,1467,808
1435,1,1458,800,1470,810
1436,1,1461,802,1473,812
1437,1,1464,804,1476,814
1438,1,1468,806,1480,816
1439,1,1471,807,1483,817
1440,1,1475,809,1487,819
1441,1,1479,810,1491,820
1442,1,1483,812,1495,822
1443,1,1488,812,1500,822
1444,1,1493,813,1505,823
1445,1,1498,814,1510,824
1446,1,1503,814,1515,824
1447,1,1508,815,1521,826
1448,1,1513,816,1526,827
1449,1,1519,818,1532,829
1450,1,1525,819,1538,830
1451,1,1530,821,1542,831
1452,1,1536,823,1549,834
1453,1,1541,825,1554,836
1454,1,1547,828,1560,838
1455,1,1553,831,1565,841
1456,1,1559,834,1571,844
1457,1,1565,836,1577,846
1458,1,1571,839,1583,849
1459,1,1577,843,1589,853
1460,1,1583,846,1595,856
1461,1,1589,849,1601,859
1462,1,1595,852,1607,862
1463,1,1606,851,1618,861
1464,1,1624,840,1636,850
1465,1,1648,817,1662,828
1466,1,1678,786,1692,796
1467,1,1709,748,1723,760
1468,1,1738,706,1757,717
1469,1,1769,663,1786,673
1470,1,1790,620,1809,630
1471,1,1812,576,1828,588
1472,1,1828,539,1845,550
1473,1,1839,508,1857,518
1474,1,1847,483,1867,495
1475,1,1854,465,1874,477
1476,1,1858,453,1878,465
1477,1,1860,446,1879,458
1478,1,1860,444,1879,455
1479,1,1856,444,1875,456
1480,1,1849,447,1868,458
1481,1,1838,451,1857,462
1482,1,1824,454,1843,465
1483,1,1808,458,1827,469
1484,1,1788,461,1808,473
1485,1,1767,464,1787,476
1486,1,1745,467,1764,478
1487,1,1722,470,1740,481
1488,1,1698,474,1716,485
1489,1,1673,477,1692,488
1490,1,1649,479,1668,490
1491,1,1629,482,1645,492
1492,1,1607,484,1623,494
1493,1,1588,487,1604,497
1494,1,1570,490,1586,500
1495,1,1554,493,1571,503
1496,1,1540,497,1556,507
1497,1,1528,501,1545,512
1498,1,1520,506,1536,516
1499,1,1511,512,1527,522
1500,1,1506,519,1523,529
1501,1,1503,527,1519,537
1502,1,1504,536,1517,546
1503,1,1504,545,1517,555
1504,1,1505,555,1518,565
1505,1,1505,565,1518,575
1506,1,1506,576,1519,586
1507,1,1506,588,1520,598
1508,1,1505,601,1518,611
1509,1,1503,615,1516,625
1510,1,1500,630,1513,640
1511,1,1495,644,1508,654
1512,1,1489,657,1502,667
1513,1,1481,668,1494,678
1514,1,1472,676,1485,686
1515,1,1462,684,1475,694
1516,1,1454,690,1468,700
1517,1,1443,695,1458,706
1518,1,1433,700,1447,710
1519,1,1422,704,1438,715
1520,1,1412,708,1429,720
1521,1,1406,713,1420,723
1522,1,1398,716,1412,726
1523,1,1392,718,1406,728
1524,1,1385,719,1399,729
1525,1,1379,719,1393,729
1526,1,1374,718,1388,728
1527,1,1369,717,1383,727
1528,1,1364,717,1378,727
1529,1,1359,717,1373,727
1530,1,1355,716,1369,726
1531,1,1353,716,1367,726
1532,1,1349,716,1363,726
1533,1,1346,717,1360,727
1534,1,1343,718,1357,728
1535,1,1340,720,1354,730
1536,1,1336,723,1350,733
1537,1,1333,726,1347,736
1538,1,1329,729,1344,740
1539,1,1326,732,1340,742
1540,1,1322,735,1336,745
1541,1,1318,738,1332,748
1542,1,1314,740,1328,750
1543,1,1310,743,1324,753
1544,1,1305,745,1320,756
1545,1,1302,747,1317,757
1546,1,1297,749,1312,760
1547,1,1296,751,1311,761
1548,1,1292,752,1307,762
1549,1,1288,754,1303,764
1550,1,1285,755,1300,765
1551,1,1280,757,1295,767
1552,1,1277,758,1292,768
1553,1,1273,760,1288,770
1554,1,1269,762,1284,772
1555,1,1265,764,1280,774
1556,1,1261,766,1276,776
1557,1,1256,768,1271,778
1558,1,1252,769,1267,779
1559,1,1248,770,1263,780
1560,1,1244,771,1259,781
1561,1,1240,772,1255,782
1562,1,1236,774,1251,784
1563,1,1231,775,1247,785
1564,1,1227,776,1242,786
1565,1,1223,777,1239,788
1566,1,1219,779,1236,790
1567,1,1217,780,1232,790
1568,1,1213,781,1228,791
1569,1,1210,783,1225,793
1570,1,1207,785,1222,795
1571,1,1203,787,1218,797
1572,1,1201,789,1216,799
1573,1,1199,791,1213,801
1574,1,1196,793,1210,803
1575,1,1194,795,1208,805
1576,1,1191,797,1205,807
1577,1,1188,799,1202,809
1578,1,1185,800,1199,810
1579,1,1182,800,1196,810
1580,1,1179,800,1193,810
1581,1,1175,801,1189,811
1582,1,1170,802,1184,812
1583,1,1165,802,1179,812
1584,1,1161,803,1174,813
1585,1,1155,804,1168,814
1586,1,1149,805,1162,815
1587,1,1144,806,1157,816
1588,1,1138,807,1151,817
1589,1,1133,808,1146,818
1590,1,1126,809,1139,819
1591,1,1121,810,1135,820
1592,1,1115,811,1129,821
1593,1,1110,813,1124,823
1594,1,1103,812,1117,822
1595,1,1100,813,1115,823
1596,1,1096,815,1111,825
1597,1,1092,817,1107,827
1598,1,1089,819,1104,829
1599,1,1086,822,1101,832
1600,1,1084,824,1099,834
1601,1,1081,826,1096,836
1602,1,1079,827,1094,837
1603,1,1077,828,1092,838
1604,1,1075,829,1090,839
1605,1,1072,829,1087,839
1606,1,1069,829,1083,839
1607,1,1066,830,1080,840
1608,1,1063,831,1077,841
1609,1,1060,832,1074,842
1610,1,1056,833,1071,843
1611,1,1053,834,1067,844
1612,1,1050,835,1064,845
1613,1,1046,836,1060,846
1614,1,1042,837,1056,847
1615,1,1038,839,1052,849
1616,1,1033,840,1047,850
1617,1,1029,842,1043,852
1618,1,1025,844,1039,854
1619,1,1020,846,1034,856
1620,1,1016,848,1030,858
1621,1,1012,849,1026,859
1622,1,1008,850,1022,860
1623,1,1004,850,1018,860
1624,1,1001,850,1015,860
1625,1,998,850,1012,860
1626,1,995,849,1009,859
1627,1,992,848,1006,858
1628,1,990,847,1004,857
1629,1,990,846,1002,856
1630,1,988,845,1000,855
1631,1,986,845,998,855
1632,1,985,845,997,855
1633,1,983,844,995,854
1634,1,982,845,994,855
1635,1,980,845,992,855
1636,1,978,845,990,855
1637,1,977,846,989,856
1638,1,975,845,987,855
1639,1,974,844,986,854
1640,1,972,843,984,853
1641,1,970,842,983,853
1642,1,968,841,981,851
1643,1,966,839,979,850
1644,1,964,838,977,849
1645,1,963,837,976,848
1646,1,961,837,974,848
1647,1,959,837,972,848
1648,1,958,836,971,847
1649,1,956,836,969,847
1650,1,953,836,966,847
1651,1,950,835,963,846
1652,1,947,835,960,846
1653,1,944,835,957,846
1654,1,941,835,953,845
1655,1,938,836,951,846
1656,1,935,836,948,847
1657,1,933,835,945,845
1658,1,930,835,942,845
1659,1,928,834,940,844
1660,1,925,834,937,844
1661,1,923,833,935,843
1662,1,921,833,933,843
1663,1,919,834,931,844
1664,1,917,835,929,845
1665,1,916,837,928,847
1666,1,915,838,928,848
1667,1,914,840,927,851
1668,1,912,841,924,851
1669,1,912,842,923,852
1670,1,911,843,922,853
1671,1,911,843,922,853
1672,1,910,843,921,853
1673,1,910,843,921,853
1674,1,910,843,921,853
1675,1,909,843,920,853
1676,1,908,843,919,853
1677,1,907,844,918,854
1678,1,906,845,917,855
1679,1,905,845,916,855
1680,1,904,845,915,855
1681,1,903,844,914,854
1682,1,901,843,912,853
1683,1,900,844,911,854
1684,1,899,845,910,855
1685,1,899,847,910,857
1686,1,898,848,909,858
1687,1,896,848,907,858
1688,1,894,848,905,858
1689,1,892,847,903,857
1690,1,889,846,900,856
1691,1,885,845,896,855
1692,1,881,844,892,854
1693,1,878,844,889,854
1694,1,874,845,885,855
1695,1,871,844,882,854
1696,1,867,843,878,853
1697,1,864,842,875,852
1698,1,861,841,872,851
1699,1,858,840,870,850
1700,1,855,839,866,849
1701,1,853,838,864,848
1702,1,851,837,862,847
1703,1,849,836,860,846
1704,1,847,834,858,844
1705,1,845,834,856,844
1706,1,843,833,854,843
1707,1,841,834,852,844
1708,1,840,834,851,844
1709,1,838,834,849,844
1710,1,838,833,849,843
1711,1,838,832,849,842
1712,1,838,832,849,842
1713,1,839,831,850,841
1714,1,840,831,851,841
1715,1,842,832,853,842
1716,1,843,834,854,844
1717,1,845,835,856,845
1718,1,847,836,858,846
1719,1,849,836,860,846
1720,1,852,834,863,844
1721,1,855,830,866,840
1722,1,857,826,868,836
1723,1,860,821,871,831
1724,1,861,815,872,825
1725,1,863,810,874,820
1726,1,864,804,875,814
1727,1,865,799,876,809
1728,1,865,795,876,805
1729,1,865,791,876,801
1730,1,865,789,876,799
1731,1,865,789,876,799
1732,1,865,791,876,801
1733,1,865,794,876,804
1734,1,864,798,875,808
1735,1,862,802,873,812
1736,1,861,805,872,815
1737,1,859,809,870,819
1738,1,857,813,868,823
1739,1,856,816,867,826
1740,1,853,820,865,831
1741,1,852,823,863,833
1742,1,850,826,861,836
1743,1,849,829,860,839
1744,1,847,832,858,842
1745,1,845,835,856,845
1746,1,844,838,855,848
1747,1,843,841,854,851
1748,1,843,843,854,853
1749,1,843,846,854,856
1750,1,844,849,855,859
1751,1,846,852,857,862
1752,1,848,855,859,865
1753,1,851,857,862,867
1754,1,853,859,864,869
1755,1,857,861,868,871
1756,1,861,863,872,873
1757,1,864,865,875,875
1758,1,868,866,879,876
1759,1,871,867,882,877
1760,1,874,868,885,878
1761,1,877,868,887,878
1762,1,879,868,889,878
1763,1,882,868,892,878
1764,1,884,868,894,878
1765,1,886,868,896,878
1766,1,887,867,897,877
1767,1,889,866,899,876
1768,1,890,865,900,875
1769,1,891,865,901,875
1770,1,892,865,902,875
1771,1,893,865,903,875
1772,1,893,865,903,875
1773,1,893,864,903,874
1774,1,893,864,904,875
1775,1,894,864,905,875
1776,1,894,864,905,875
1777,1,894,864,905,875
1778,1,895,864,906,875
1779,1,895,863,906,874
1780,1,896,863,907,874
1781,1,896,862,907,873
1782,1,897,862,908,873
1783,1,898,861,909,872
1784,1,899,861,910,872
1785,1,900,861,911,872
1786,1,901,860,912,871
1787,1,903,860,914,871
1788,1,904,860,915,871
1789,1,906,861,917,872
1790,1,908,861,919,872
1791,1,910,861,920,873
1792,1,913,861,923,873
1793,1,915,861,925,873
1794,1,918,860,928,873
1795,1,921,860,931,872
1796,1,924,860,934,872
1797,1,928,859,938,871
1798,1,933,859,946,871
1799,1,938,859,951,871
