5,1,1265,188,1278,204
6,1,1254,191,1266,203
7,1,1244,193,1256,205
8,1,1235,195,1248,208
9,1,1230,206,1244,220
10,1,1228,227,1238,240
11,1,1224,242,1234,255
12,1,1218,254,1231,266
13,1,1215,256,1227,267
14,1,1213,256,1225,267
15,1,1211,255,1223,266
16,1,1209,253,1221,264
17,1,1207,251,1219,262
18,1,1204,250,1216,261
19,1,1202,249,1214,260
20,1,1199,249,1211,260
21,1,1196,249,1208,260
22,1,1194,250,1206,261
23,1,1192,252,1204,263
24,1,1190,254,1202,265
25,1,1189,256,1201,267
26,1,1187,258,1199,269
27,1,1185,260,1197,271
28,1,1183,262,1195,273
29,1,1181,264,1193,275
30,1,1178,265,1190,276
31,1,1176,267,1188,278
32,1,1174,270,1186,281
33,1,1171,273,1183,284
34,1,1168,277,1180,288
35,1,1165,280,1177,291
36,1,1161,283,1173,294
37,1,1157,287,1169,298
38,1,1153,290,1165,301
39,1,1149,293,1161,304
40,1,1145,295,1157,306
41,1,1141,298,1153,309
42,1,1137,299,1149,310
43,1,1133,301,1144,312
44,1,1129,301,1141,312
45,1,1126,302,1138,313
46,1,1122,303,1134,314
47,1,1119,305,1130,316
48,1,1116,307,1128,318
49,1,1113,312,1125,323
50,1,1111,316,1122,327
51,1,1109,320,1120,331
52,1,1108,324,1119,334
53,1,1106,327,1117,337
54,1,1104,331,1115,341
55,1,1102,334,1113,344
56,1,1100,338,1111,348
57,1,1098,342,1109,352
58,1,1096,345,1108,356
59,1,1094,349,1106,360
60,1,1092,352,1104,363
61,1,1089,356,1101,367
62,1,1087,359,1098,369
63,1,1085,363,1096,373
64,1,1082,367,1093,377
65,1,1080,372,1091,382
66,1,1078,377,1089,388
67,1,1076,383,1088,394
68,1,1075,389,1086,399
69,1,1073,395,1084,405
70,1,1072,400,1084,411
71,1,1071,405,1082,415
72,1,1069,410,1081,421
73,1,1068,414,1079,425
74,1,1066,417,1077,427
75,1,1064,419,1076,430
76,1,1062,421,1074,432
77,1,1060,422,1072,433
78,1,1057,423,1068,433
79,1,1055,424,1067,435
80,1,1053,426,1065,437
81,1,1052,429,1064,440
82,1,1051,433,1063,444
83,1,1049,439,1061,450
84,1,1048,444,1060,455
85,1,1046,450,1058,461
86,1,1044,455,1056,466
87,1,1042,458,1054,469
88,1,1040,461,1052,472
89,1,1039,461,1051,472
90,1,1037,460,1049,471
91,1,1036,458,1048,469
92,1,1034,457,1046,468
93,1,1033,458,1045,469
94,1,1032,460,1044,471
95,1,1032,461,1044,472
96,1,1030,461,1042,472
97,1,1030,463,1042,474
98,1,1029,466,1041,477
99,1,1025,470,1041,482
100,1,1024,474,1040,486
101,1,1023,480,1039,492
102,1,1021,486,1037,498
103,1,1020,492,1036,504
104,2,1020,495,1033,507,642,150,654,163
105,2,1015,497,1031,509,643,149,656,160
106,2,1012,499,1028,511,646,146,656,156
107,2,1008,502,1025,513,647,143,657,153
108,2,1006,505,1022,516,647,141,658,153
109,2,1002,507,1018,518,646,141,656,152
110,2,998,510,1014,521,646,140,657,151
111,2,995,513,1011,526,645,140,655,150
112,2,991,518,1007,531,644,141,655,153
113,2,987,523,1003,536,645,144,655,154
114,2,983,528,1000,541,643,147,653,157
115,1,980,533,996,546
116,1,976,537,993,550
117,2,973,540,989,553,632,158,643,170
118,1,971,544,987,557
119,1,967,548,984,561
120,2,965,551,983,564,625,169,636,180
121,2,963,554,980,566,622,173,633,183
122,2,960,556,978,570,621,175,632,186
123,2,960,559,977,573,620,177,630,187
124,2,960,561,977,575,620,177,630,187
125,2,959,565,975,579,621,181,632,191
126,2,958,568,975,582,620,183,630,193
127,2,957,570,974,584,620,184,630,194
128,2,957,573,973,589,620,184,630,194
129,2,955,575,973,589,621,186,631,196
130,2,955,579,972,593,621,188,633,198
131,2,954,586,972,598,621,190,633,203
132,2,954,588,970,602,620,193,635,204
133,2,953,593,969,608,622,195,637,207
134,2,952,598,967,613,622,197,638,209
135,2,949,604,965,618,626,199,640,212
136,2,946,609,962,623,627,201,641,213
137,2,945,614,959,625,628,201,642,213
138,2,942,614,957,625,626,200,642,213
139,2,941,612,955,624,625,199,642,211
140,2,939,610,954,622,622,197,640,207
141,2,938,609,953,620,620,194,639,204
142,2,937,607,953,618,622,192,638,202
143,2,936,605,953,616,621,188,636,200
144,2,936,604,952,615,621,186,637,197
145,2,936,603,952,615,621,186,637,196
146,2,935,604,952,614,622,184,638,194
147,2,935,605,950,616,624,183,639,193
148,2,934,607,951,619,625,183,641,194
149,2,933,611,950,623,627,184,642,195
150,2,932,612,949,623,628,186,643,197
151,2,932,610,948,621,628,182,643,195
152,2,931,604,949,614,626,177,641,188
153,2,932,597,948,609,625,170,640,183
154,2,930,593,946,604,625,164,640,176
155,2,930,592,947,603,627,160,641,171
156,2,930,596,945,610,629,160,644,170
157,2,929,606,945,617,635,165,649,175
158,2,927,614,945,625,641,168,655,179
159,2,926,621,943,631,645,170,660,180
160,2,925,624,941,635,652,170,666,180
161,2,924,626,942,637,656,170,670,181
162,2,924,627,939,638,659,168,674,180
163,2,923,628,938,639,665,166,682,178
164,2,923,629,937,641,667,164,686,176
165,2,921,627,936,637,668,162,687,174
166,2,922,626,937,637,667,160,686,172
167,2,922,626,937,637,666,160,685,172
168,2,923,625,938,636,663,161,682,173
169,2,924,622,940,633,661,162,680,174
170,2,928,619,942,632,655,162,675,175
171,2,928,619,944,631,652,164,672,177
172,2,929,618,945,630,650,165,670,178
173,2,931,617,946,630,652,163,672,176
174,2,931,617,948,629,655,161,675,174
175,2,933,617,948,630,660,159,680,171
176,2,933,615,951,626,663,157,683,169
177,2,936,611,953,623,667,152,686,164
178,2,940,608,956,620,670,147,690,159
179,2,942,607,958,619,674,143,694,155
180,2,946,606,961,617,681,140,700,152
181,2,947,608,963,619,688,138,707,150
182,2,949,610,965,622,696,136,714,147
183,2,952,613,967,623,704,135,721,146
184,2,953,618,969,628,713,135,730,146
185,2,954,622,970,632,720,137,737,148
186,2,956,627,972,637,727,139,743,149
187,2,957,630,975,640,733,140,749,150
188,2,960,630,976,642,737,141,753,151
189,2,961,629,978,640,740,139,756,149
190,2,965,628,980,639,743,137,759,147
191,2,966,627,982,638,745,135,762,145
192,2,966,626,983,637,748,133,765,143
193,2,967,624,985,635,750,131,766,141
194,2,970,622,987,634,752,129,769,139
195,2,972,620,989,631,754,126,771,137
196,2,973,619,991,630,755,124,772,135
197,2,977,618,993,629,758,122,774,132
198,2,976,617,994,628,761,120,777,130
199,2,979,616,994,627,763,118,779,128
200,2,977,615,994,626,765,116,781,126
201,2,978,614,994,625,767,114,784,124
202,2,980,614,994,625,770,111,787,121
203,2,979,616,993,628,771,111,787,121
204,2,977,618,992,629,773,111,790,121
205,2,975,618,989,630,774,112,790,122
206,2,973,618,988,629,773,112,789,122
207,2,973,616,986,626,772,110,788,120
208,2,970,614,985,625,770,107,787,117
209,2,969,613,985,624,767,107,783,117
210,2,969,611,984,622,763,106,779,116
211,2,967,609,982,621,759,106,775,116
212,2,967,609,982,621,755,106,771,116
213,2,965,608,979,619,752,107,768,117
214,2,965,608,980,619,750,108,766,118
215,2,965,606,980,618,746,109,762,119
216,2,968,603,982,615,742,108,758,118
217,2,970,599,984,611,736,108,752,118
218,2,973,593,989,606,729,108,745,118
219,2,977,587,992,600,724,107,740,117
220,2,981,582,996,594,719,106,735,116
221,2,987,577,1002,590,713,106,729,116
222,2,991,572,1005,584,710,106,726,116
223,2,996,568,1011,581,707,106,723,116
224,2,1000,566,1015,579,709,105,725,115
225,2,1005,566,1020,578,711,104,727,114
226,2,1010,568,1024,581,717,104,733,114
227,2,1012,571,1028,585,724,105,740,115
228,2,1017,576,1031,587,732,105,748,115
229,2,1019,580,1033,592,741,105,757,115
230,2,1020,585,1034,597,750,105,766,116
231,2,1021,590,1035,602,758,106,775,116
232,2,1022,595,1035,607,765,108,781,118
233,2,1020,600,1035,613,772,109,788,119
234,2,1020,606,1034,619,779,111,795,121
235,2,1017,610,1032,623,784,113,800,123
236,2,1016,613,1030,626,790,113,806,123
237,2,1014,615,1028,627,792,114,808,124
238,2,1013,617,1026,630,794,115,810,125
239,2,1010,618,1025,630,795,115,811,125
240,2,1008,618,1023,630,794,114,811,125
241,2,1008,616,1022,627,794,115,810,125
242,2,1007,614,1021,626,791,112,808,123
243,2,1007,614,1021,626,791,112,808,123
244,2,1007,613,1021,626,791,110,808,121
245,2,1006,612,1021,624,792,108,811,120
246,2,1007,611,1022,624,794,106,812,118
247,2,1010,610,1024,622,795,105,814,117
248,2,1010,610,1025,622,797,104,816,116
249,2,1014,611,1028,623,799,105,817,116
250,2,1016,612,1031,624,801,105,820,117
251,2,1019,612,1034,625,802,108,820,119
252,2,1023,612,1038,624,803,108,821,119
253,2,1026,612,1041,624,805,109,823,120
254,2,1030,610,1045,622,806,109,823,120
255,2,1035,610,1050,621,806,109,823,120
256,2,1040,608,1054,620,810,107,827,119
257,2,1043,608,1058,620,811,108,830,118
258,2,1047,608,1062,619,814,108,833,119
259,2,1050,608,1066,621,821,109,836,119
260,2,1054,608,1070,619,824,109,839,119
261,2,1057,609,1072,621,825,109,842,119
262,2,1061,610,1075,622,829,109,847,119
263,2,1062,609,1077,620,833,108,852,118
264,2,1065,608,1079,621,838,106,856,116
265,2,1067,607,1081,620,842,104,860,114
266,2,1069,606,1083,619,845,102,863,112
267,2,1069,606,1084,618,849,100,868,110
268,2,1071,607,1086,619,852,100,871,110
269,2,1071,605,1087,617,854,99,871,109
270,2,1074,604,1090,616,854,98,872,108
271,2,1077,604,1091,616,856,98,873,109
272,2,1078,604,1093,616,854,100,873,110
273,2,1080,602,1095,613,856,99,873,110
274,2,1081,597,1098,610,852,97,872,107
275,2,1084,593,1100,607,852,95,870,105
276,2,1085,588,1100,601,850,93,868,103
277,2,1087,583,1102,596,848,91,865,102
278,2,1088,580,1103,593,845,90,861,101
279,2,1088,578,1104,592,842,89,859,100
280,2,1091,575,1106,589,840,89,857,100
281,2,1092,572,1106,585,838,89,855,100
282,2,1093,569,1108,583,836,89,853,99
283,2,1093,568,1108,580,835,88,852,98
284,2,1094,568,1110,580,835,89,852,100
285,2,1095,572,1110,582,837,90,854,101
286,2,1096,574,1111,588,838,94,856,104
287,2,1096,577,1111,589,839,97,859,107
288,2,1097,578,1110,588,841,99,860,109
289,2,1096,579,1110,590,842,100,860,110
290,2,1095,580,1108,590,845,100,862,111
291,2,1095,584,1108,594,847,102,864,113
292,2,1094,588,1107,598,848,106,864,116
293,2,1092,593,1106,603,849,111,866,121
294,2,1091,597,1105,608,849,117,865,127
295,2,1090,599,1104,609,847,122,863,132
296,2,1089,599,1103,610,845,124,861,134
297,2,1088,596,1102,606,842,124,858,134
298,2,1086,591,1100,602,839,122,855,132
299,2,1084,585,1101,598,834,118,852,129
300,2,1081,578,1099,589,831,114,849,125
301,2,1084,573,1100,583,826,112,844,122
302,2,1083,568,1100,579,822,110,840,120
303,2,1084,564,1102,577,819,109,837,119
304,2,1085,562,1103,575,816,109,834,119
305,2,1087,559,1105,572,814,110,832,120
306,2,1089,557,1107,570,812,110,830,120
307,2,1091,556,1109,569,810,112,828,122
308,2,1093,556,1111,569,810,114,828,124
309,2,1096,557,1114,570,812,114,830,124
310,2,1099,559,1117,572,816,116,834,126
311,2,1102,562,1120,575,822,116,840,126
312,2,1105,566,1123,579,827,118,846,129
313,2,1109,573,1127,586,834,122,852,132
314,2,1112,581,1130,594,842,128,860,138
315,2,1117,590,1134,602,849,134,868,145
316,2,1121,597,1138,609,859,138,878,149
317,2,1125,602,1142,614,869,140,888,151
318,2,1130,605,1147,617,876,142,895,153
319,2,1134,606,1151,619,884,143,902,153
320,2,1139,604,1157,617,892,141,910,151
321,2,1145,601,1162,613,898,137,916,147
322,2,1149,601,1166,614,904,133,923,143
323,2,1153,604,1171,617,913,132,931,142
324,2,1157,608,1174,620,921,133,939,143
325,2,1160,609,1177,621,927,132,946,143
326,2,1163,608,1180,620,935,131,952,141
327,2,1167,606,1184,618,938,129,955,139
328,2,1169,601,1186,613,943,123,960,133
329,2,1173,596,1190,608,945,118,962,128
330,2,1176,590,1193,602,947,113,964,123
331,2,1179,585,1196,597,948,109,965,119
332,2,1183,582,1200,594,950,105,967,115
333,2,1186,581,1203,593,953,104,970,114
334,2,1190,581,1207,593,955,104,972,114
335,2,1194,580,1211,592,957,105,974,115
336,2,1198,578,1215,590,957,105,975,116
337,2,1202,576,1219,588,958,105,976,115
338,2,1206,573,1223,585,958,105,975,115
339,2,1209,570,1226,582,958,103,975,113
340,2,1212,566,1229,578,959,101,976,111
341,2,1215,562,1232,574,961,98,978,108
342,2,1217,560,1234,572,963,96,980,106
343,2,1219,556,1236,568,965,92,982,102
344,2,1221,552,1238,564,967,89,984,99
345,2,1223,550,1240,562,969,86,986,96
346,2,1225,546,1242,558,969,82,988,92
347,2,1227,542,1244,554,970,79,989,89
348,2,1229,536,1246,548,970,75,989,85
349,2,1231,532,1248,544,971,72,990,82
350,2,1232,527,1249,539,971,68,990,78
351,2,1234,524,1251,536,971,66,990,76
352,2,1235,521,1252,533,971,63,991,73
353,2,1237,520,1254,532,973,63,992,73
354,2,1238,519,1255,531,974,62,993,72
355,2,1239,518,1256,530,976,62,995,72
356,2,1240,516,1257,528,976,62,995,72
357,2,1241,512,1258,524,976,61,995,71
358,2,1242,508,1259,520,975,59,994,69
359,2,1243,504,1260,516,974,56,994,66
360,2,1244,500,1261,512,974,55,993,65
361,1,1245,498,1262,510
362,1,1247,497,1264,509
363,1,1248,495,1265,507
364,1,1250,490,1267,502
365,1,1251,484,1268,496
366,1,1255,478,1269,488
367,1,1257,473,1271,483
368,1,1259,469,1273,479
369,1,1260,467,1274,477
370,1,1262,465,1276,475
371,1,1264,466,1278,476
372,1,1266,466,1280,476
373,1,1268,468,1282,478
374,1,1270,468,1284,478
375,1,1272,469,1287,479
376,1,1272,469,1287,479
381,1,1005,65,1020,75
382,1,1011,69,1026,79
383,1,1015,73,1031,83
384,1,1020,75,1035,85
385,1,1024,77,1039,87
386,1,1026,77,1041,87
387,1,1030,77,1045,87
388,1,1032,77,1048,88
389,1,1034,77,1050,88
390,1,1035,76,1051,87
391,1,1039,75,1053,85
392,1,1038,73,1052,83
393,1,1039,70,1052,81
394,1,1040,68,1053,79
395,1,1043,68,1061,79
396,1,1054,67,1064,80
397,1,1061,68,1071,81
398,1,1068,70,1078,83
399,1,1074,73,1086,85
400,1,1081,77,1091,90
401,1,1086,81,1096,94
402,1,1089,85,1099,98
403,1,1093,86,1103,99
404,1,1095,86,1109,98
405,1,1098,85,1111,97
406,1,1100,83,1113,94
407,1,1100,79,1115,92
408,1,1098,74,1114,85
409,1,1097,67,1111,78
410,1,1095,59,1110,72
411,1,1094,53,1108,64
412,1,1093,45,1107,56
413,1,1091,37,1105,47
414,1,1090,30,1104,41
415,1,1091,24,1105,36
416,1,1092,19,1107,32
417,1,1094,15,1110,28
418,1,1100,13,1114,25
419,1,1104,11,1118,25
420,1,1110,11,1123,23
421,1,1115,11,1129,22
422,1,1121,11,1136,22
423,1,1126,11,1140,23
424,1,1131,11,1144,22
425,1,1136,11,1150,22
426,1,1141,11,1154,21
427,1,1145,9,1158,20
428,1,1149,8,1164,20
429,1,1152,7,1166,18
430,1,1153,4,1168,16
431,1,1153,2,1168,14
432,1,1154,0,1168,10
433,1,1154,-2,1170,9
434,1,1154,-4,1169,8
435,1,1153,-5,1168,5
604,1,1267,148,1277,160
605,1,1262,146,1274,160
606,1,1258,146,1270,160
607,1,1253,149,1265,163
608,1,1249,151,1261,165
609,1,1245,153,1256,166
610,1,1242,155,1253,168
611,1,1240,159,1251,172
612,1,1240,163,1251,176
613,1,1239,168,1250,181
614,1,1239,172,1250,185
615,1,1240,180,1251,193
616,1,1241,189,1252,202
617,1,1243,199,1254,212
618,1,1244,208,1255,221
619,1,1245,216,1256,229
620,1,1245,221,1256,234
621,1,1244,223,1255,236
622,1,1243,223,1254,236
623,1,1242,222,1253,235
624,1,1243,222,1253,236
625,1,1243,223,1253,237
626,1,1243,224,1253,238
627,1,1243,227,1253,241
628,1,1243,230,1253,244
629,1,1243,234,1253,248
630,1,1243,237,1253,251
631,1,1243,240,1253,254
632,1,1242,241,1252,255
633,1,1241,240,1251,254
634,1,1240,239,1250,253
635,1,1236,235,1246,249
636,1,1233,232,1243,246
637,1,1231,231,1241,245
638,1,1231,231,1241,245
639,1,1230,232,1240,246
640,1,1229,232,1239,246
641,1,1227,232,1237,246
642,1,1225,232,1235,246
643,1,1222,232,1232,246
644,1,1220,232,1230,246
645,1,1216,232,1226,246
646,1,1213,232,1223,246
647,1,1210,234,1220,248
648,1,1207,237,1217,251
649,1,1203,239,1213,253
650,1,1199,241,1209,255
651,1,1195,245,1205,259
652,1,1191,250,1201,264
653,1,1187,256,1197,270
654,1,1182,264,1192,278
655,1,1176,271,1186,285
656,1,1170,278,1180,292
657,1,1164,284,1174,298
658,1,1157,288,1167,302
659,1,1150,291,1160,305
660,1,1143,292,1153,306
661,1,1136,294,1146,308
662,1,1129,296,1139,310
663,1,1123,298,1133,312
664,1,1118,301,1128,315
665,1,1112,306,1122,320
666,1,1108,312,1118,326
667,1,1105,318,1115,332
668,1,1103,325,1113,339
669,1,1101,330,1111,344
670,1,1100,335,1110,349
671,1,1099,339,1109,353
672,1,1099,344,1109,358
673,1,1100,349,1110,363
674,1,1101,355,1111,369
675,1,1102,361,1112,375
676,1,1104,367,1114,381
677,1,1105,373,1115,387
678,1,1106,379,1116,393
679,1,1106,384,1116,398
680,1,1107,390,1117,404
681,1,1108,395,1118,409
682,1,1108,401,1118,415
683,1,1108,406,1118,420
684,1,1109,412,1119,426
685,1,1108,416,1118,430
686,1,1108,420,1118,434
687,1,1107,423,1117,437
688,1,1106,424,1116,438
689,1,1105,423,1115,437
690,1,1102,421,1112,435
691,1,1100,419,1110,433
692,1,1098,419,1108,433
693,1,1096,419,1106,433
694,1,1093,421,1103,435
695,1,1090,423,1100,437
696,1,1086,425,1096,439
697,1,1082,426,1092,440
698,1,1079,426,1089,441
699,1,1075,426,1085,440
700,1,1072,427,1082,442
701,1,1069,430,1080,445
702,1,1066,435,1076,449
703,1,1063,440,1073,455
704,1,1061,446,1071,460
705,2,1059,451,1069,466,764,124,780,140
706,2,1056,456,1067,471,762,125,780,143
707,1,1054,461,1064,476
708,1,1053,466,1064,481
709,1,1051,471,1062,486
710,1,1050,474,1061,489
711,1,1048,476,1059,491
712,1,1047,477,1058,492
713,1,1046,477,1057,492
714,1,1046,478,1057,493
715,1,1046,478,1057,493
716,1,1046,478,1057,493
717,1,1046,478,1057,493
718,1,1046,479,1057,494
719,1,1048,481,1059,496
720,1,1049,483,1060,498
721,1,1050,485,1061,500
722,1,1050,487,1061,502
723,1,1051,490,1062,505
724,1,1052,493,1063,508
725,1,1052,495,1063,510
726,2,1051,499,1062,515,771,148,782,163
727,2,1051,504,1062,520,773,152,785,166
728,2,1050,509,1061,524,776,154,788,168
729,2,1048,513,1059,528,777,154,790,170
730,1,1046,517,1057,533
731,1,1044,520,1055,536
732,1,1042,524,1053,540
733,2,1039,528,1050,544,784,157,796,171
734,2,1035,533,1049,543,787,158,800,170
735,2,1032,538,1046,548,789,159,802,171
736,2,1030,543,1044,553,790,164,802,175
737,2,1027,547,1041,557,793,165,805,176
738,2,1025,547,1039,557,794,163,806,174
739,2,1022,546,1036,556,795,160,806,170
740,2,1020,545,1034,555,795,158,806,168
741,2,1018,543,1032,553,794,155,805,165
742,2,1016,543,1030,553,793,154,804,164
743,2,1015,543,1029,553,792,151,804,163
744,2,1014,543,1028,553,791,151,802,162
745,2,1013,543,1027,553,789,151,801,163
746,2,1012,543,1026,553,787,152,798,163
747,2,1011,543,1025,553,786,152,797,163
748,2,1010,543,1025,553,782,154,793,165
749,2,1010,541,1025,552,779,155,790,166
750,2,1010,539,1025,549,775,155,786,166
751,2,1011,536,1026,547,771,154,783,166
752,2,1012,533,1026,543,766,154,778,166
753,2,1012,530,1027,541,762,153,775,164
754,2,1013,528,1028,539,760,153,773,164
755,2,1014,527,1029,538,758,153,771,164
756,2,1015,528,1030,539,758,153,771,164
757,2,1016,529,1031,540,760,154,773,165
758,2,1017,531,1032,542,761,155,774,165
759,2,1019,533,1033,543,763,156,776,166
760,2,1019,536,1033,546,766,156,779,166
761,1,1019,537,1033,547
762,2,1019,539,1033,549,771,153,784,166
763,2,1019,540,1033,550,775,154,786,166
764,2,1016,541,1032,553,775,153,786,165
765,2,1015,543,1031,555,776,154,787,166
766,2,1013,545,1029,557,777,154,788,166
767,2,1011,547,1027,559,778,154,789,166
768,2,1008,550,1024,562,778,154,789,166
769,2,1006,552,1022,564,779,154,790,166
770,2,1002,555,1018,567,779,155,790,167
771,2,999,558,1015,570,780,156,791,168
772,2,996,563,1012,575,780,158,791,170
773,2,992,567,1009,580,779,161,792,172
774,2,990,572,1006,585,777,165,790,176
775,2,987,575,1004,588,775,169,788,180
776,2,986,576,1002,589,776,169,789,180
777,2,984,575,1001,588,773,169,786,180
778,2,983,575,1000,588,771,169,784,180
779,2,983,575,1000,588,770,169,783,180
780,2,983,575,1000,588,768,169,781,180
781,2,983,576,1000,589,767,170,781,182
782,2,983,576,1000,589,766,171,779,182
783,2,984,575,1001,588,766,171,778,181
784,2,984,574,1001,587,765,170,777,180
785,2,985,573,1002,586,765,170,777,180
786,2,986,571,1003,584,767,167,780,177
787,2,987,569,1004,582,770,164,783,174
788,2,987,569,1004,582,773,161,786,171
789,2,988,569,1005,582,776,159,790,170
790,2,987,569,1004,582,780,156,794,166
791,2,986,570,1003,583,784,154,798,164
792,2,985,571,1002,584,788,153,802,163
793,2,984,574,1001,587,791,153,805,163
794,2,984,577,1001,590,794,154,808,164
795,2,983,580,1000,593,794,156,808,166
796,2,982,583,999,596,794,159,808,169
797,2,981,588,998,601,795,164,809,174
798,2,979,593,996,606,796,168,810,178
799,2,978,597,995,610,796,172,810,182
800,2,976,599,993,612,797,174,811,184
801,2,975,601,992,614,797,175,811,185
802,2,974,601,991,614,797,176,811,186
803,2,973,601,989,614,797,176,811,186
804,2,973,599,989,611,796,174,810,184
805,2,972,597,988,609,795,172,809,182
806,2,972,596,988,609,794,171,809,181
807,2,974,596,990,608,794,171,809,181
808,2,974,595,991,608,795,172,809,182
809,2,976,594,993,607,795,171,809,181
810,2,978,594,995,607,797,171,811,181
811,2,980,595,997,608,801,171,815,181
812,2,983,595,1000,608,802,171,816,181
813,2,986,594,1003,607,805,171,819,181
814,2,989,594,1006,607,807,171,821,181
815,2,992,593,1009,606,809,171,823,181
816,2,995,591,1012,604,811,169,825,179
817,2,999,590,1016,603,814,168,828,178
818,2,1002,590,1019,603,817,167,831,177
819,2,1006,589,1023,602,819,167,833,177
820,2,1008,589,1025,602,821,167,835,177
821,2,1011,589,1029,602,825,166,839,176
822,2,1013,588,1031,602,827,165,841,175
823,2,1014,586,1032,600,830,164,844,174
824,2,1016,585,1034,598,831,162,845,172
825,2,1018,583,1035,596,833,160,848,170
826,2,1019,582,1036,595,833,159,848,170
827,2,1020,582,1036,594,834,158,849,168
828,2,1020,581,1036,594,835,158,849,168
829,2,1020,581,1036,593,837,156,852,167
830,2,1020,580,1036,592,838,154,853,165
831,2,1019,579,1035,591,837,154,852,165
832,2,1019,578,1036,591,837,154,852,165
833,2,1018,576,1035,589,837,150,851,162
834,2,1018,572,1035,585,837,147,850,158
835,2,1016,570,1033,583,836,144,850,156
836,2,1016,569,1033,582,835,142,849,154
837,2,1014,569,1031,582,836,142,849,153
838,2,1013,571,1030,584,837,142,850,153
839,2,1011,571,1028,584,835,143,850,153
840,2,1010,572,1027,585,835,143,850,153
841,2,1009,573,1026,586,834,143,849,153
842,2,1007,573,1024,586,833,144,848,154
843,2,1006,576,1023,589,833,146,848,156
844,2,1004,579,1021,592,833,148,848,158
845,2,1003,583,1020,596,834,150,850,160
846,2,1002,586,1019,599,835,154,850,164
847,2,1000,590,1018,604,836,157,851,167
848,2,1000,593,1017,606,835,161,851,172
849,2,999,594,1017,607,835,162,851,173
850,2,999,596,1016,609,835,164,851,175
851,2,998,599,1015,612,836,166,852,177
852,2,998,600,1016,614,839,168,855,179
853,2,998,603,1016,617,840,169,856,180
854,2,999,605,1016,618,843,171,858,181
855,2,1000,607,1018,620,845,173,860,183
856,2,1002,609,1020,622,848,175,863,185
857,2,1004,610,1022,624,850,177,865,187
858,2,1008,611,1025,624,852,177,867,187
859,2,1011,611,1028,624,858,177,874,187
860,2,1015,610,1032,623,861,177,877,187
861,2,1020,607,1037,620,865,175,881,185
862,2,1025,604,1042,617,866,173,882,183
863,2,1031,601,1048,614,868,170,884,180
864,2,1037,597,1054,610,872,167,888,177
865,2,1043,593,1060,606,874,165,890,175
866,2,1049,590,1065,603,877,162,894,173
867,2,1055,588,1071,601,884,160,900,170
868,2,1060,586,1076,598,890,157,906,167
869,2,1065,585,1082,598,897,156,913,166
870,2,1070,585,1087,598,905,154,921,164
871,2,1076,586,1093,599,914,152,931,162
872,2,1080,588,1096,601,921,154,938,165
873,2,1084,592,1101,605,930,156,946,167
874,2,1087,597,1104,610,940,159,956,169
875,2,1089,603,1106,616,949,162,966,173
876,2,1090,607,1107,620,958,166,974,176
877,2,1090,610,1107,623,965,168,981,178
878,2,1091,610,1108,623,971,168,987,178
879,2,1092,610,1109,623,974,166,991,177
880,2,1091,609,1108,622,977,166,993,177
881,2,1091,605,1108,618,979,164,994,174
882,2,1091,600,1108,613,977,160,993,170
883,2,1091,595,1108,608,976,156,992,166
884,2,1090,589,1107,602,973,152,989,162
885,2,1091,583,1108,596,969,148,985,158
886,2,1091,577,1108,590,965,143,981,153
887,2,1091,572,1108,585,959,141,975,151
888,2,1092,569,1109,582,954,140,970,150
889,1,1092,565,1108,578
890,1,1092,562,1109,575
891,1,1092,558,1108,570
892,1,1092,553,1108,566
893,1,1092,548,1108,561
894,1,1092,543,1108,555
895,1,1092,541,1108,553
896,1,1092,541,1108,553
897,1,1091,539,1108,552
898,1,1091,539,1108,552
899,1,1091,539,1107,552
900,1,1091,540,1107,552
901,1,1092,543,1108,555
902,1,1092,545,1108,557
903,1,1092,546,1108,559
904,1,1094,545,1110,557
905,1,1095,544,1111,556
906,1,1096,544,1112,556
907,1,1096,542,1112,555
908,1,1098,540,1115,553
909,1,1100,539,1117,552
910,1,1102,537,1119,550
911,1,1104,537,1121,550
912,1,1106,539,1123,552
913,1,1108,539,1125,552
914,1,1110,541,1127,554
915,1,1110,544,1127,557
916,1,1112,549,1129,562
917,1,1112,552,1129,565
918,1,1114,555,1131,568
919,1,1116,557,1133,570
920,1,1116,560,1133,573
921,1,1117,561,1134,574
922,1,1118,563,1135,576
923,1,1119,564,1136,577
924,1,1121,565,1138,578
925,1,1122,567,1138,580
926,1,1125,572,1141,585
927,1,1127,578,1142,591
928,1,1129,584,1145,597
929,1,1132,590,1148,603
930,1,1134,594,1149,606
931,1,1135,594,1151,607
932,1,1137,594,1153,607
933,1,1138,594,1153,607
934,1,1140,594,1155,606
935,1,1141,594,1157,607
936,1,1141,595,1157,608
937,1,1142,597,1159,610
938,1,1143,598,1158,611
939,1,1145,598,1160,611
940,1,1147,599,1163,612
941,1,1150,599,1166,612
942,1,1153,597,1169,610
943,1,1155,593,1172,607
944,1,1160,590,1176,603
945,1,1163,587,1179,600
946,1,1165,587,1181,600
947,1,1167,587,1183,600
948,1,1171,587,1187,600
949,1,1175,588,1190,600
950,1,1178,589,1194,602
951,1,1181,592,1197,605
952,1,1184,598,1199,611
953,1,1184,603,1200,616
954,2,1185,603,1201,616,1085,148,1104,164
955,2,1185,599,1201,612,1089,146,1104,160
956,2,1184,590,1200,603,1087,137,1104,153
957,2,1182,578,1198,591,1086,130,1100,140
958,2,1179,567,1196,581,1084,118,1098,128
959,2,1177,561,1193,574,1081,110,1095,120
960,2,1174,560,1190,573,1079,108,1093,118
961,2,1171,562,1187,575,1077,108,1092,119
962,2,1168,566,1184,579,1077,111,1092,121
963,2,1165,569,1181,582,1075,115,1090,125
964,2,1162,575,1178,588,1072,121,1087,132
965,2,1160,582,1176,595,1070,129,1084,140
966,2,1159,588,1175,601,1068,135,1082,146
967,2,1158,592,1174,605,1068,141,1082,152
968,2,1158,595,1174,608,1069,145,1083,156
969,2,1160,594,1175,607,1069,145,1083,156
970,2,1163,591,1179,604,1069,143,1083,154
971,2,1167,584,1182,596,1069,138,1083,149
972,2,1174,571,1189,585,1068,129,1082,140
973,2,1181,553,1196,567,1067,111,1080,122
974,2,1189,534,1204,548,1064,96,1078,106
975,2,1195,516,1213,533,1061,77,1074,89
976,2,1204,503,1222,516,1062,63,1075,73
977,2,1213,493,1230,507,1066,51,1076,61
978,2,1223,486,1241,501,1071,41,1084,51
979,2,1233,482,1252,497,1078,33,1091,43
980,2,1243,486,1260,500,1087,32,1097,42
981,2,1252,495,1272,508,1101,35,1112,45
982,2,1119,42,1132,52,1263,505,1280,526
983,1,1139,50,1152,60
984,1,1156,58,1169,68
985,1,1170,64,1183,74
986,1,1182,68,1195,78
987,1,1193,70,1206,80
988,1,1203,70,1216,80
989,1,1212,70,1225,80
990,1,1222,70,1235,80
991,1,1230,68,1243,78
992,1,1236,64,1249,74
993,1,1242,61,1255,71
994,1,1248,60,1261,70
995,1,1254,59,1267,69
996,1,1260,58,1273,68
997,1,1264,56,1277,66
998,1,1267,53,1280,63
999,1,1267,48,1280,58
1000,1,1265,40,1278,50
1001,1,1263,32,1276,42
1002,1,1263,26,1276,36
1003,1,1265,24,1278,34
1004,1,1268,20,1281,30
1005,1,1270,14,1283,24
1006,1,1271,10,1284,20
1007,1,1270,4,1283,14
1026,1,1248,0,1266,10
1027,1,1247,2,1265,12
1028,1,1246,3,1264,13
1029,1,1245,4,1263,14
1030,1,1245,7,1263,17
1031,1,1245,10,1263,20
1032,1,1245,9,1263,19
1033,1,1242,6,1260,16
1248,1,1263,144,1280,159
1249,1,1261,147,1278,162
1250,1,1260,151,1276,166
1251,1,1260,155,1276,169
1252,1,1260,159,1276,173
1253,1,1259,163,1276,178
1254,1,1258,166,1274,180
1255,1,1257,169,1273,183
1256,1,1256,170,1272,185
1257,1,1253,171,1270,186
1258,1,1251,172,1266,186
1259,1,1250,175,1265,189
1260,1,1249,179,1264,193
1261,1,1248,184,1263,198
1262,1,1248,187,1263,201
1263,1,1248,190,1263,204
1264,1,1248,192,1263,206
1265,1,1248,194,1263,208
1266,1,1247,197,1262,211
1267,1,1247,201,1261,214
1268,1,1246,206,1261,220
1269,1,1244,209,1258,222
1270,1,1242,209,1256,222
1271,1,1240,210,1254,223
1272,1,1239,210,1253,223
1273,1,1237,211,1251,224
1274,1,1235,210,1249,223
1275,1,1233,209,1247,222
1276,1,1230,206,1244,219
1277,1,1227,203,1241,216
1278,1,1223,199,1237,212
1279,1,1220,197,1234,210
1280,1,1218,197,1232,210
1281,1,1216,199,1230,212
1282,1,1214,200,1228,213
1283,1,1211,202,1225,215
1284,1,1207,206,1221,219
1285,1,1203,210,1217,223
1286,1,1200,215,1214,228
1287,1,1196,220,1210,233
1288,1,1192,226,1205,239
1289,1,1188,233,1202,246
1290,1,1183,238,1197,251
1291,1,1178,244,1192,257
1292,1,1173,250,1187,263
1293,1,1168,257,1182,270
1294,1,1164,263,1178,276
1295,1,1158,267,1172,280
1296,1,1152,270,1166,283
1297,1,1146,272,1160,285
1298,1,1140,273,1154,286
1299,1,1134,274,1148,287
1300,1,1128,274,1142,287
1301,1,1122,274,1136,287
1302,1,1116,273,1130,286
1303,1,1111,272,1125,285
1304,1,1106,273,1120,286
1305,1,1103,275,1117,288
1306,1,1101,277,1115,290
1307,1,1099,279,1113,292
1308,1,1097,281,1111,294
1309,1,1096,281,1110,294
1310,1,1094,279,1107,292
1311,1,1094,278,1108,291
1312,1,1093,280,1107,293
1313,1,1094,285,1108,298
1314,1,1096,292,1110,305
1315,1,1098,302,1113,316
1316,1,1100,313,1114,326
1317,1,1102,326,1116,339
1318,1,1104,340,1119,354
1319,1,1106,353,1121,367
1320,1,1107,363,1121,376
1321,1,1108,371,1122,384
1322,1,1108,378,1123,392
1323,1,1107,386,1122,400
1324,1,1107,394,1122,408
1325,1,1105,400,1120,414
1326,1,1103,406,1117,419
1327,1,1100,410,1115,424
1328,1,1098,412,1113,426
1329,1,1094,412,1109,426
1330,1,1092,410,1107,424
1331,1,1088,408,1103,422
1332,1,1086,405,1101,419
1333,1,1084,402,1098,415
1334,1,1082,398,1096,411
1335,1,1080,395,1094,408
1336,1,1079,395,1093,408
1337,1,1078,397,1092,410
1338,1,1077,401,1091,414
1339,1,1076,406,1090,419
1340,1,1075,410,1089,423
1341,1,1073,414,1087,427
1342,1,1071,418,1085,431
1343,1,1070,421,1083,433
1344,1,1068,421,1081,434
1345,1,1065,422,1079,435
1346,1,1063,422,1077,435
1347,1,1060,421,1074,434
1348,1,1057,420,1071,433
1349,1,1055,419,1069,432
1350,1,1053,418,1067,431
1351,1,1051,417,1065,430
1352,1,1050,416,1064,429
1353,1,1049,416,1063,429
1354,1,1048,416,1062,429
1355,1,1047,417,1061,430
1356,1,1047,418,1061,431
1357,1,1047,419,1061,432
1358,1,1047,420,1061,433
1359,1,1046,422,1060,435
1360,1,1046,423,1060,436
1361,1,1045,425,1059,438
1362,1,1044,428,1058,441
1363,1,1044,430,1058,443
1364,1,1044,435,1057,445
1365,1,1042,438,1057,449
1366,1,1044,443,1056,453
1367,1,1042,447,1055,457
1368,1,1041,450,1054,460
1369,1,1040,457,1053,467
1370,1,1039,461,1052,471
1371,1,1038,464,1051,474
1372,1,1037,466,1050,476
1373,1,1035,466,1048,476
1374,1,1034,463,1047,473
1375,1,1033,463,1046,473
1376,1,1033,465,1046,475
1377,1,1033,468,1046,478
1378,1,1033,473,1046,483
1379,1,1033,477,1046,487
1380,1,1035,480,1047,491
1381,1,1033,483,1047,493
1382,1,1034,487,1048,497
1383,1,1033,492,1048,502
1384,1,1033,493,1048,503
1385,1,1031,494,1046,504
1386,1,1030,494,1044,504
1387,1,1028,492,1042,502
1388,1,1024,484,1039,494
1389,1,1022,475,1037,485
1390,1,1021,468,1036,478
1391,1,1019,462,1034,472
1392,1,1019,460,1034,470
1393,1,1018,460,1033,470
1394,1,1018,462,1034,472
1395,1,1018,464,1033,474
1396,1,1018,466,1033,476
1397,1,1019,469,1034,479
1398,1,1020,471,1035,481
1399,1,1021,476,1036,486
1400,1,1022,483,1037,493
1401,1,1023,492,1038,502
1402,1,1023,499,1038,509
1403,1,1023,506,1038,516
1404,1,1023,511,1038,521
1405,1,1022,516,1037,526
1406,1,1021,520,1036,530
1407,1,1019,524,1035,535
1408,1,1018,528,1033,538
1409,1,1016,532,1031,542
1410,1,1014,536,1029,546
1411,1,1013,537,1028,547
1412,1,1012,536,1028,546
1413,1,1011,535,1027,545
1414,1,1010,535,1026,545
1415,1,1010,538,1025,548
1416,1,1009,539,1024,549
1417,1,1009,540,1024,550
1418,1,1008,540,1023,550
1419,1,1008,540,1023,550
1420,1,1007,538,1022,548
1421,1,1007,538,1022,548
1422,1,1006,537,1021,547
1423,1,1005,536,1020,546
1424,1,1005,536,1020,546
1425,1,1003,537,1018,547
1426,1,1002,539,1017,549
1427,1,1000,542,1015,552
1428,1,999,544,1014,554
1429,1,996,546,1011,556
1430,1,994,548,1009,558
1431,1,991,550,1006,560
1432,1,988,551,1003,561
1433,1,984,551,999,561
1434,1,980,552,995,562
1435,1,976,554,991,564
1436,1,972,556,987,566
1437,1,968,557,983,567
1438,1,965,556,980,566
1439,1,961,555,976,565
1440,1,958,553,973,563
1441,1,956,552,971,562
1442,1,955,551,971,561
1443,2,954,553,969,563,923,166,933,177
1444,2,954,555,969,565,923,167,933,178
1445,2,954,558,969,568,923,170,933,181
1446,2,955,561,970,571,926,172,936,183
1447,2,957,564,973,574,928,174,938,185
1448,2,959,568,974,578,931,179,942,189
1449,2,963,572,979,582,935,181,946,191
1450,2,966,576,981,586,940,184,951,194
1451,2,970,578,985,588,944,186,955,196
1452,2,974,581,989,591,950,185,960,195
1453,2,979,583,994,593,954,186,964,196
1454,2,983,585,998,595,960,186,970,196
1455,2,987,587,1002,597,966,186,976,196
1456,2,991,588,1006,598,972,186,982,196
1457,2,995,591,1010,601,980,185,990,195
1458,2,999,594,1014,604,989,188,999,198
1459,2,1002,599,1017,609,997,189,1007,199
1460,2,1005,603,1020,613,1006,192,1016,202
1461,2,1007,607,1022,617,1015,195,1025,205
1462,2,1009,611,1024,621,1023,198,1033,208
1463,2,1011,615,1026,625,1032,199,1042,209
1464,2,1012,617,1027,627,1038,200,1048,210
1465,2,1014,619,1029,629,1043,202,1053,212
1466,2,1016,621,1031,631,1048,201,1058,211
1467,2,1017,621,1032,631,1054,201,1064,211
1468,2,1019,621,1034,631,1060,200,1070,210
1469,2,1021,621,1036,631,1064,198,1074,208
1470,2,1024,619,1039,629,1068,195,1078,205
1471,2,1026,615,1041,625,1071,190,1081,200
1472,2,1029,613,1044,623,1075,186,1085,196
1473,2,1032,615,1047,625,1078,186,1088,196
1474,2,1035,619,1050,629,1082,187,1092,197
1475,2,1037,622,1052,632,1086,190,1096,200
1476,2,1038,623,1053,633,1090,191,1100,201
1477,2,1040,623,1055,633,1093,190,1103,200
1478,2,1042,621,1057,631,1096,188,1106,198
1479,2,1043,617,1058,627,1098,184,1108,194
1480,2,1045,613,1060,623,1100,179,1110,189
1481,2,1048,610,1063,620,1101,174,1111,184
1482,2,1050,606,1065,616,1102,170,1112,180
1483,2,1052,600,1067,610,1103,162,1113,172
1484,2,1054,595,1069,605,1104,156,1115,167
1485,2,1056,591,1071,601,1105,152,1115,162
1486,2,1057,589,1073,600,1107,148,1118,159
1487,2,1058,585,1074,596,1107,146,1118,157
1488,2,1060,579,1076,590,1106,140,1118,152
1489,2,1063,575,1079,586,1105,134,1117,146
1490,2,1065,571,1081,582,1103,129,1115,141
1491,2,1068,565,1084,576,1102,124,1114,136
1492,2,1070,561,1086,572,1098,118,1109,128
1493,2,1075,561,1091,574,1095,116,1106,126
1494,2,1078,558,1094,571,1095,112,1106,122
1495,2,1080,551,1096,564,1094,108,1105,118
1496,2,1083,544,1099,557,1094,100,1105,110
1497,2,1086,539,1102,552,1095,92,1106,102
1498,2,1087,535,1103,548,1098,87,1109,97
1499,2,1090,534,1106,547,1101,85,1112,95
1500,2,1092,536,1108,549,1105,85,1116,95
1501,2,1093,539,1109,552,1108,88,1119,98
1502,2,1094,545,1109,557,1110,91,1121,101
1503,2,1094,551,1109,564,1113,97,1125,107
1504,2,1094,559,1109,571,1116,104,1127,114
1505,2,1093,563,1109,576,1115,111,1126,121
1506,2,1093,564,1108,576,1111,112,1122,122
1507,2,1092,561,1108,574,1105,110,1116,120
1508,2,1091,555,1107,568,1098,105,1109,115
1509,2,1090,547,1106,560,1093,98,1104,108
1510,2,1089,541,1104,553,1088,92,1099,102
1511,2,1089,537,1104,550,1086,84,1097,94
1512,2,1089,534,1105,547,1087,81,1099,91
1513,2,1089,535,1105,548,1090,80,1102,91
1514,2,1089,541,1105,554,1097,83,1108,93
1515,2,1089,548,1105,561,1105,89,1116,99
1516,2,1089,556,1105,569,1117,96,1128,106
1517,2,1089,565,1105,578,1129,105,1140,115
1518,2,1089,573,1105,586,1142,114,1153,124
1519,2,1089,578,1105,591,1152,120,1164,131
1520,2,1090,584,1106,597,1163,126,1175,136
1521,2,1092,588,1108,601,1171,131,1183,142
1522,2,1095,590,1111,603,1179,133,1191,144
1523,2,1099,589,1115,602,1186,133,1198,143
1524,2,1103,588,1118,601,1192,130,1203,140
1525,2,1108,587,1124,600,1200,127,1212,138
1526,2,1114,587,1129,599,1208,127,1219,137
1527,2,1120,585,1136,598,1216,124,1228,134
1528,2,1127,580,1143,593,1223,118,1234,128
1529,2,1134,573,1150,586,1227,109,1238,119
1530,2,1142,563,1158,576,1231,98,1243,108
1531,2,1150,552,1165,564,1232,84,1244,94
1532,2,1157,543,1173,556,1234,70,1245,80
1533,2,1165,536,1181,549,1237,59,1248,69
1534,2,1172,531,1189,544,1243,49,1255,60
1535,2,1180,529,1195,542,1250,43,1263,55
1536,2,1187,527,1200,541,1258,39,1270,53
1537,2,1192,527,1206,541,1266,38,1278,52
1538,1,1198,530,1211,544
1539,1,1202,532,1215,546
1540,1,1205,534,1219,549
1541,1,1209,541,1223,554
1542,1,1211,544,1225,558
1543,1,1214,546,1227,560
1544,1,1215,546,1227,560
1545,1,1216,545,1228,559
1546,1,1216,543,1229,557
1547,1,1217,541,1229,554
1548,1,1217,540,1230,553
1549,1,1216,537,1229,550
1550,1,1214,535,1229,548
1551,1,1215,532,1229,546
1552,1,1215,527,1228,541
1553,1,1215,519,1229,533
1554,1,1215,508,1229,523
1555,1,1215,498,1229,511
1556,1,1216,486,1230,499
1557,1,1218,477,1232,490
1558,1,1219,468,1235,481
1559,1,1221,460,1236,475
1560,1,1224,458,1239,472
1561,1,1228,458,1244,473
