0,1,687,16,697,29
1,2,689,21,699,35,928,6,939,19
2,1,688,25,698,37
3,1,687,29,697,39
4,1,686,32,696,44
5,1,684,34,694,45
6,1,682,37,692,49
7,1,680,41,690,53
8,1,678,43,689,56
9,1,677,47,688,60
10,1,676,49,686,61
11,1,674,51,684,66
12,1,672,55,682,70
13,1,667,57,678,73
14,1,665,62,675,76
15,1,661,64,671,77
16,1,658,64,668,78
17,1,654,68,664,81
18,1,650,68,660,82
19,1,646,69,656,83
20,1,641,71,651,85
21,1,637,74,647,88
22,1,631,79,641,90
23,1,625,82,635,93
24,1,619,83,629,94
25,1,614,86,624,98
26,1,607,89,618,101
27,1,601,92,611,105
28,1,596,96,606,109
29,1,591,99,601,112
30,1,586,103,596,116
31,1,582,109,592,121
32,1,579,116,589,128
33,1,575,122,585,134
34,1,573,127,583,139
35,1,571,133,581,145
36,1,571,138,581,150
37,1,570,142,581,155
38,1,571,146,582,159
39,1,573,149,584,163
40,1,575,152,586,166
41,1,577,155,589,170
42,1,579,159,591,174
43,1,582,162,593,175
44,1,583,164,594,177
45,1,583,165,594,178
46,1,582,165,593,178
47,1,580,164,591,177
48,1,578,163,589,176
49,1,575,161,585,175
50,1,572,160,582,174
51,1,569,161,579,174
52,1,566,161,576,174
53,1,563,161,573,174
54,1,558,162,568,175
55,1,555,162,565,175
56,1,552,162,562,175
57,1,549,163,559,176
58,1,546,164,556,176
59,1,544,165,554,177
60,1,541,167,551,179
61,1,539,169,549,180
62,1,538,170,548,181
63,1,536,171,547,183
64,1,533,173,547,188
65,1,536,175,547,187
66,1,536,177,549,189
67,1,538,178,550,189
68,1,540,178,552,190
69,1,541,178,555,190
70,1,543,179,556,191
71,1,548,178,558,189
72,1,550,178,560,189
73,1,551,178,562,189
74,1,554,175,565,187
75,1,556,174,569,186
76,1,559,173,570,183
78,1,564,166,576,179
79,1,566,163,579,175
80,1,568,160,581,173
81,1,570,157,583,170
82,1,573,154,586,167
83,1,575,152,588,165
84,1,577,150,589,164
85,1,579,149,591,163
86,1,580,147,592,161
87,1,581,146,593,160
88,1,582,144,594,158
89,1,583,142,595,156
90,1,584,139,596,153
91,1,584,137,596,151
92,1,584,136,597,151
93,1,586,134,598,148
94,1,587,135,599,149
95,1,588,135,600,149
96,1,588,136,600,150
97,1,589,137,600,150
98,1,588,139,601,150
99,1,588,138,601,149
100,1,589,136,602,147
101,1,590,134,603,145
102,1,590,132,603,143
103,1,592,131,605,142
104,1,592,130,605,141
105,1,593,129,607,140
106,1,594,127,607,138
107,1,595,127,609,139
108,1,597,127,609,137
109,1,597,125,609,135
110,1,598,124,610,134
111,1,598,122,610,132
112,1,598,121,610,131
113,1,596,122,608,133
114,1,596,122,608,133
115,1,594,123,607,134
116,1,592,123,605,134
117,1,588,124,600,134
118,1,584,124,596,135
119,1,580,124,593,135
120,1,581,122,594,134
121,1,580,122,593,134
122,1,580,124,593,136
123,1,581,126,594,138
124,1,582,127,595,139
125,1,585,129,597,140
126,1,586,132,598,143
127,1,583,133,600,145
128,1,585,135,602,147
129,1,586,136,603,148
130,1,588,137,605,149
131,1,588,141,604,151
132,1,590,140,608,151
133,1,591,140,609,151
134,1,592,141,609,151
135,1,592,140,610,151
136,1,593,140,611,151
137,1,595,139,611,149
138,1,597,139,613,149
139,1,601,139,617,149
140,1,604,139,620,149
141,1,608,139,624,149
142,1,612,140,629,151
143,1,617,141,633,151
144,1,621,141,637,151
145,1,625,141,641,151
146,1,629,140,646,150
147,1,632,139,649,149
148,1,635,137,652,147
149,1,636,136,653,146
150,1,636,134,653,144
151,1,636,132,653,142
152,1,636,131,653,141
153,1,636,130,653,141
154,1,636,129,653,139
155,1,634,128,652,139
156,1,635,128,653,139
157,1,635,128,652,139
158,1,635,127,652,138
159,1,635,127,653,138
160,1,636,127,654,138
161,1,636,125,654,136
162,1,637,124,655,135
163,1,639,123,656,133
164,1,641,121,658,131
165,1,643,119,660,129
166,1,645,119,662,129
167,1,648,117,664,127
168,1,647,117,667,129
169,1,650,116,667,127
170,1,652,116,668,126
171,1,657,115,673,126
172,1,661,112,680,126
173,1,661,113,678,126
174,1,666,114,682,125
177,1,683,109,699,121
178,1,687,109,703,121
179,1,686,111,704,123
180,1,693,112,706,122
181,1,695,112,708,122
182,1,693,111,707,122
183,1,695,111,709,122
184,1,697,109,711,120
185,1,699,109,713,120
186,1,698,107,718,120
187,1,700,106,719,118
188,1,701,105,720,117
189,1,702,104,720,116
190,1,702,104,721,116
191,1,706,105,720,116
192,1,702,104,721,116
193,2,705,106,719,116,926,294,939,304
194,2,704,105,719,115,926,294,939,304
195,2,705,105,717,116,926,294,939,304
196,2,704,106,718,116,926,295,939,305
197,1,703,107,718,117
200,2,706,108,720,120,930,296,943,306
201,2,707,108,723,118,932,296,945,306
202,2,710,108,725,118,937,297,950,307
203,1,940,297,953,307
204,2,718,106,731,116,943,296,956,306
205,2,717,108,733,118,945,297,959,307
206,2,720,108,737,118,949,297,962,307
207,2,722,110,738,120,952,298,966,308
208,2,725,111,741,121,956,298,970,309
209,2,728,111,744,121,960,297,974,308
210,2,730,112,746,122,965,296,978,306
211,2,732,112,748,122,969,294,983,305
212,2,734,113,750,123,973,294,987,305
213,2,739,114,755,124,980,294,993,304
214,2,743,115,760,125,985,295,998,305
215,2,747,118,763,128,991,297,1004,307
216,2,997,297,1010,307,753,119,771,131
217,2,758,119,770,131,1003,296,1018,306
218,2,762,118,774,130,1008,292,1023,302
219,2,762,118,774,130,1014,287,1029,297
220,1,1019,280,1035,291
221,2,1026,276,1041,286,774,103,787,115
222,2,1032,274,1047,284,773,104,785,115
223,2,1040,274,1056,285,782,100,795,111
224,2,1048,275,1065,286,796,100,808,110
225,2,1058,279,1074,289,805,101,819,111
226,1,1067,286,1083,297
227,1,1074,291,1089,301
228,1,1077,295,1092,305
229,1,1079,297,1094,307
230,1,1079,300,1094,310
231,1,1079,299,1094,309
232,1,1079,295,1094,305
233,1,1078,288,1093,298
234,1,1076,281,1091,291
235,1,1073,274,1088,284
236,2,1071,268,1087,278,813,93,825,103
237,1,1069,264,1085,275
238,2,1067,260,1083,270,805,89,818,99
239,1,1066,258,1082,269
240,2,1066,256,1081,266,799,89,813,99
241,2,1065,255,1080,265,798,90,812,100
242,1,1063,254,1078,264
243,1,1061,252,1076,262
244,1,1060,249,1076,260
245,1,1065,247,1078,259
246,1,1066,245,1079,257
247,1,1065,243,1079,256
248,1,1065,241,1079,254
249,1,1066,239,1081,253
250,1,1067,238,1082,252
251,1,1072,238,1083,248
252,2,1074,238,1085,248,789,87,799,98
253,2,1077,236,1088,246,791,87,802,98
254,2,1079,237,1090,247,793,88,803,99
255,2,1083,238,1094,248,797,88,807,98
256,2,1086,236,1097,246,799,88,811,99
257,2,1090,236,1101,246,802,89,812,99
258,2,1095,236,1106,246,806,86,816,97
259,2,1099,236,1112,246,809,86,819,97
260,2,1103,238,1116,248,812,86,826,97
261,2,1108,238,1121,248,817,86,829,97
262,2,1112,239,1125,249,821,86,831,97
263,2,1116,240,1129,250,824,84,837,97
264,2,1120,239,1133,249,828,87,839,97
265,2,1123,239,1136,249,831,85,841,96
266,2,1127,240,1140,250,834,85,844,95
267,2,1130,240,1143,250,837,87,847,97
268,2,1134,242,1147,252,840,85,851,97
269,2,1137,242,1150,252,843,87,854,97
270,1,1141,244,1155,254
271,1,1143,244,1157,255
272,2,1146,244,1161,255,849,85,866,95
273,1,1149,245,1163,256
274,1,1153,246,1168,257
275,1,1157,247,1172,259
276,1,1161,248,1176,260
277,1,1164,249,1178,260
278,1,1167,249,1182,261
279,1,1171,249,1186,261
280,1,1176,250,1191,262
281,1,1181,250,1195,262
282,1,1185,248,1199,259
283,1,1189,247,1204,259
284,1,1194,246,1209,258
285,1,1198,242,1213,254
286,1,1202,236,1217,248
287,1,1206,228,1221,240
288,1,1209,219,1224,231
289,1,1213,211,1228,223
290,1,1217,204,1233,216
291,1,1222,197,1238,209
292,1,1227,193,1243,205
293,1,1232,190,1248,203
294,1,1236,187,1252,200
295,1,1242,185,1258,198
296,1,1248,186,1264,199
297,1,1254,187,1270,200
298,1,1261,188,1277,201
299,1,1266,191,1282,204
300,1,1271,193,1287,206
713,1,678,6,691,21
714,1,674,12,687,28
715,1,670,19,684,35
716,1,667,26,680,42
717,1,666,32,676,46
718,1,663,36,673,51
719,1,659,42,669,57
720,1,655,49,665,64
721,1,648,54,660,68
722,1,643,61,653,74
723,1,638,68,648,81
724,1,634,75,644,89
725,1,631,80,641,95
726,1,627,87,638,104
727,1,624,93,634,107
728,1,621,100,631,114
729,1,617,108,627,122
730,1,616,111,627,123
731,1,614,116,625,128
732,1,612,125,622,135
733,1,610,129,620,139
734,1,608,133,618,143
735,1,608,133,618,145
736,1,606,136,616,148
737,1,602,140,612,153
738,1,600,144,610,156
739,1,598,148,609,158
740,1,595,151,605,164
741,1,590,158,600,171
742,1,589,158,599,172
743,1,587,159,597,171
744,1,586,161,596,173
745,1,584,163,594,175
746,1,581,166,591,176
747,1,579,167,589,179
748,1,575,169,585,181
749,1,573,170,583,182
750,1,569,174,579,185
751,1,566,175,576,187
752,1,562,176,573,188
753,1,559,178,569,190
754,1,557,181,567,194
755,1,556,185,566,195
756,1,556,191,566,202
757,1,554,194,564,204
758,1,550,198,564,212
759,1,549,199,564,214
760,1,553,199,564,212
761,1,550,201,564,216
778,1,580,187,590,198
779,1,582,183,592,194
780,1,583,180,593,191
781,1,584,177,594,188
782,1,584,174,594,185
783,1,585,172,595,183
784,1,586,170,596,181
785,1,586,170,596,181
786,1,588,169,598,182
794,1,583,159,597,173
795,1,582,158,597,173
796,1,584,158,598,172
797,1,587,160,598,171
798,1,590,163,601,173
799,1,593,164,604,174
800,1,591,167,602,177
804,1,607,168,619,179
805,1,611,168,623,178
806,1,615,168,627,178
809,1,625,165,637,175
810,1,627,164,640,174
811,1,630,164,642,174
812,1,632,162,644,173
813,1,634,161,646,172
814,1,636,160,648,171
815,1,637,159,649,170
816,1,637,158,649,169
817,1,639,157,651,168
818,1,638,156,650,167
819,1,639,157,651,168
820,1,640,157,652,168
821,1,640,157,652,168
822,1,639,157,651,168
823,1,639,156,651,167
824,1,644,154,656,165
825,1,637,156,649,167
826,1,635,157,647,168
827,1,633,157,645,168
828,1,631,157,643,168
829,1,629,158,641,169
830,1,627,158,639,169
831,1,626,158,637,168
832,1,624,158,636,169
833,1,623,158,634,168
834,1,621,157,632,167
835,1,620,158,631,168
836,1,618,158,629,168
837,1,616,158,627,168
838,1,615,158,626,168
839,1,615,158,626,168
840,1,614,158,626,169
841,1,615,160,627,171
842,1,617,160,629,171
843,1,617,160,629,171
844,1,617,158,629,169
845,1,617,157,629,168
846,1,618,157,630,168
847,1,621,158,633,169
848,1,623,158,635,169
849,1,625,159,637,170
850,1,628,159,640,170
851,1,629,159,641,170
852,1,632,159,644,170
853,1,634,159,645,169
854,1,636,158,648,169
855,1,638,158,650,169
856,1,641,158,653,169
857,1,644,159,656,170
858,1,647,159,659,170
859,1,649,160,661,171
860,1,650,160,662,171
861,1,651,160,663,171
862,1,651,159,662,170
863,1,653,159,664,169
864,1,654,159,665,169
865,1,654,158,665,168
866,1,655,157,666,167
867,1,655,156,667,167
868,1,654,156,665,166
869,1,655,155,666,165
870,1,655,155,666,165
871,1,655,154,666,164
872,1,655,154,666,164
873,1,655,154,666,164
874,1,655,154,666,164
875,1,656,154,667,164
876,1,658,153,669,163
877,1,661,153,672,163
878,1,663,154,674,164
879,1,664,154,678,164
880,1,667,155,680,165
881,1,670,154,681,164
882,1,672,156,685,166
883,1,675,157,689,167
884,1,678,157,690,167
885,1,678,154,694,166
886,1,683,155,697,165
895,1,703,143,720,153
896,2,706,141,723,152,932,317,945,329
897,1,937,316,949,327
899,1,718,130,729,140
900,2,720,127,733,137,951,303,962,313
901,1,955,303,965,313
902,1,959,303,969,313
903,1,963,303,973,313
904,1,966,303,976,313
905,2,970,305,980,315,735,129,746,139
906,2,974,307,984,317,738,131,749,141
907,2,978,307,988,317,742,131,753,141
908,2,982,307,992,317,746,129,757,139
909,2,985,306,995,316,750,127,761,137
910,2,988,304,998,316,751,127,763,137
911,2,990,304,1000,316,753,126,765,136
912,2,991,303,1001,315,753,124,766,135
913,2,991,304,1001,316,753,125,766,136
914,2,991,306,1001,318,752,127,765,138
915,2,990,307,1000,319,749,130,762,140
916,2,989,309,999,321,748,133,761,143
917,2,988,311,998,323,746,136,759,146
918,2,986,314,996,326,746,138,758,148
919,1,985,315,995,327
920,1,984,315,994,327
921,1,983,315,993,327
922,1,981,313,991,325
923,1,979,312,989,324
924,1,977,310,987,322
925,1,976,308,986,320
926,1,975,305,985,317
927,1,974,302,985,315
928,1,974,298,985,311
929,1,975,295,986,308
930,1,975,292,986,305
931,1,975,290,986,303
932,1,977,288,988,301
933,1,977,285,988,298
934,1,980,284,991,297
935,1,982,282,993,295
936,1,985,280,998,291
937,1,988,278,1000,288
938,1,991,277,1003,287
939,1,994,277,1007,288
940,2,998,279,1010,289,725,132,739,143
941,2,1002,281,1014,291,730,132,744,143
942,2,1004,284,1016,294,733,134,747,145
943,2,1008,289,1020,299,736,138,750,149
944,2,1011,294,1023,304,741,140,755,151
945,2,1015,299,1027,309,744,143,758,154
946,2,1018,304,1031,315,749,146,763,157
947,1,1023,309,1033,320
948,1,1023,310,1033,321
949,2,1024,310,1034,321,750,152,768,162
950,2,1025,310,1035,321,750,153,768,163
951,1,1027,311,1038,323
952,1,1029,311,1041,324
953,2,1031,310,1043,324,756,152,772,163
954,2,1036,313,1049,324,759,152,775,163
955,1,1042,314,1054,324
956,2,1046,316,1058,326,773,150,787,162
957,2,1050,319,1062,329,778,152,792,164
958,2,1055,320,1067,330,781,152,795,164
959,2,1059,320,1072,331,784,155,797,166
960,2,1063,318,1076,329,788,156,800,166
961,1,1069,316,1081,326
962,1,1075,311,1087,321
963,1,1081,306,1093,316
964,1,1087,300,1099,310
965,1,1096,294,1107,304
966,1,1103,287,1114,297
967,1,1111,283,1122,293
968,1,1118,279,1129,289
969,1,1126,277,1137,287
970,1,1136,278,1147,288
971,1,1145,279,1156,289
972,1,1154,283,1165,293
973,1,1162,290,1173,300
974,1,1169,296,1181,307
975,1,1174,299,1185,309
976,1,1177,300,1188,310
977,1,1180,300,1191,310
978,1,1180,297,1191,307
979,1,1181,297,1193,308
980,1,1182,296,1194,307
981,1,1183,296,1195,307
982,2,1182,292,1194,303,886,125,897,135
983,1,1181,287,1193,298
984,1,1179,281,1191,292
985,1,1175,275,1187,285
986,1,1173,267,1185,277
987,2,1171,261,1183,271,863,110,874,120
988,2,1171,255,1183,265,855,112,867,124
989,2,1172,249,1184,259,854,110,866,122
990,1,1175,244,1187,254
991,1,1179,240,1191,250
992,1,1184,237,1196,247
993,1,1190,235,1202,245
994,1,1196,234,1208,244
995,1,1204,232,1216,242
996,1,1212,231,1224,241
997,1,1221,231,1233,241
998,1,1229,231,1241,241
999,2,1237,231,1250,241,902,98,915,108
1000,1,1245,232,1257,242
1001,2,1253,232,1265,242,917,98,930,109
1002,2,1263,234,1275,244,924,98,937,109
1003,2,1271,235,1283,245,927,98,939,108
1004,1,941,95,955,108
1020,1,988,59,1001,70
1021,1,988,56,1000,66
1022,1,987,55,1000,66
1023,1,987,55,1000,66
1024,1,987,55,999,65
1025,1,988,57,1000,68
1026,1,991,57,1004,68
1027,1,993,59,1005,69
1028,1,998,59,1010,69
1029,1,1001,57,1013,67
1030,1,1002,57,1014,67
1031,1,1002,57,1014,67
1032,1,1006,54,1019,64
1033,1,1007,54,1020,64
1034,1,1008,54,1021,64
1047,1,1004,26,1018,36
1048,1,1007,26,1021,36
1049,1,1012,24,1026,34
1050,1,1013,24,1027,34
1051,1,1018,24,1032,34
1052,1,1021,27,1035,37
1053,1,1028,29,1044,41
1054,1,1034,31,1048,41
1055,1,1039,34,1053,45
1056,1,1044,35,1059,46
1057,1,1048,40,1062,51
1058,1,1053,41,1069,53
1059,1,1058,44,1072,55
1060,1,1059,45,1074,56
1061,1,1063,45,1076,55
1062,1,1066,44,1081,55
1063,1,1069,44,1082,54
1064,1,1070,44,1083,54
1065,1,1070,44,1083,54
1066,1,1070,44,1083,54
1067,1,1070,44,1083,54
1068,1,1069,41,1082,51
1069,1,1070,38,1083,48
1070,1,1067,37,1080,47
