24,1,1901,205,1912,221
25,1,1883,211,1898,226
26,1,1864,212,1879,228
27,1,1844,210,1860,227
28,1,1827,207,1842,227
29,1,1811,205,1829,223
30,1,1799,202,1817,221
31,1,1790,205,1808,225
32,1,1786,214,1803,233
33,1,1781,228,1798,245
34,1,1775,242,1793,259
35,1,1772,259,1788,278
36,1,1765,279,1783,296
37,1,1756,298,1774,315
38,1,1749,318,1767,338
39,1,1740,339,1759,360
40,1,1731,358,1748,376
41,1,1720,373,1737,390
42,1,1707,382,1724,400
43,1,1695,387,1710,404
44,1,1681,390,1696,407
45,1,1666,402,1683,419
46,1,1651,422,1667,438
47,1,1636,444,1652,463
48,1,1621,462,1637,482
49,1,1608,483,1620,498
50,1,1592,502,1608,522
51,1,1579,523,1595,541
52,1,1568,542,1581,562
53,1,1557,562,1570,580
54,1,1546,580,1560,596
55,1,1537,597,1551,614
56,1,1529,616,1541,634
57,1,1521,637,1533,655
58,1,1514,659,1526,677
59,1,1506,682,1518,699
60,1,1499,707,1511,724
61,1,1492,732,1504,749
62,1,1486,757,1498,774
63,2,1479,780,1491,797,993,28,1009,42
64,2,1472,799,1484,816,996,38,1010,53
65,2,1466,813,1477,830,998,43,1012,56
66,2,1457,825,1468,843,997,45,1012,59
67,2,1446,835,1458,852,996,44,1009,58
68,2,1435,847,1449,864,992,41,1009,59
69,2,1423,857,1435,874,987,44,1001,59
70,2,1410,866,1423,883,981,44,996,59
71,2,974,42,990,58,1396,876,1410,893
72,2,1383,887,1394,904,966,42,982,58
73,2,1368,899,1380,916,958,43,974,58
74,2,1354,916,1367,932,952,45,968,61
75,2,1341,931,1355,949,944,51,962,68
76,2,1334,948,1346,966,935,59,952,77
77,2,1330,962,1342,980,926,69,943,84
78,2,1328,975,1340,992,914,78,933,94
79,2,1327,984,1339,1003,907,87,923,104
80,2,1328,996,1340,1015,897,94,914,110
81,2,1329,1009,1341,1027,892,99,909,116
82,2,1329,1025,1342,1041,888,106,906,123
83,2,1328,1042,1342,1059,885,116,904,133
84,2,1326,1061,1340,1078,887,124,904,141
85,1,889,134,905,149
86,1,891,141,907,158
87,1,892,148,909,165
88,1,893,156,909,173
89,1,891,159,909,176
90,1,890,155,907,174
91,1,889,149,904,165
92,1,884,140,902,158
93,1,879,131,896,149
94,1,874,124,890,142
95,1,865,118,884,135
96,1,860,114,877,132
97,1,852,114,870,131
98,1,843,117,861,133
99,1,834,122,853,138
100,1,826,130,843,146
101,1,814,138,833,154
102,1,804,145,822,160
103,1,791,150,811,164
104,1,781,151,800,167
105,1,769,153,788,168
106,1,759,156,778,171
107,1,749,161,769,175
108,1,743,166,762,182
109,1,736,174,756,190
110,1,732,183,753,198
111,1,731,191,750,206
112,1,731,198,751,214
113,1,734,205,753,221
114,1,735,212,757,228
115,1,741,216,761,231
116,1,747,219,765,234
117,1,753,218,773,235
118,1,759,220,780,237
119,1,765,221,786,239
120,1,771,222,791,239
121,1,775,220,796,237
122,1,779,219,799,235
123,1,780,216,802,232
124,1,781,212,804,228
125,1,783,205,804,222
126,1,783,195,806,212
127,1,782,186,806,203
128,1,780,176,803,193
129,1,776,164,799,181
130,1,770,153,793,170
131,1,763,142,787,160
132,1,756,133,780,151
133,1,749,124,773,141
134,1,740,117,764,135
135,1,731,112,755,130
136,1,722,109,746,127
137,1,712,109,736,127
138,1,703,111,726,128
139,1,694,111,718,128
140,1,686,111,710,129
141,1,679,111,703,129
142,1,674,109,699,127
143,1,671,106,696,125
144,1,668,103,693,121
145,1,668,101,693,119
146,1,668,100,692,118
147,1,668,101,693,120
148,1,670,103,696,122
149,1,674,109,699,127
150,1,679,113,704,131
151,1,685,113,710,131
152,1,691,109,716,127
153,1,698,104,724,122
154,1,707,101,732,119
155,1,716,98,741,116
156,1,725,95,753,114
157,1,734,94,763,114
158,1,741,94,770,114
159,1,749,91,777,110
160,1,757,85,785,104
161,1,763,76,791,95
162,1,767,67,795,86
163,1,770,56,798,75
164,1,771,49,801,67
165,1,772,40,802,58
166,1,771,32,800,49
167,1,769,25,798,42
168,1,765,21,794,39
169,1,761,19,790,36
170,1,755,19,785,37
171,1,748,21,778,39
172,1,741,23,771,41
173,1,735,25,765,43
174,1,731,27,760,44
175,1,726,29,756,47
176,1,725,33,754,50
177,1,726,35,755,52
178,1,727,36,756,53
179,1,729,39,758,56
180,1,733,44,760,60
181,1,737,47,765,63
182,1,742,53,772,68
183,1,749,57,779,72
184,1,756,59,786,74
185,1,764,59,794,74
186,1,772,59,803,74
187,1,781,57,811,72
188,1,792,55,821,70
189,1,801,52,831,67
190,1,810,50,840,65
191,1,820,47,850,62
192,1,830,43,860,58
193,1,840,39,871,54
194,1,850,36,881,51
195,1,861,33,891,48
196,1,870,30,899,45
197,1,877,27,907,42
198,1,883,24,914,39
199,1,886,21,917,36
200,1,887,19,919,35
201,1,888,16,919,31
202,1,886,12,917,28
203,1,883,9,914,25
204,1,878,7,909,23
205,1,873,6,904,22
206,1,869,7,899,22
207,1,864,7,894,22
208,1,860,6,890,21
209,1,858,5,888,20
210,1,856,4,886,19
211,1,855,5,885,20
212,1,856,8,886,23
213,1,858,12,888,27
214,1,861,17,891,32
215,1,863,20,893,35
216,1,866,23,896,38
217,1,870,23,900,38
218,1,873,22,903,37
219,1,876,21,907,36
220,1,879,19,910,34
221,1,881,17,912,33
222,1,884,17,914,32
223,1,886,16,917,32
224,1,888,17,919,33
225,1,891,17,922,32
226,1,893,17,924,32
227,1,893,18,924,34
228,1,893,18,927,33
229,1,893,18,927,33
230,1,894,18,928,33
231,1,895,19,929,34
232,1,898,18,932,33
233,1,901,19,935,34
234,1,903,20,937,35
235,1,908,19,943,34
236,1,911,22,946,35
237,1,914,24,949,37
238,1,918,24,953,37
239,1,921,24,955,37
240,1,924,22,959,35
241,1,928,20,963,33
242,1,933,18,968,31
243,1,938,17,973,30
244,1,944,15,979,28
245,1,950,14,985,27
246,1,957,13,992,26
247,1,963,12,997,24
248,1,969,12,1002,24
249,1,975,12,1007,24
250,1,981,12,1013,24
251,1,985,10,1018,22
252,1,990,8,1022,20
253,1,996,7,1028,19
254,1,1001,5,1033,17
255,1,1006,3,1037,15
256,1,1010,1,1041,13
257,1,1015,-2,1050,11
258,1,1017,-9,1054,8
690,1,1901,428,1915,443
691,1,1891,447,1903,463
692,1,1880,465,1892,481
693,1,1868,480,1880,496
694,1,1855,495,1867,511
695,1,1842,510,1856,526
696,1,1830,527,1843,543
697,1,1817,545,1831,560
698,1,1805,565,1819,581
699,1,1794,583,1807,599
700,1,1782,599,1795,615
701,1,1774,614,1785,630
702,1,1765,630,1776,646
703,1,1758,642,1769,658
704,1,1751,653,1762,669
705,1,1745,663,1756,679
706,1,1740,670,1752,687
707,1,1735,675,1746,691
708,1,1730,680,1741,696
709,1,1725,688,1736,704
710,1,1719,701,1730,717
711,1,1712,717,1723,733
712,1,1706,735,1717,751
713,1,1697,754,1708,771
714,1,1688,774,1699,791
715,1,1678,795,1689,812
716,1,1667,816,1678,833
717,1,1655,837,1666,854
718,1,1642,855,1654,873
719,1,1629,873,1642,889
720,1,1617,889,1630,905
721,1,1605,902,1618,918
722,1,1593,912,1606,928
723,1,1582,923,1595,939
724,1,1572,933,1585,949
725,1,1563,944,1576,960
726,1,1555,955,1568,971
727,1,1547,967,1560,983
728,1,1541,979,1554,995
729,1,1535,992,1548,1008
730,1,1531,1006,1544,1022
731,1,1529,1020,1542,1036
732,1,1527,1035,1540,1051
733,1,1526,1054,1537,1070
734,2,1526,1070,1539,1083,983,0,998,18
735,1,980,11,996,29
736,1,976,21,994,40
737,1,974,30,990,48
738,1,971,37,986,55
739,1,969,43,985,62
740,1,966,49,981,67
741,1,964,52,980,70
742,1,960,56,977,75
743,1,964,59,974,69
744,1,954,64,971,82
745,1,948,71,967,88
746,1,945,76,964,94
747,1,941,81,961,100
748,1,933,88,953,106
749,1,926,92,947,111
750,1,919,97,938,117
751,1,908,99,929,118
752,1,899,102,919,120
753,1,888,104,911,124
754,1,878,110,899,129
755,1,866,117,889,134
756,1,855,122,877,142
757,1,844,125,866,146
758,1,833,133,856,152
759,1,824,138,846,158
760,1,816,145,838,163
761,1,808,152,830,172
762,1,801,160,824,180
763,1,795,168,818,188
764,1,791,178,815,198
765,1,788,189,812,209
766,1,784,198,807,218
767,1,781,205,804,225
768,1,778,208,801,228
769,1,776,211,799,231
770,1,775,213,799,234
771,1,774,218,798,239
772,1,774,222,798,243
773,1,775,227,800,248
774,1,775,232,800,254
775,1,777,236,802,258
776,1,777,240,802,262
777,1,778,241,803,263
778,1,778,242,803,263
779,1,779,241,804,260
780,1,780,239,805,258
781,1,781,236,805,255
782,1,781,231,807,251
783,1,780,226,806,246
784,1,780,222,806,242
785,1,779,218,805,238
786,1,779,214,804,233
787,1,780,211,805,230
788,1,779,208,804,227
789,1,779,204,804,223
790,1,777,201,802,220
791,1,775,198,800,217
792,1,774,195,799,214
793,1,772,191,797,210
794,1,770,187,796,206
795,1,768,185,794,205
796,1,766,186,793,202
797,1,765,187,792,203
798,1,765,193,792,209
799,1,765,199,792,215
800,1,765,204,794,220
801,1,766,207,795,223
802,1,770,208,799,224
803,1,773,207,801,223
804,1,778,203,806,219
805,1,784,197,812,212
806,1,791,188,820,202
807,1,797,177,826,191
808,1,803,163,833,178
809,1,808,150,840,166
810,1,816,138,848,153
811,1,823,130,856,146
812,1,831,123,863,139
813,1,838,120,870,136
814,1,843,118,875,134
815,1,850,116,883,133
816,1,855,114,887,130
817,1,857,111,891,128
818,1,858,104,892,121
819,1,862,94,894,110
820,1,862,84,893,100
821,1,862,75,893,91
822,1,861,69,893,85
823,1,860,66,892,82
824,1,860,63,890,79
825,1,857,60,888,77
826,1,854,58,885,75
827,1,852,56,884,73
828,1,850,54,882,72
829,1,848,55,879,71
830,1,845,57,876,73
831,1,842,60,873,76
832,1,839,64,870,80
833,1,837,68,868,84
834,1,835,72,867,89
835,1,834,76,866,92
836,1,834,79,865,95
837,1,834,83,865,99
838,1,835,87,867,103
839,1,837,91,868,107
840,1,842,92,872,108
841,1,849,93,881,110
842,1,857,92,889,108
843,1,866,93,898,109
844,1,874,94,906,111
845,1,883,93,916,110
846,1,894,91,926,107
847,1,904,87,936,103
848,1,915,83,947,99
849,1,924,81,956,97
850,1,933,79,968,97
851,1,941,80,977,99
852,1,948,81,985,100
853,1,955,85,990,103
854,1,960,89,994,107
855,1,965,93,1000,111
856,1,969,94,1005,113
857,1,973,95,1008,111
858,1,977,92,1012,108
859,1,981,87,1016,103
860,1,984,81,1019,97
861,1,987,74,1021,90
862,1,988,64,1023,79
863,1,988,55,1023,70
864,1,987,47,1022,62
865,1,984,41,1019,56
866,1,981,35,1017,51
867,1,978,33,1013,48
868,1,973,30,1008,45
869,1,969,29,1004,44
870,1,964,29,999,44
871,1,959,29,993,44
872,1,955,27,990,42
873,1,951,26,985,41
874,1,947,24,981,38
875,1,943,23,976,37
876,1,941,22,974,36
877,1,940,21,973,35
878,1,941,22,977,36
879,1,945,24,980,38
880,1,949,26,985,40
881,1,954,29,990,43
882,1,959,31,996,45
883,1,967,33,1003,47
884,1,973,35,1009,49
885,1,980,35,1016,49
886,1,988,35,1024,49
887,1,996,33,1033,48
888,1,1005,32,1042,46
889,1,1013,30,1049,44
890,1,1022,28,1057,42
891,1,1029,27,1064,41
892,1,1037,24,1072,38
893,1,1045,22,1080,36
894,1,1052,18,1087,32
895,1,1058,14,1095,27
896,1,1065,9,1102,22
897,1,1073,4,1108,16
898,1,1078,-1,1115,12
899,1,1084,-5,1121,8
