0,2,535,237,551,250,981,109,991,122
1,2,522,238,537,251,975,93,985,107
2,2,509,238,524,250,969,81,979,92
3,2,495,237,509,250,963,68,973,80
4,2,479,241,493,253,949,55,960,67
5,2,463,248,476,259,936,44,946,57
6,2,446,255,459,265,919,32,930,46
7,2,423,265,434,275,893,15,904,27
8,2,401,278,412,288,859,0,870,11
9,1,383,291,395,301
10,1,371,297,382,307
11,1,363,296,374,306
12,1,356,290,367,301
13,1,347,282,358,293
14,1,335,274,345,284
15,1,317,272,327,282
16,1,296,279,309,289
17,1,293,283,304,293
18,1,286,286,299,296
21,1,271,299,281,309
22,1,264,304,276,314
23,1,263,307,274,317
24,1,255,310,267,321
25,1,252,312,264,324
26,1,249,315,262,325
27,2,246,316,258,326,961,948,985,958
28,2,243,319,256,329,963,945,989,958
29,2,239,318,253,329,964,941,990,957
30,2,237,319,251,330,966,939,990,955
31,2,234,319,248,330,965,933,995,953
32,2,231,318,244,328,965,929,995,949
33,2,229,315,242,325,965,925,994,946
34,2,226,314,239,324,965,922,995,942
35,2,222,312,233,322,967,920,997,940
36,2,217,313,231,323,968,919,996,940
37,2,213,315,227,325,971,919,1000,940
38,2,211,320,223,330,973,920,1002,938
39,2,205,323,219,333,975,919,1004,938
40,2,203,324,216,335,977,918,1006,937
41,2,200,327,211,338,978,916,1008,935
42,2,197,329,209,339,980,914,1010,933
43,2,192,330,203,341,982,910,1012,929
44,2,188,331,201,343,984,907,1013,926
45,2,184,335,195,345,987,903,1016,921
46,2,181,335,192,345,989,898,1019,916
47,2,174,336,187,346,992,891,1022,911
48,1,995,885,1025,905
49,1,998,881,1028,901
50,1,1000,879,1030,899
51,1,1001,878,1031,898
52,1,1003,877,1033,897
53,1,1004,877,1034,897
54,1,1005,877,1035,897
55,1,1006,878,1036,898
56,1,1008,876,1038,896
57,1,1009,878,1036,896
58,1,1010,876,1038,896
59,1,1011,876,1040,896
60,1,1013,875,1041,895
61,1,1013,873,1042,893
62,1,1014,872,1043,893
63,1,1014,871,1042,892
64,1,1014,867,1043,888
65,1,1018,863,1047,883
66,2,1021,859,1050,879,101,359,113,369
67,1,1025,855,1052,875
68,1,1028,851,1055,871
69,2,1034,851,1060,867,231,278,241,288
70,2,1038,847,1061,868,224,283,235,293
71,2,1041,844,1064,865,219,288,230,298
72,2,1045,842,1068,863,213,293,225,303
73,2,1049,839,1072,860,208,298,218,309
74,2,1052,836,1075,854,204,303,214,314
75,2,1056,833,1079,851,198,308,208,318
76,2,1059,831,1082,850,191,313,203,325
77,2,1063,828,1086,847,189,321,199,332
78,2,1067,826,1090,843,182,328,192,339
79,2,1070,823,1097,842,177,335,187,345
80,2,172,342,182,352,1074,818,1102,837
81,2,166,349,176,360,1079,814,1105,832
82,2,1082,810,1109,827,161,355,171,365
83,2,1086,805,1112,825,156,360,166,370
84,2,1089,802,1115,821,151,365,161,376
85,2,1092,799,1118,817,148,368,158,379
86,2,1094,799,1120,819,143,373,154,383
87,2,1095,799,1122,817,140,374,150,384
88,2,1096,799,1124,819,134,373,147,385
89,2,1097,801,1124,819,134,374,145,385
90,2,1100,800,1125,818,131,375,143,387
91,2,1104,793,1129,811,128,377,139,388
92,2,1108,785,1134,802,123,380,135,390
93,2,1112,776,1138,793,118,384,130,394
94,2,1115,767,1142,784,113,389,125,400
95,2,1118,761,1144,777,108,392,119,403
96,2,1118,755,1145,774,103,392,114,402
97,2,1117,753,1144,771,98,390,108,402
98,2,1116,754,1142,771,94,386,105,397
99,2,1114,756,1139,776,89,381,100,392
100,2,1109,760,1133,777,84,375,95,387
101,2,1104,764,1129,782,78,369,89,380
102,2,1098,770,1123,788,71,364,82,374
103,2,1093,773,1118,792,64,357,76,368
104,2,1087,776,1112,794,58,352,68,363
105,2,1082,778,1107,797,49,348,60,359
106,2,1077,777,1103,796,39,346,51,357
107,2,1074,774,1100,792,30,345,41,357
108,2,1072,770,1097,788,20,345,31,356
109,2,1070,765,1095,783,10,348,20,359
110,1,1070,761,1095,778
111,1,1071,755,1096,774
112,1,1071,750,1095,770
113,1,1075,742,1099,759
114,1,1077,737,1102,753
115,1,1080,732,1105,748
116,1,1082,727,1108,744
117,1,1086,724,1111,742
118,1,1089,722,1114,739
119,1,1093,720,1118,736
120,1,1096,718,1122,736
121,1,1098,717,1125,733
122,1,1101,714,1128,730
123,1,1105,712,1132,728
124,1,1109,711,1136,727
125,1,1113,710,1140,726
126,1,1117,709,1144,725
127,1,1121,710,1148,726
128,1,1125,709,1152,725
129,1,1128,709,1155,725
130,1,1131,710,1158,726
131,1,1135,709,1162,725
132,1,1139,708,1166,724
133,1,1142,707,1169,723
134,1,1146,705,1173,721
135,1,1149,703,1176,719
136,1,1152,701,1179,717
137,1,1155,699,1182,715
138,1,1157,699,1184,715
139,1,1159,698,1186,714
140,1,1161,697,1188,713
141,1,1162,696,1189,712
142,1,1163,695,1190,711
143,1,1164,694,1191,710
144,1,1164,694,1190,710
145,1,1164,695,1190,711
146,1,1163,695,1189,711
147,1,1163,692,1189,708
148,1,1162,686,1188,701
149,1,1161,679,1187,694
150,1,1161,672,1187,687
151,1,1160,665,1186,680
152,1,1159,656,1185,671
153,1,1158,647,1184,662
154,1,1157,637,1182,652
155,1,1155,627,1180,642
156,1,1154,618,1179,633
157,1,1152,610,1177,625
158,1,1149,604,1174,619
159,1,1147,599,1172,614
160,1,1143,596,1168,611
161,1,1140,594,1165,609
162,1,1136,593,1161,608
163,1,1132,597,1156,611
164,1,1127,603,1151,617
165,1,1122,609,1146,623
166,1,1118,614,1142,628
167,1,1113,619,1137,633
168,1,1109,622,1132,636
169,1,1105,624,1128,638
170,1,1102,626,1125,640
171,1,1100,628,1123,641
172,1,1097,628,1120,641
173,1,1096,624,1119,637
174,1,1095,618,1118,631
175,1,1095,611,1118,624
176,1,1096,605,1118,618
177,1,1097,599,1119,612
178,1,1100,592,1122,605
179,1,1102,584,1124,597
180,1,1105,579,1127,592
181,1,1106,581,1128,594
182,1,1107,583,1129,596
183,1,1107,586,1129,599
184,1,1106,592,1127,605
185,1,1104,595,1125,607
186,1,1101,595,1122,607
187,1,1098,602,1118,614
188,1,1095,612,1115,624
189,1,1090,624,1110,636
190,1,1084,635,1107,648
191,1,1079,644,1099,659
192,1,1075,651,1096,669
193,1,1069,661,1090,673
194,1,1065,666,1086,680
195,1,1060,670,1079,684
196,1,1055,674,1078,690
197,1,1053,677,1074,692
198,1,1050,676,1072,691
199,1,1046,677,1069,693
200,1,1045,678,1067,695
201,1,1043,680,1066,698
202,1,1044,681,1066,699
203,1,1045,680,1068,699
204,1,1048,677,1070,695
205,1,1052,672,1074,690
206,1,1056,668,1079,687
207,1,1061,664,1084,683
208,1,1066,660,1089,679
209,1,1071,656,1094,675
210,1,1077,651,1100,670
211,1,1081,647,1104,666
212,1,1086,643,1110,662
213,1,1092,640,1116,659
214,1,1097,637,1120,656
215,1,1101,635,1125,654
216,1,1105,631,1129,650
217,1,1108,627,1131,646
218,1,1111,626,1134,645
219,1,1112,623,1135,642
220,1,1113,623,1137,642
221,1,1114,624,1136,639
222,1,1113,628,1135,643
223,1,1110,632,1133,647
224,1,1109,638,1130,652
225,1,1106,640,1127,655
226,1,1104,645,1125,660
227,1,1100,645,1123,660
228,1,1098,642,1121,657
229,1,1097,641,1120,655
230,1,1096,637,1119,652
231,1,1095,633,1118,647
232,1,1095,628,1119,642
233,1,1094,627,1116,640
235,1,1095,621,1114,634
236,1,1097,622,1116,634
237,1,1097,623,1116,633
238,1,1097,623,1116,636
239,1,1097,624,1115,636
240,1,1099,624,1119,637
241,1,1100,626,1119,639
266,1,1051,705,1072,717
267,1,1052,710,1071,722
268,1,1050,717,1072,729
269,1,1050,721,1072,734
270,1,1050,728,1072,742
271,1,1050,733,1072,746
272,1,1050,734,1072,750
273,1,1051,737,1072,751
274,1,1052,737,1073,751
275,1,1054,738,1075,752
276,1,1054,737,1077,753
277,1,1058,734,1081,751
278,1,1061,732,1082,749
279,1,1063,731,1085,748
280,1,1066,730,1086,747
281,1,1069,728,1089,744
282,1,1071,726,1091,742
283,1,1073,724,1094,741
284,1,1074,722,1095,739
285,1,1074,720,1095,737
286,1,1075,717,1096,734
287,1,1075,714,1097,732
288,1,1074,711,1097,729
289,1,1073,709,1095,725
290,1,1072,706,1094,722
291,1,1071,707,1094,719
292,1,1069,705,1092,717
293,1,1068,703,1091,715
294,1,1066,703,1089,715
295,1,1063,703,1086,715
296,1,1061,704,1083,716
297,1,1058,705,1080,717
298,1,1057,707,1078,719
299,1,1055,710,1075,721
300,1,1052,712,1072,723
301,1,1049,715,1069,726
302,1,1047,714,1070,727
303,1,1046,713,1069,726
304,1,1045,710,1068,723
305,1,1046,707,1069,720
306,1,1047,704,1070,717
307,1,1049,701,1072,714
308,1,1050,699,1073,712
309,1,1052,698,1075,711
310,1,1053,698,1076,711
311,1,1053,700,1076,713
312,1,1053,704,1076,717
313,1,1051,708,1074,721
314,1,1049,713,1072,726
315,1,1047,719,1070,732
316,1,1045,723,1067,736
317,1,1041,728,1065,741
318,1,1039,732,1060,744
319,1,1033,738,1057,751
320,1,1030,744,1054,758
321,1,1024,749,1049,763
322,1,1019,754,1042,767
323,1,1014,758,1036,774
324,1,1007,765,1032,778
325,1,1001,770,1026,783
326,1,996,775,1021,788
327,1,991,779,1016,792
328,1,987,783,1012,796
329,1,984,785,1009,798
330,1,981,788,1006,801
331,1,978,789,1003,802
332,1,974,791,999,804
333,1,970,794,995,807
334,1,967,795,991,807
335,1,964,794,989,807
336,1,961,794,986,807
337,1,958,794,982,806
338,1,954,798,977,810
339,1,951,800,975,812
340,1,948,803,972,815
341,1,946,806,970,818
342,1,945,808,970,821
343,1,945,810,970,823
344,1,945,812,970,825
345,1,946,815,971,828
346,1,946,817,972,830
347,1,947,817,973,830
348,1,947,819,972,832
349,1,946,820,972,834
350,1,944,822,970,836
351,1,942,825,968,838
352,1,939,827,966,841
353,1,937,830,964,844
354,1,935,833,962,847
355,1,934,837,960,850
356,1,934,839,959,852
357,1,935,838,960,851
358,1,934,836,961,850
359,1,934,835,961,849
360,1,932,834,960,849
361,1,930,835,958,849
362,1,927,835,955,848
363,1,924,834,952,847
364,1,920,835,948,848
365,1,915,837,943,850
366,1,911,840,939,853
367,1,906,840,934,853
368,1,900,843,928,856
369,1,894,845,922,858
370,1,888,848,916,861
371,1,881,849,909,862
372,1,875,850,903,863
373,1,869,853,897,866
374,1,865,855,893,868
375,1,861,858,889,871
376,1,858,862,887,875
377,1,856,867,885,880
378,1,854,873,883,886
379,1,854,878,883,891
380,1,855,883,884,896
381,1,856,888,885,901
382,1,859,891,888,904
383,1,862,894,891,908
384,1,866,896,895,909
385,1,871,897,900,911
386,1,875,898,904,912
387,1,878,900,908,914
388,1,880,903,909,917
389,1,881,907,911,921
390,1,880,911,909,925
391,1,878,914,908,928
392,1,877,919,906,933
393,1,873,923,903,937
394,1,869,925,899,939
395,1,864,929,894,943
396,1,859,932,890,946
397,1,854,932,885,946
398,1,854,932,877,948
399,1,850,932,874,948
400,1,847,933,870,948
401,1,845,932,869,948
402,1,844,932,868,949
403,1,844,932,871,949
404,1,846,931,872,946
405,1,845,930,872,946
406,1,844,930,870,945
407,1,842,930,869,944
408,1,839,929,866,944
409,1,837,930,861,948
410,1,834,929,862,943
411,1,831,930,858,945
412,1,828,932,854,947
413,1,826,935,853,950
414,1,824,936,851,951
415,2,823,938,850,954,1033,4,1045,18
416,2,824,939,853,956,1027,10,1038,22
417,2,826,940,855,955,1019,13,1032,24
418,2,827,940,855,955,1012,16,1025,27
419,2,829,939,857,954,1006,17,1019,30
420,2,828,940,858,955,1002,19,1015,31
421,2,828,941,858,958,999,23,1012,34
422,2,831,942,861,958,996,27,1009,38
423,2,834,941,865,958,993,29,1006,40
424,2,837,941,871,958,988,30,1001,41
425,2,844,941,877,958,984,30,997,42
426,2,851,942,882,959,980,32,992,43
427,2,857,941,889,959,974,34,987,45
428,2,862,943,893,959,969,34,982,46
429,2,863,942,895,960,966,37,979,48
430,2,863,943,893,963,967,39,978,50
431,2,865,946,890,965,967,43,980,54
432,2,864,947,888,965,970,48,982,59
433,2,864,951,885,967,970,52,984,63
434,2,864,951,885,967,971,59,983,70
435,1,971,63,983,76
436,1,970,71,982,82
437,1,968,76,981,87
438,1,966,83,979,94
439,1,963,86,977,96
440,1,960,87,973,99
441,1,956,92,968,103
442,1,951,93,965,105
443,1,949,98,960,109
444,1,943,102,955,112
445,1,937,105,951,115
446,1,932,107,945,118
447,1,927,109,940,120
448,1,923,108,935,121
449,1,921,110,932,122
450,1,916,114,928,125
451,1,914,118,926,128
452,1,911,120,923,132
453,1,908,125,918,135
454,1,904,128,914,138
455,1,900,131,910,141
456,1,897,135,907,145
457,1,894,139,904,149
458,1,892,143,902,153
459,1,888,147,898,157
460,1,884,150,894,160
461,1,880,151,890,161
462,1,876,155,886,165
463,1,871,155,881,165
464,1,865,157,876,168
465,1,860,158,871,169
466,1,854,161,865,172
467,1,846,161,857,172
468,1,840,161,851,172
469,1,834,160,845,171
470,1,830,158,841,169
471,1,828,157,839,168
472,1,827,159,838,170
473,1,826,161,837,172
474,1,825,165,836,176
475,1,824,171,834,181
476,1,822,175,833,186
477,1,821,180,832,191
478,1,820,185,831,196
479,1,819,192,829,202
480,1,817,197,828,208
481,1,816,203,827,214
482,1,815,207,826,218
483,1,814,211,825,222
484,1,812,213,823,224
485,1,810,214,821,225
486,1,806,215,817,226
487,1,801,217,812,228
488,1,797,219,807,229
489,1,792,218,802,228
490,1,785,217,796,228
491,1,778,216,789,227
492,1,772,217,783,228
493,1,766,217,777,228
494,1,760,218,771,229
495,1,753,220,763,230
496,1,747,220,757,230
497,1,741,220,751,230
498,1,733,218,744,229
499,1,728,220,738,230
500,1,723,222,733,232
501,1,719,226,730,236
502,1,714,230,725,240
503,1,710,234,721,244
504,2,705,236,716,246,999,71,1009,83
505,2,699,238,710,248,993,68,1003,79
506,2,695,238,706,248,988,64,999,75
507,2,691,240,703,251,986,61,996,71
508,2,689,240,701,251,984,60,994,70
509,2,689,243,701,254,986,60,996,70
510,2,687,247,699,258,986,61,996,71
511,2,685,249,697,260,984,58,994,68
512,2,684,248,694,258,983,55,993,65
513,2,682,248,692,258,983,54,993,64
514,2,681,247,691,257,983,49,993,59
515,2,680,247,690,257,985,46,995,59
516,2,680,248,690,258,988,47,998,58
517,2,679,251,689,261,990,50,1000,62
518,2,679,255,689,265,991,52,1001,65
519,2,677,259,687,269,991,54,1001,67
520,2,671,261,683,272,989,54,999,65
521,2,670,263,680,273,986,52,996,63
522,2,666,263,676,273,982,48,992,60
523,2,661,262,671,272,979,45,989,57
524,2,657,261,667,271,976,39,986,51
525,2,654,258,664,271,974,36,984,49
526,2,649,256,659,268,971,32,981,46
527,2,646,256,656,268,969,28,979,41
528,2,642,255,652,267,968,27,978,39
529,2,638,255,649,267,968,28,978,40
530,2,638,256,648,268,970,29,980,42
531,2,634,257,645,269,971,31,981,42
532,2,632,258,643,270,973,36,983,47
533,2,631,260,641,272,974,37,984,50
534,2,626,262,638,274,975,40,985,54
535,2,621,261,634,273,974,41,984,54
536,2,617,261,629,271,972,39,982,51
537,2,611,261,624,271,968,36,979,49
538,2,607,259,619,269,964,31,974,44
539,2,601,257,613,267,960,27,971,42
540,2,595,257,609,267,956,23,966,37
541,2,591,255,603,265,953,20,963,34
542,2,587,255,600,265,950,17,960,31
543,2,583,254,596,264,948,14,958,27
544,2,580,254,592,264,945,12,956,25
545,2,576,254,590,264,942,9,952,23
546,2,573,254,586,264,938,6,948,20
547,2,569,253,581,263,934,2,945,15
548,2,563,254,579,264,931,-1,941,11
549,2,560,253,575,263,928,-4,940,9
550,2,558,255,571,265,924,-6,935,8
551,2,556,256,567,266,922,-6,932,6
552,1,553,255,565,265
553,1,550,256,562,266
554,1,548,256,560,266
555,1,545,255,557,265
556,1,543,255,555,265
557,1,542,257,554,267
558,1,540,257,552,267
559,1,538,257,550,267
560,1,536,257,548,267
561,1,533,257,545,267
562,1,529,259,541,269
563,1,524,261,536,271
564,1,518,261,531,272
565,1,513,261,526,272
566,1,508,264,520,274
567,2,502,266,514,276,965,946,994,960
568,2,496,269,509,280,970,942,1000,960
569,2,490,271,502,282,977,941,1006,959
570,2,483,276,496,286,981,934,1012,955
571,2,478,280,491,290,987,933,1019,951
572,2,470,284,483,294,993,929,1025,949
573,2,463,285,477,295,999,925,1031,945
574,2,456,292,469,302,1005,921,1037,941
575,2,449,296,463,306,1011,917,1044,938
576,2,441,302,454,312,1017,913,1049,933
577,2,435,306,447,316,1022,910,1055,930
578,2,427,312,441,322,1025,908,1058,929
579,2,421,316,433,327,1028,907,1060,927
580,2,415,322,427,332,1031,905,1064,926
581,2,407,325,419,336,1033,902,1065,920
582,2,400,329,412,339,1035,899,1067,918
583,2,393,331,405,341,1036,897,1069,916
584,2,385,333,397,343,1037,896,1070,914
585,2,379,338,391,348,1037,896,1070,915
586,2,374,342,385,352,1037,898,1071,917
587,2,367,347,379,358,1037,901,1070,918
588,2,360,352,373,363,1037,904,1070,922
589,2,354,356,366,368,1039,906,1071,924
590,2,346,366,359,376,1040,908,1072,926
591,2,340,373,353,383,1041,909,1075,926
592,2,333,379,346,389,1044,908,1077,926
593,2,326,385,339,395,1047,907,1078,924
594,2,318,390,332,400,1047,905,1080,923
595,2,312,394,325,404,1049,905,1080,922
596,2,305,398,318,408,1048,904,1081,923
597,2,298,401,311,411,1048,906,1080,924
598,2,292,404,306,414,1047,908,1078,925
599,2,286,405,300,415,1045,907,1076,925
600,2,279,406,293,416,1044,907,1075,924
601,2,275,405,287,417,1042,905,1075,924
602,2,268,406,281,417,1042,904,1073,921
603,2,262,408,274,419,1040,905,1072,923
604,2,253,410,267,420,1040,904,1071,922
605,2,248,412,261,422,1039,904,1070,921
606,2,240,414,253,424,1038,904,1070,922
607,2,234,417,246,427,1037,904,1068,922
608,2,227,418,241,428,1037,905,1068,922
609,2,222,422,236,432,1037,904,1068,921
610,2,216,423,229,435,1037,904,1068,921
611,2,210,426,224,436,1038,904,1069,922
612,2,206,430,218,440,1039,904,1070,921
613,2,200,432,212,442,1040,904,1070,923
614,2,196,434,209,444,1041,905,1071,924
615,2,191,435,204,445,1040,906,1070,923
616,2,186,434,201,445,1040,906,1070,923
617,2,182,434,196,444,1041,906,1072,924
618,2,179,432,192,445,1040,907,1070,924
619,2,175,429,189,442,1039,910,1070,928
620,2,173,428,187,438,1038,912,1069,930
621,2,168,425,182,437,1037,913,1067,932
622,2,166,422,180,432,1036,913,1066,932
623,2,164,419,178,430,1035,913,1065,932
624,2,161,414,174,425,1033,914,1063,933
625,2,158,407,170,419,1030,914,1060,933
626,2,155,402,168,412,1027,914,1057,933
627,2,151,397,164,407,1025,914,1056,933
628,2,148,393,161,403,1025,913,1056,932
629,2,143,388,156,400,1026,912,1056,931
630,2,138,392,152,402,1029,910,1059,929
631,2,134,394,147,404,1032,910,1062,929
632,2,130,398,143,408,1035,908,1066,928
633,2,126,404,140,414,1042,906,1072,925
634,2,121,408,134,418,1048,904,1076,921
635,2,116,412,129,422,1053,903,1080,921
636,2,113,414,125,424,1055,901,1083,920
637,2,109,414,121,424,1056,899,1083,919
638,1,1057,897,1085,917
639,2,102,408,113,418,1057,892,1085,913
640,2,96,404,110,414,1056,885,1085,905
641,2,90,399,104,411,1057,877,1087,895
642,2,85,396,100,407,1059,869,1088,890
643,2,78,396,90,406,1061,862,1090,883
644,2,72,398,86,408,1063,857,1093,877
645,2,66,402,80,413,1067,853,1096,873
646,2,61,408,73,418,1071,851,1100,870
647,2,54,413,66,423,1076,845,1105,866
648,2,45,425,59,435,1084,837,1114,858
649,2,39,436,51,446,1090,830,1120,851
650,2,33,445,45,455,1096,823,1125,844
651,2,28,452,41,462,1100,815,1130,836
652,2,22,455,36,465,1105,812,1133,831
653,2,18,457,32,467,1107,805,1137,826
654,2,13,459,27,469,1112,801,1142,821
655,2,11,461,23,471,1115,795,1146,815
656,2,5,466,19,476,1121,792,1150,812
657,2,2,467,14,477,1123,790,1153,810
658,2,0,468,11,480,1127,791,1157,811
659,1,1130,793,1160,812
660,1,1134,796,1164,814
661,1,1137,797,1168,815
662,1,1142,795,1172,814
663,1,1145,793,1175,812
664,1,1150,788,1179,808
665,1,1155,785,1183,805
666,1,1158,781,1189,800
667,2,1165,778,1194,796,1232,13,1243,26
668,1,1170,777,1200,795
669,1,1176,776,1205,794
670,1,1180,775,1210,794
671,1,1183,774,1212,793
672,1,1185,773,1215,791
673,1,1188,770,1216,789
674,2,1189,768,1219,787,1203,16,1213,27
675,2,1192,766,1222,784,1199,16,1209,27
676,2,1195,763,1225,783,1195,20,1205,30
677,2,1199,760,1228,779,1189,18,1199,30
678,2,1201,758,1232,776,1183,20,1193,32
679,2,1206,755,1235,772,1177,20,1187,31
680,2,1206,753,1235,772,1171,20,1181,32
681,2,1206,755,1235,773,1170,21,1180,33
682,2,1205,758,1234,776,1170,25,1180,38
683,2,1203,760,1233,781,1171,33,1181,46
684,2,1200,763,1230,783,1170,38,1180,52
685,2,1199,763,1232,784,1169,45,1179,56
686,2,1197,762,1230,782,1165,46,1175,58
687,2,1195,760,1227,780,1160,49,1170,61
688,2,1194,760,1225,780,1158,51,1168,62
689,1,1191,761,1223,781
690,1,1188,763,1217,780
691,1,1185,761,1214,780
692,1,1182,763,1210,781
693,1,1179,763,1206,782
694,1,1175,762,1204,781
695,1,1175,760,1202,778
696,1,1174,755,1201,773
697,1,1175,747,1199,767
698,1,1174,740,1200,760
699,1,1178,731,1202,751
700,2,1180,721,1206,741,1101,58,1112,72
701,2,1183,713,1209,734,1089,54,1100,68
702,2,1189,708,1212,729,1079,52,1090,66
703,2,1192,702,1218,723,1071,51,1081,64
704,2,1196,695,1222,715,1061,49,1071,62
705,2,1201,688,1229,706,1051,48,1061,61
706,2,1206,684,1234,700,1043,46,1053,59
707,2,1212,678,1239,696,1034,45,1044,58
708,2,1218,673,1244,692,1027,46,1037,59
709,2,1225,669,1250,686,1017,47,1027,60
710,2,1230,659,1257,678,1004,49,1014,60
711,2,1237,651,1263,668,989,49,999,62
712,2,1240,639,1267,657,975,49,985,62
713,2,1241,628,1268,646,963,45,973,58
714,2,1242,621,1268,638,951,44,961,57
715,2,1240,614,1267,632,941,42,951,55
716,2,1238,608,1264,625,929,42,939,55
717,2,1235,608,1261,625,917,47,927,60
718,2,1232,612,1256,627,907,54,917,67
719,2,1225,610,1253,627,895,62,906,76
720,2,1218,611,1246,630,884,69,895,83
721,2,1210,612,1237,631,874,75,884,89
722,2,1202,616,1228,633,867,78,878,92
723,2,1193,619,1219,636,859,80,871,95
724,2,1186,622,1212,639,851,86,863,101
725,2,1179,626,1206,642,841,93,853,108
726,2,1175,627,1201,643,829,100,841,115
727,2,1171,626,1196,642,817,107,829,122
728,2,1168,625,1193,640,803,114,815,129
729,2,1166,622,1191,638,791,118,803,133
730,2,1163,620,1188,636,779,122,791,137
731,2,1163,617,1188,633,769,126,781,142
732,2,1164,613,1189,630,760,131,772,147
733,2,1166,612,1191,629,751,136,763,152
734,2,1169,613,1194,630,743,143,755,159
735,2,1173,614,1197,631,739,148,751,164
736,2,1177,616,1201,633,737,153,749,169
737,2,1183,616,1208,633,736,156,748,172
738,2,1189,614,1213,631,734,157,746,173
739,2,1195,614,1219,629,733,157,745,173
740,2,1201,610,1225,627,733,155,745,170
741,2,1207,608,1232,625,733,152,745,168
742,2,1211,610,1237,628,734,149,746,164
743,2,1216,620,1240,636,737,150,749,165
744,2,1219,634,1244,653,741,156,753,171
745,2,1221,650,1245,671,747,162,759,177
746,2,1222,666,1245,685,752,166,765,182
747,2,1221,682,1243,699,756,167,769,183
748,2,1218,687,1242,706,758,168,771,182
749,2,1216,692,1240,710,759,162,771,177
750,2,1215,692,1237,710,757,156,770,169
751,2,1213,690,1234,708,749,146,766,163
752,2,1210,688,1233,706,746,134,762,153
753,2,1206,686,1230,703,740,123,757,142
754,2,1203,684,1225,701,735,113,752,132
755,2,1200,680,1223,698,727,102,742,123
756,2,1198,675,1220,691,717,93,732,115
757,2,1195,672,1217,688,708,84,722,103
758,2,1192,671,1215,688,697,77,713,97
759,2,1191,671,1213,689,688,71,705,90
760,2,1189,668,1211,686,675,65,698,85
761,2,1189,661,1212,679,662,59,682,78
762,2,1189,651,1211,669,644,50,663,70
763,2,1189,639,1211,658,622,43,646,67
764,2,1191,628,1212,647,603,34,627,59
765,2,1192,617,1213,635,579,28,606,54
766,2,1192,609,1211,624,558,21,579,46
767,2,1193,602,1212,615,535,15,559,37
768,2,1193,594,1211,606,512,7,536,34
769,2,490,4,510,26,1195,587,1210,601
770,2,1192,580,1211,597,468,0,490,25
771,2,1193,576,1210,591,444,0,463,18
772,2,1192,571,1211,587,420,0,437,15
773,1,1192,565,1211,581
774,1,1192,558,1211,574
775,1,1193,550,1211,565
776,1,1193,542,1212,558
777,1,1193,535,1211,550
778,1,1192,526,1211,542
779,1,1191,517,1210,533
780,1,1189,507,1208,523
781,1,1186,497,1205,513
782,1,1183,491,1202,507
783,1,1179,486,1197,501
784,1,1176,483,1194,498
785,1,1172,480,1190,495
786,1,1168,482,1186,497
787,1,1164,485,1182,500
788,1,1159,488,1177,503
789,1,1155,492,1173,507
790,1,1151,497,1168,511
791,1,1147,504,1164,518
792,1,1142,511,1159,526
793,1,1138,517,1155,531
794,1,1133,519,1152,536
795,1,1127,518,1147,535
796,1,1125,519,1143,536
797,1,1120,521,1140,538
798,1,1115,524,1137,537
799,1,1115,528,1131,540
800,1,1112,530,1128,543
801,1,1106,532,1123,546
802,1,1104,534,1125,546
803,1,1099,534,1120,548
804,1,1102,539,1119,553
805,1,1101,542,1119,554
806,1,1098,543,1120,556
807,1,1098,545,1116,556
813,1,1089,561,1110,574
814,1,1088,567,1108,581
815,1,1084,571,1106,586
816,1,1082,576,1102,590
817,1,1078,583,1098,599
843,1,1039,610,1058,625
844,1,1041,614,1060,626
845,1,1041,612,1059,629
846,1,1039,618,1060,629
847,1,1040,621,1059,635
848,1,1037,625,1056,638
849,1,1037,627,1053,638
850,1,1035,627,1051,638
851,1,1034,624,1051,638
855,1,1026,631,1046,645
856,1,1024,635,1045,649
857,1,1021,641,1039,657
858,1,1018,646,1037,663
859,1,1016,648,1034,667
860,1,1015,655,1033,668
861,1,1007,652,1029,667
862,1,1000,657,1022,672
863,1,1004,658,1021,671
864,1,1002,659,1020,672
865,1,1000,660,1017,673
866,1,999,661,1019,674
867,1,995,664,1013,680
868,1,993,665,1010,683
877,1,1006,657,1027,671
878,1,1006,661,1023,676
879,1,1008,665,1027,677
880,1,1006,670,1026,681
881,1,1005,675,1025,686
882,1,1002,679,1022,690
883,1,998,685,1018,696
884,1,995,690,1016,701
885,1,990,695,1011,707
886,1,986,702,1008,714
887,1,981,711,1003,723
888,1,979,720,999,731
889,1,976,722,994,735
890,1,972,724,991,736
891,1,969,725,987,737
892,1,966,724,984,736
893,1,963,722,981,734
894,1,959,722,979,734
895,1,956,721,977,734
896,1,956,722,976,734
897,1,956,721,975,733
898,1,955,718,975,732
899,1,955,718,974,730
900,1,954,716,973,730
901,1,954,715,974,729
902,1,952,714,973,728
903,1,952,716,972,729
904,1,952,718,971,732
905,1,949,722,968,736
906,1,945,730,966,742
907,1,942,731,964,746
908,1,938,734,960,747
909,1,936,736,957,749
910,1,933,738,954,752
911,1,930,741,951,753
912,1,926,744,948,758
913,1,922,748,945,762
914,1,919,752,941,767
915,1,916,755,938,770
916,1,913,757,935,772
917,1,911,761,932,775
918,1,908,761,930,777
919,1,905,763,928,778
920,1,903,763,926,779
921,1,902,764,924,778
922,1,901,760,922,776
923,1,897,760,919,777
924,1,891,764,913,781
925,1,884,772,905,787
926,1,875,776,897,792
927,1,868,779,890,795
928,1,861,781,885,796
929,1,856,783,879,798
930,1,851,785,874,800
931,1,848,788,871,803
932,1,845,793,867,808
933,1,843,798,866,813
934,1,842,801,865,816
935,1,842,803,865,818
936,1,842,805,865,820
937,1,840,807,863,822
938,1,839,811,862,826
939,1,837,816,860,831
940,1,833,823,857,838
941,1,831,831,854,846
942,1,828,839,851,854
943,1,826,847,850,862
944,1,825,855,848,870
945,1,824,862,848,877
946,1,825,865,849,880
947,1,827,865,851,881
948,1,830,860,854,875
949,1,832,853,856,869
950,1,833,845,857,861
951,1,834,839,858,855
952,1,834,837,858,853
953,1,833,837,857,853
954,1,832,837,856,852
955,1,831,839,855,855
956,1,829,840,853,856
957,1,826,842,850,858
958,1,825,842,849,858
959,1,823,841,847,857
960,1,821,841,845,857
961,1,820,837,844,853
962,1,819,835,843,851
963,1,819,832,843,848
964,1,818,830,843,846
965,1,817,829,841,845
966,1,816,828,840,844
967,1,814,829,838,845
968,1,812,830,837,846
969,1,811,834,836,850
970,1,810,837,835,853
971,1,810,841,835,857
972,1,810,844,835,860
973,1,811,848,836,864
974,1,812,851,837,867
975,1,813,854,838,870
976,1,815,856,840,873
977,1,818,860,843,876
978,1,821,862,846,879
979,1,825,864,850,880
980,1,828,866,853,882
981,1,830,868,855,884
982,1,831,872,856,889
983,1,832,874,857,891
984,1,834,876,860,893
985,1,835,877,861,894
986,1,835,879,861,895
987,1,833,882,859,898
988,1,829,885,855,901
989,1,825,887,852,903
990,1,822,887,847,902
991,1,820,888,844,903
992,1,818,887,843,902
993,1,818,886,843,901
994,1,817,885,842,900
995,1,817,885,842,900
996,1,816,885,841,900
997,1,816,885,841,900
998,1,817,885,841,899
999,1,819,885,844,900
1000,1,821,886,846,901
1001,1,822,888,847,903
1002,1,822,888,847,903
1003,1,822,888,847,903
1004,1,823,886,848,901
1005,1,825,885,850,900
1006,1,827,884,852,899
1007,1,829,885,854,900
1008,1,832,886,857,901
1009,1,835,886,860,901
1010,1,840,885,865,900
1011,1,845,883,870,898
1012,1,850,880,875,895
1013,1,855,878,880,893
1014,1,861,876,886,891
1015,1,867,874,891,889
1016,1,875,872,900,887
1017,1,883,869,908,884
1018,1,891,864,916,879
1019,1,899,859,924,874
1020,1,906,852,931,867
1021,1,913,847,938,862
1022,1,917,844,942,859
1023,1,920,843,945,858
1024,1,920,844,945,859
1025,1,917,845,943,860
1026,1,915,847,940,862
1027,1,912,848,937,863
1028,1,910,848,936,863
1029,1,907,848,932,863
1030,1,905,846,931,862
1031,2,902,846,928,861,625,102,635,112
1032,3,899,844,925,859,1005,0,1016,12,619,102,629,112
1033,3,896,845,922,860,614,103,624,113,998,4,1009,16
1034,3,893,846,919,861,991,9,1001,19,606,107,616,117
1035,3,890,847,916,862,600,111,611,121,983,13,994,25
1036,3,888,849,914,864,975,21,986,31,592,115,602,125
1037,3,884,851,910,867,586,119,596,129,968,27,980,38
1038,3,882,854,908,870,962,32,972,43,580,123,591,133
1039,3,881,852,907,874,953,39,964,51,573,129,585,139
1040,3,882,853,908,875,945,43,956,55,566,133,578,144
1041,3,884,853,910,875,936,48,948,61,559,136,571,149
1042,3,887,853,913,875,927,50,939,63,552,141,563,153
1043,3,890,851,915,872,918,52,930,65,544,145,555,157
1044,3,894,849,920,871,911,54,923,67,539,148,550,159
1045,3,899,849,924,870,905,56,917,69,535,151,546,163
1046,3,905,849,930,870,899,58,911,71,531,155,542,167
1047,3,909,853,937,870,894,60,906,73,527,163,538,173
1048,3,916,853,944,870,890,62,902,75,524,166,535,176
1049,3,923,853,951,868,886,64,898,77,522,171,533,181
1050,3,930,852,958,867,883,68,895,81,521,175,532,185
1051,3,937,850,965,865,880,70,892,83,520,179,531,189
1052,3,942,850,970,865,879,72,890,84,519,181,530,191
1053,3,945,852,973,867,879,74,891,87,521,182,531,192
1054,3,948,854,976,869,881,78,893,91,523,184,533,194
1055,3,949,855,977,870,883,82,895,95,525,185,535,195
1056,3,949,858,977,873,887,86,899,99,528,184,538,194
1057,3,949,860,977,875,889,90,901,103,531,185,542,196
1058,3,949,862,977,877,891,94,903,107,532,184,543,195
1059,3,948,861,976,876,893,97,905,110,534,184,544,194
1060,3,947,860,975,875,895,99,907,112,534,180,545,191
1061,3,946,859,974,874,895,99,907,112,535,178,545,188
1062,3,945,856,973,871,897,100,909,113,535,175,545,185
1063,3,945,856,973,871,896,100,908,113,534,172,545,183
1064,3,945,853,973,868,894,102,906,115,531,172,541,182
1065,3,946,851,974,866,890,103,901,115,529,171,539,181
1066,3,947,848,975,863,886,102,897,114,524,170,534,180
1067,3,949,846,977,861,880,103,892,116,518,170,528,180
1068,3,952,842,980,857,873,103,885,116,513,172,523,182
1069,3,955,839,983,854,866,104,878,117,506,174,516,184
1070,3,958,837,986,852,858,105,870,117,498,176,508,186
1071,3,961,833,989,848,850,105,862,118,490,180,501,190
1072,3,965,831,993,846,841,107,853,120,485,183,495,193
1073,3,967,831,995,846,834,110,846,123,479,186,489,196
1074,3,969,831,997,846,827,113,839,126,472,191,482,201
1075,3,971,831,999,846,820,116,832,129,466,196,476,206
1076,3,973,831,1001,846,815,120,827,133,461,199,471,209
1077,3,975,830,1003,845,809,124,821,137,455,203,465,213
1078,3,979,829,1007,844,802,126,814,139,450,207,460,217
1079,3,982,827,1010,842,795,130,807,143,443,211,453,221
1080,3,986,826,1014,841,788,133,800,146,437,217,447,227
1081,3,990,823,1018,838,781,136,793,149,431,221,441,231
1082,3,994,821,1022,836,774,138,786,151,425,225,435,235
1083,3,996,822,1023,837,769,140,781,153,421,229,431,239
1084,3,998,821,1026,836,764,144,776,157,416,231,426,241
1085,3,1000,821,1028,836,759,146,771,159,412,235,422,245
1086,3,1002,821,1030,836,755,148,767,161,408,237,418,247
1087,3,1003,820,1031,835,751,152,763,165,404,239,414,249
1088,3,1004,821,1032,836,747,154,759,167,400,241,410,251
1089,3,1005,823,1033,838,743,158,754,170,396,243,406,253
1090,3,1005,824,1032,839,740,162,752,175,393,245,403,255
1091,3,1004,823,1032,838,735,164,747,177,388,245,398,255
1092,3,1004,823,1031,838,731,164,743,177,384,246,394,256
1093,3,1003,823,1031,838,727,166,739,179,380,246,390,256
1094,3,1003,824,1031,839,722,168,734,181,375,247,385,257
1095,3,1001,824,1029,839,718,170,730,183,370,246,380,256
1096,3,999,827,1026,842,715,172,727,185,367,246,377,256
1097,3,996,830,1023,845,712,174,724,187,364,245,374,255
1098,3,992,834,1020,849,709,178,721,191,360,245,370,255
1099,3,990,838,1018,853,706,181,718,194,357,245,367,255
1100,3,988,841,1015,856,702,186,713,198,352,245,362,255
1101,3,987,841,1015,856,696,189,708,201,347,247,357,257
1102,3,987,840,1014,855,690,191,701,203,341,250,351,260
1103,3,987,838,1015,853,682,192,694,204,334,250,345,261
1104,3,989,835,1017,850,675,193,687,206,326,252,337,263
1105,3,992,829,1019,844,666,194,678,207,319,256,329,266
1106,3,995,824,1023,839,657,195,669,208,309,260,319,270
1107,3,999,819,1027,834,647,196,659,209,301,265,311,275
1108,3,1003,812,1030,827,639,196,651,209,293,270,303,280
1109,3,1007,807,1034,822,631,198,643,211,285,274,295,284
1110,3,1011,801,1038,816,622,198,634,211,278,278,288,288
1111,3,1013,799,1040,814,615,201,627,214,272,282,282,292
1112,3,1015,798,1043,813,609,204,621,217,267,286,277,296
1113,3,1017,799,1044,814,604,208,616,220,261,290,271,300
1114,3,1019,801,1046,816,597,213,609,226,257,294,267,304
1115,3,1019,804,1047,819,593,218,605,231,253,298,263,308
1116,3,1019,808,1047,823,589,224,601,237,250,303,260,313
1117,3,1019,812,1046,827,583,231,595,244,245,307,255,317
1118,3,1019,816,1047,831,578,238,591,252,240,313,250,323
1119,3,1018,819,1045,834,571,246,583,259,233,318,243,328
1120,2,1016,821,1043,836,564,252,576,265
1121,2,1014,820,1040,835,556,257,567,269
1122,2,1010,820,1036,835,548,260,559,272
1123,2,1006,822,1032,837,540,263,551,275
1124,2,1001,825,1027,840,532,267,543,279
1125,2,996,829,1022,844,524,272,535,284
1126,2,991,834,1017,849,515,278,526,290
1127,2,986,838,1012,853,506,285,517,297
1128,2,981,843,1007,858,497,291,508,303
1129,2,975,846,1001,861,489,297,501,307
1130,2,968,846,994,861,480,299,492,309
1131,2,962,845,988,860,472,299,484,309
1132,3,957,844,983,859,463,299,475,309,126,326,137,336
1133,3,953,842,979,857,454,299,466,309,117,324,128,334
1134,3,951,839,977,854,443,299,456,309,108,324,120,335
1135,3,951,838,976,853,435,302,448,312,100,326,112,337
1136,3,952,837,978,852,427,306,440,316,93,330,105,340
1137,3,953,837,979,852,419,311,432,321,86,334,98,345
1138,3,952,840,978,855,414,315,427,325,82,336,94,347
1139,3,951,846,977,861,412,318,425,328,80,335,92,346
1140,3,949,850,975,865,411,319,424,329,80,330,92,341
1141,3,948,853,974,868,411,319,424,329,81,324,93,335
1142,3,949,857,975,872,411,320,424,330,81,320,93,331
1143,3,953,859,979,874,410,322,423,332,81,321,93,332
1144,3,960,859,986,874,407,329,420,339,80,327,92,337
1145,3,965,861,993,877,405,336,418,346,79,333,91,343
1146,3,969,867,996,882,405,340,418,350,80,335,92,345
1147,4,970,876,995,891,407,342,420,352,84,332,96,342,512,517,522,528
1148,4,966,885,992,900,411,342,424,352,88,323,98,333,512,518,524,528
1149,4,961,898,990,914,416,342,429,352,94,314,104,324,516,519,526,529
1150,4,961,909,988,923,420,344,433,354,100,307,110,317,518,524,529,534
1151,4,961,910,988,924,421,343,434,353,104,301,114,311,519,522,530,532
1152,4,962,907,989,921,421,340,434,350,105,294,115,304,520,519,531,529
1153,4,963,901,990,915,419,333,432,343,105,286,115,296,521,510,531,520
1154,4,963,891,990,905,417,323,430,333,102,277,112,287,520,499,530,509
1155,4,963,883,989,897,415,315,428,325,101,268,111,278,520,489,530,501
1156,3,963,873,990,887,412,305,425,315,518,480,530,490
1157,3,963,864,990,878,409,294,422,304,518,467,528,478
1158,3,963,855,990,869,407,286,418,296,515,458,526,468
1159,4,960,849,986,863,404,278,415,288,89,232,99,242,513,450,523,460
1160,4,956,849,982,863,401,269,412,279,87,220,97,230,512,443,522,453
1161,3,951,848,978,862,398,263,409,273,509,437,519,447
1162,4,948,848,976,862,395,258,406,268,84,200,94,210,505,433,515,444
1163,3,948,847,974,860,391,256,402,266,502,432,512,442
1164,3,950,843,976,857,384,256,395,266,498,431,508,441
1165,3,953,834,980,848,375,256,386,266,492,430,503,441
1166,3,957,825,984,839,365,257,376,267,487,429,497,439
1167,3,960,818,987,832,356,258,367,268,480,428,491,438
1168,3,964,809,990,823,345,260,356,270,474,426,485,436
1169,3,968,800,994,813,335,262,346,272,469,425,479,435
1170,3,972,791,998,804,324,264,336,275,462,425,472,435
1171,3,976,782,1002,795,314,265,326,276,458,426,468,436
1172,3,979,776,1005,789,304,268,316,279,453,426,463,436
1173,3,983,768,1009,781,296,272,308,283,447,427,457,437
1174,3,987,768,1013,781,287,278,299,289,442,432,454,442
1175,3,993,770,1019,784,280,290,292,301,439,443,449,454
1176,3,999,766,1025,779,276,299,287,309,438,448,448,459
1177,3,1006,755,1032,768,272,299,283,309,437,446,447,457
1178,3,1013,746,1039,759,268,298,279,308,438,440,448,451
1179,3,1022,736,1048,749,264,300,275,310,438,440,448,451
1180,3,1031,730,1057,743,261,304,272,314,440,441,450,452
1181,3,1040,732,1066,745,259,311,270,321,441,446,451,457
1182,3,1047,736,1073,749,258,321,269,331,443,454,453,465
1183,3,1054,743,1080,756,258,331,269,341,443,464,453,475
1184,3,1061,751,1087,764,256,343,267,353,444,476,454,487
1185,3,1067,760,1093,774,255,355,266,365,443,487,453,498
1186,3,1071,767,1097,780,253,365,264,375,443,497,453,508
1187,3,1076,770,1102,783,249,371,260,381,441,502,452,514
1188,3,1079,770,1105,783,246,377,257,387,439,506,450,518
1189,3,1083,767,1109,780,241,381,252,391,436,509,446,520
1190,3,1087,764,1113,778,235,386,246,396,434,512,444,523
1191,3,1090,761,1116,775,229,392,240,402,430,516,440,527
1192,3,1094,758,1120,771,221,399,232,409,426,520,436,531
1193,3,1097,756,1123,769,214,407,225,417,422,526,432,537
1194,3,1100,753,1127,767,206,416,217,426,417,532,427,543
1195,3,1103,751,1129,764,198,425,210,436,413,539,423,550
1196,3,1106,750,1132,764,190,434,202,445,408,546,418,557
1197,3,1109,748,1136,762,182,445,194,456,403,554,413,565
1198,3,1112,745,1138,758,175,457,187,468,399,564,409,575
1199,3,1116,738,1144,753,167,469,178,479,395,570,405,581
1200,3,1120,729,1146,742,159,480,170,490,391,576,401,587
1201,3,1122,722,1148,735,151,489,163,500,386,582,396,593
1202,3,1122,717,1148,730,143,497,154,507,381,586,391,597
1203,3,1122,713,1148,726,135,503,147,514,376,588,386,599
1204,3,1122,710,1148,723,127,508,139,518,370,592,380,603
1205,3,1121,710,1147,723,119,514,131,524,364,597,374,608
1206,3,1119,711,1145,724,110,520,122,530,356,601,367,613
1207,3,1117,712,1143,725,100,526,113,537,350,608,360,620
1208,3,1115,714,1141,727,92,534,104,544,342,614,352,625
1209,2,1112,717,1138,730,335,622,346,633
1210,2,1109,720,1135,733,327,630,338,641
1211,2,1105,722,1130,734,318,635,329,646
1212,2,1099,727,1124,739,308,637,319,648
1213,2,1093,735,1118,747,297,638,308,649
1214,2,1086,742,1111,754,287,639,298,650
1215,2,1080,748,1105,760,277,640,288,651
1216,2,1074,754,1099,766,267,641,279,653
1217,2,1069,759,1094,771,258,642,269,653
1218,2,1064,765,1090,777,249,644,261,656
1219,2,1060,773,1084,785,240,644,252,656
1220,2,1055,780,1079,792,232,644,243,655
1221,2,1051,785,1075,796,224,643,235,654
1222,2,1047,792,1071,804,216,644,227,655
1223,2,1044,797,1068,808,209,644,220,655
1224,2,1043,802,1067,813,204,645,216,657
1225,2,1041,804,1066,817,198,646,209,657
1226,2,1040,807,1064,820,192,646,204,658
1227,2,1040,809,1064,822,187,648,198,659
1228,2,1039,812,1063,825,182,648,194,660
1229,2,1039,815,1063,828,178,650,189,661
1230,2,1038,816,1062,829,173,650,184,661
1231,2,1037,821,1061,834,169,648,181,660
1232,2,1035,824,1059,837,165,644,177,656
1233,2,1034,826,1058,839,161,638,172,649
1234,2,1034,828,1058,841,160,633,171,645
1235,2,1035,827,1059,839,158,631,169,643
1236,2,1038,825,1062,837,157,629,168,641
1237,2,1042,821,1066,834,156,629,167,641
1238,2,1046,813,1072,827,157,628,168,640
1239,2,1050,806,1076,820,157,625,168,637
1240,2,1053,800,1078,814,157,622,168,634
1241,2,1057,795,1082,809,157,620,168,632
1242,2,1062,792,1088,806,158,620,169,632
1243,2,1066,788,1092,802,158,619,169,631
1244,2,1070,785,1096,799,158,618,169,630
1245,2,1074,781,1100,795,159,615,170,627
1246,2,1078,777,1104,791,159,613,170,625
1247,2,1081,775,1106,789,159,610,170,622
1248,2,1084,775,1109,789,158,607,169,619
1249,2,1087,775,1112,789,158,604,169,616
1250,2,1090,773,1115,787,157,602,168,614
1251,2,1094,769,1119,782,157,598,168,610
1252,2,1097,766,1122,779,156,593,167,605
1253,2,1100,762,1125,775,156,590,167,602
1254,2,1104,758,1129,772,155,588,166,600
1255,2,1107,754,1132,767,154,585,165,597
1256,2,1111,749,1135,762,153,583,164,595
1257,2,1114,745,1139,759,151,581,162,593
1258,2,1118,737,1142,754,150,580,161,592
1259,2,1122,731,1144,748,149,578,160,590
1260,2,1125,724,1147,741,147,578,158,590
1261,2,1129,717,1150,733,144,577,155,589
1262,2,1132,711,1153,727,141,577,152,589
1263,2,1134,704,1155,720,137,577,148,589
1264,2,1136,697,1157,713,133,577,144,589
1265,2,1137,689,1159,705,129,578,140,590
1266,2,1139,683,1160,699,123,581,134,593
1267,1,1141,677,1162,693
1268,1,1142,671,1163,687
1269,1,1141,665,1162,681
1270,1,1141,663,1162,679
1271,1,1140,659,1161,675
1272,1,1138,656,1159,672
1273,1,1136,652,1157,668
1274,2,1134,647,1155,663,61,624,71,634
1275,2,1132,641,1153,657,50,630,61,642
1276,2,1129,635,1150,651,40,640,51,653
1277,2,1128,631,1149,647,32,650,42,663
1278,2,1127,627,1148,643,22,660,33,674
1279,2,1126,623,1147,639,14,672,24,686
1280,2,1126,621,1147,637,5,685,15,699
1281,2,1127,618,1147,634,0,700,10,712
1282,1,1128,611,1148,629
1283,1,1130,604,1150,622
1284,1,1133,598,1153,616
1285,1,1137,592,1156,610
1286,1,1141,586,1161,604
1287,1,1146,581,1166,599
1288,1,1149,578,1172,596
1289,1,1154,578,1177,596
1290,1,1158,582,1181,598
1291,1,1162,586,1185,602
1292,1,1166,589,1189,605
1293,1,1169,594,1192,610
1294,1,1171,599,1195,615
1295,1,1173,604,1196,620
1296,1,1174,608,1197,624
1297,1,1175,610,1198,626
1298,1,1175,611,1198,627
1299,1,1175,612,1198,628
1300,1,1175,614,1198,630
1301,1,1174,614,1197,630
1302,1,1173,614,1196,630
1303,1,1173,615,1195,630
1304,1,1173,614,1196,630
1305,1,1173,613,1195,628
1306,1,1174,611,1196,626
1307,1,1175,608,1197,623
1308,1,1175,606,1197,621
1309,1,1177,604,1199,619
1310,1,1178,602,1200,617
1311,1,1179,600,1201,615
1312,1,1180,596,1202,611
1313,1,1181,590,1202,605
1314,1,1182,582,1204,597
1315,1,1183,575,1204,590
1316,1,1182,568,1204,583
1317,1,1182,562,1203,577
1318,1,1182,558,1204,573
1319,1,1182,555,1204,570
1320,1,1182,552,1204,567
1321,1,1182,550,1204,565
1322,1,1182,548,1204,563
1323,1,1182,548,1204,563
1324,1,1181,550,1203,565
1325,1,1181,553,1202,568
1326,1,1180,557,1201,572
1327,1,1180,560,1201,575
1328,1,1179,564,1200,579
1329,1,1178,567,1199,582
1330,1,1176,569,1197,584
1331,1,1175,569,1196,583
1332,1,1174,568,1195,582
1333,1,1173,563,1193,577
1334,1,1171,556,1192,571
1335,1,1170,549,1191,563
1336,1,1171,543,1191,557
1337,1,1169,537,1189,550
1338,1,1169,531,1188,545
1339,1,1168,527,1188,541
1340,1,1167,524,1186,537
1341,1,1166,521,1186,536
1342,1,1164,521,1184,535
1343,1,1162,521,1181,534
1344,1,1159,521,1178,534
1345,1,1157,523,1176,535
1346,1,1154,525,1173,537
1347,1,1150,525,1169,537
1348,1,1146,524,1165,536
1349,1,1142,524,1162,536
1350,1,1139,523,1159,535
1351,1,1135,523,1154,535
1352,1,1132,523,1151,535
1353,1,1128,524,1147,536
1354,1,1125,527,1143,538
1355,1,1122,531,1140,542
1356,1,1119,535,1137,547
1357,1,1117,539,1135,550
1358,1,1115,542,1133,553
1359,1,1114,546,1132,558
1360,1,1113,549,1131,561
1361,1,1113,552,1131,563
1362,1,1112,555,1130,566
1363,1,1112,559,1130,570
1364,1,1113,563,1131,574
1365,1,1113,567,1131,578
1366,1,1113,569,1131,580
1367,1,1113,573,1133,584
1368,1,1116,576,1133,588
1369,1,1115,578,1131,590
1370,1,1114,583,1131,594
1371,1,1115,586,1132,597
1372,1,1115,588,1132,599
1373,1,1114,588,1132,602
1374,1,1110,591,1130,602
1375,1,1109,594,1128,606
1376,1,1107,594,1125,608
1377,1,1105,598,1123,611
1378,1,1104,596,1122,611
1390,1,1085,597,1108,610
1391,1,1090,596,1110,611
1392,1,1086,596,1108,610
1405,1,1071,594,1093,607
1406,1,1071,596,1091,609
1407,1,1071,598,1091,608
1408,1,1070,596,1090,609
1409,1,1069,593,1088,606
1410,1,1068,590,1088,603
1411,1,1069,588,1090,602
1412,1,1072,586,1090,599
1413,1,1073,588,1088,598
1414,1,1071,586,1090,598
1419,1,1071,590,1093,604
1420,1,1072,592,1094,606
1421,1,1072,593,1095,607
1422,1,1073,593,1096,607
1423,1,1072,591,1096,607
1424,1,1072,591,1096,607
1425,1,1072,591,1096,607
1426,1,1070,598,1091,611
1427,1,1070,603,1090,615
1428,1,1068,606,1088,620
1429,1,1069,610,1086,624
1430,1,1063,616,1080,628
1431,1,1064,619,1082,629
1433,1,1055,623,1076,633
1434,1,1055,623,1076,633
1435,1,1051,626,1073,636
1436,1,1051,626,1073,636
1437,1,1052,625,1072,640
1438,1,1049,635,1071,646
1439,1,1046,636,1068,650
1440,1,1046,637,1067,651
1441,1,1045,638,1066,651
1442,1,1044,641,1065,655
1443,1,1043,644,1064,658
1444,1,1041,649,1062,663
1445,1,1040,653,1061,667
1446,1,1037,659,1058,673
1447,1,1033,662,1056,680
1448,1,1031,668,1054,684
1449,1,1028,673,1051,689
1450,1,1025,677,1048,693
1451,1,1022,683,1045,699
1452,1,1018,688,1041,704
1453,1,1013,694,1037,710
1454,1,1009,699,1032,715
1455,1,1005,704,1028,720
1456,1,1000,710,1024,726
1457,1,995,717,1019,733
1458,1,990,726,1014,743
1459,1,984,733,1008,750
1460,1,980,739,1004,756
1461,1,975,744,999,761
1462,1,970,749,993,764
1463,1,964,754,987,769
1464,1,959,759,982,774
1465,1,952,764,975,779
1466,1,946,769,969,784
1467,1,939,775,962,790
1468,1,933,781,956,796
1469,1,927,787,950,802
1470,1,921,790,944,805
1471,1,918,793,941,808
1472,1,915,794,938,809
1473,1,915,792,939,807
1474,1,916,791,940,807
1475,1,918,791,941,806
1476,1,922,787,945,802
1477,1,928,783,952,799
1478,1,933,780,957,796
1479,1,937,780,963,795
1480,1,941,781,967,796
1481,1,944,787,970,802
1482,1,946,794,972,809
1483,1,946,804,972,819
1484,1,946,816,972,831
1485,1,945,825,972,840
1486,1,943,832,969,847
1487,1,941,838,968,853
1488,1,938,843,965,859
1489,1,934,846,961,862
1490,1,929,848,956,863
1491,1,924,848,950,864
1492,1,918,850,943,865
1493,1,910,849,935,864
1494,1,902,848,927,863
1495,1,896,846,921,861
1496,1,893,843,919,859
1497,1,893,844,919,860
1498,1,893,845,918,860
1499,1,893,846,918,862
1500,1,893,845,918,861
1501,1,893,843,919,859
1502,1,893,842,919,858
1503,1,894,841,920,857
1504,1,896,837,922,853
1505,1,899,830,925,846
1506,1,902,824,928,840
1507,1,904,820,930,836
1508,1,905,818,931,834
1509,1,905,822,932,838
1510,1,903,831,929,847
1511,1,902,841,929,857
1512,1,901,850,928,867
1513,1,901,857,928,873
1514,1,902,860,929,877
1515,1,905,860,932,877
1516,1,909,859,936,876
1517,1,914,858,941,874
1518,1,919,858,946,875
1519,1,925,858,952,875
1520,1,930,860,958,877
1521,1,936,862,963,879
1522,1,940,864,967,881
1523,1,941,866,968,883
1524,1,939,869,966,886
1525,1,935,872,963,889
1526,1,929,875,957,892
1527,1,921,879,949,896
1528,1,913,883,941,900
1529,1,906,888,934,905
1530,1,898,893,926,910
1531,1,891,896,919,913
1532,1,884,897,912,914
1533,1,877,898,904,915
1534,1,870,899,897,916
1535,1,865,899,892,916
1536,1,860,901,887,918
1537,1,854,902,881,919
1538,1,851,901,878,918
1539,1,849,897,878,915
1540,1,853,894,880,910
1541,1,854,892,881,908
1542,1,858,891,883,906
1543,1,861,890,888,906
1544,1,867,891,893,906
1545,1,875,893,900,908
1546,1,879,895,906,911
1547,1,884,898,911,914
1548,1,891,900,916,915
1549,1,892,903,920,917
1550,1,896,905,924,919
1551,1,902,907,930,921
1552,1,908,908,936,922
1553,1,914,910,942,924
1554,1,918,911,946,925
1555,1,921,913,950,928
1556,1,922,913,950,927
1557,1,921,911,949,925
1558,1,917,910,945,924
1559,1,914,910,942,924
1560,1,911,911,940,925
1561,1,908,913,935,927
1562,1,904,915,932,929
1563,1,899,916,927,930
1564,1,895,915,922,929
1565,1,890,912,918,926
1566,1,888,910,916,924
1567,1,889,908,917,922
1568,1,890,904,918,918
1569,1,889,901,916,915
1570,1,886,900,913,914
1571,1,883,900,910,914
1572,1,880,903,907,917
1573,1,879,905,907,919
1574,1,880,907,907,921
1575,1,882,908,910,922
1576,1,885,909,911,922
1577,1,885,910,913,924
1578,1,886,911,913,925
1579,1,887,912,914,926
1580,1,891,909,917,922
1581,1,896,904,923,918
1582,1,904,898,932,912
1583,1,914,891,942,905
1584,1,926,885,954,899
1585,1,939,876,967,890
1586,1,953,867,981,881
1587,1,965,859,993,873
1588,1,976,852,1004,866
1589,1,985,847,1013,861
1590,1,993,842,1021,856
1591,1,999,838,1027,852
1592,1,1004,836,1032,850
1593,1,1006,832,1034,846
1594,1,1008,829,1036,843
1595,1,1010,827,1038,841
1596,1,1012,827,1040,841
1597,1,1012,828,1040,842
1598,1,1011,829,1039,843
1599,1,1009,830,1037,844
1600,1,1007,830,1035,844
1601,1,1004,829,1032,843
1602,1,1001,828,1029,842
1603,1,997,825,1025,839
1604,1,992,820,1020,834
1605,1,986,813,1014,827
1606,1,978,811,1006,825
1607,1,970,812,998,826
1608,1,963,815,990,829
1609,1,956,821,983,835
1610,1,950,825,977,839
1611,1,946,827,973,841
1612,2,944,827,971,841,899,9,910,19
1613,2,942,825,969,839,884,15,895,25
1614,2,942,820,969,834,868,18,881,28
1615,2,943,816,970,830,854,19,867,29
1616,2,945,811,972,825,841,20,854,30
1617,2,949,807,976,821,828,21,841,31
1618,2,954,806,980,819,814,24,827,34
1619,2,960,806,985,819,801,31,814,41
1620,2,962,807,989,821,790,38,803,48
1621,2,964,809,991,823,782,46,795,56
1622,2,964,814,991,828,777,52,790,62
1623,2,964,820,991,834,774,60,787,70
1624,2,962,826,990,840,771,70,785,80
1625,2,961,831,988,845,769,78,782,88
1626,2,958,836,985,850,767,84,780,94
1627,2,955,843,982,857,766,92,779,102
1628,2,952,849,979,863,763,100,776,110
1629,2,950,854,977,868,760,108,773,118
1630,2,949,859,976,873,756,116,769,126
1631,2,947,861,974,875,750,123,763,133
1632,2,945,861,972,875,743,127,756,137
1633,2,941,864,968,878,739,131,752,141
1634,2,934,869,961,883,735,136,748,146
1635,2,927,872,954,886,732,140,745,150
1636,2,919,874,945,888,730,145,743,155
1637,2,908,879,934,893,728,146,741,156
1638,2,897,882,923,896,727,150,740,160
1639,2,885,887,912,901,725,152,739,163
1640,2,874,892,900,906,724,156,738,167
1641,2,863,895,890,909,723,159,737,169
1642,2,853,897,880,911,720,163,734,174
1643,2,845,897,871,910,718,164,732,174
1644,2,838,900,864,914,715,164,729,175
1645,2,832,902,858,916,713,166,727,176
1646,2,828,903,854,916,711,168,725,178
1647,2,826,903,853,917,708,170,722,180
1648,2,826,900,854,915,705,170,718,180
1649,2,830,899,856,912,700,169,713,179
1650,2,834,897,860,910,697,169,710,179
1651,2,839,895,865,909,694,168,708,179
1652,2,843,894,871,909,692,168,706,178
1653,2,849,894,875,908,691,169,704,179
1654,2,855,894,881,908,691,169,704,179
1655,2,861,893,887,906,691,170,705,180
1656,2,865,892,891,906,692,169,706,180
1657,2,871,893,897,906,693,169,707,180
1658,2,876,893,902,907,694,169,708,180
1659,2,880,894,906,907,696,171,709,181
1660,2,885,895,911,908,696,172,709,182
1661,2,888,896,914,910,697,174,710,184
1662,2,891,897,917,910,698,174,711,184
1663,2,892,897,918,911,699,175,712,185
1664,2,893,896,919,909,700,174,713,184
1665,2,892,893,919,907,702,171,714,182
1666,2,891,889,918,903,702,168,714,179
1667,2,888,885,915,899,701,163,713,174
1668,2,886,882,913,896,698,158,710,169
1669,2,884,878,911,892,696,155,707,165
1670,2,883,876,910,890,691,152,703,163
1671,2,883,876,910,890,685,151,697,162
1672,2,884,876,911,890,676,153,688,164
1673,2,886,877,913,891,667,158,678,168
1674,2,888,879,915,893,658,162,670,173
1675,2,891,880,919,894,647,167,659,178
1676,2,894,879,921,893,636,171,648,182
1677,2,897,879,924,893,625,175,637,186
1678,2,898,877,925,891,616,178,627,188
1679,2,899,876,926,890,608,179,619,189
1680,2,901,876,928,890,600,182,611,192
1681,2,905,877,932,891,592,187,604,198
1682,2,910,877,937,891,582,193,594,204
1683,2,913,876,940,890,574,198,586,209
1684,2,915,873,942,887,566,199,578,210
